7625.0	3.58437e-05
7630.0	4.68427e-05
7635.0	5.93428e-05
7640.0	7.49059e-05
7645.0	8.86738e-05
7650.0	0.000105206
7655.0	0.000122471
7660.0	0.000137881
7665.0	0.000153318
7670.0	0.000166783
7675.0	0.00017983
7680.0	0.00019195
7685.0	0.000201673
7690.0	0.00021216
7695.0	0.000218693
7700.0	0.000224884
7705.0	0.000233909
7710.0	0.000241822
7715.0	0.000248605
7720.0	0.000254452
7725.0	0.000264366
7730.0	0.000273201
7735.0	0.000284823
7740.0	0.000296687
7745.0	0.000315217
7750.0	0.000332549
7755.0	0.000357333
7760.0	0.000384684
7765.0	0.000416461
7770.0	0.000451551
7775.0	0.000493398
7780.0	0.000539472
7785.0	0.000590325
7790.0	0.000648167
7795.0	0.000715421
7800.0	0.000794621
7805.0	0.000880988
7810.0	0.000982783
7815.0	0.00109895
7820.0	0.00123433
7825.0	0.00139014
7830.0	0.00156587
7835.0	0.00176671
7840.0	0.001993
7845.0	0.00224496
7850.0	0.00252774
7855.0	0.00283798
7860.0	0.00316598
7865.0	0.00353107
7870.0	0.00391374
7875.0	0.00430825
7880.0	0.00472545
7885.0	0.00512373
7890.0	0.00554631
7895.0	0.00595264
7900.0	0.00635429
7905.0	0.00676194
7910.0	0.00715676
7915.0	0.00755233
7920.0	0.00796766
7925.0	0.0083859
7930.0	0.00883632
7935.0	0.00931735
7940.0	0.00983412
7945.0	0.0104129
7950.0	0.0110478
7955.0	0.0117468
7960.0	0.0125556
7965.0	0.0134374
7970.0	0.0144543
7975.0	0.0156062
7980.0	0.0168776
7985.0	0.0183585
7990.0	0.019962
7995.0	0.0218428
8000.0	0.0239142
8005.0	0.0261244
8010.0	0.0285736
8015.0	0.0312366
8020.0	0.0339239
8025.0	0.036822
8030.0	0.0397406
8035.0	0.0425677
8040.0	0.0453839
8045.0	0.0479385
8050.0	0.0502903
8055.0	0.0523595
8060.0	0.0540945
8065.0	0.0555397
8070.0	0.0567438
8075.0	0.0576926
8080.0	0.0584892
8085.0	0.0591965
8090.0	0.0598548
8095.0	0.0604796
8100.0	0.0610654
8105.0	0.0616481
8110.0	0.0622319
8115.0	0.0628107
8120.0	0.0633193
8125.0	0.0636888
8130.0	0.0639586
8135.0	0.0641606
8140.0	0.0643004
8145.0	0.0642698
8150.0	0.064229
8155.0	0.0641088
8160.0	0.0638965
8165.0	0.0637369
8170.0	0.0634561
8175.0	0.0631217
8180.0	0.062747
8185.0	0.0622573
8190.0	0.0617556
8195.0	0.0612268
8200.0	0.0605665
8205.0	0.0598926
8210.0	0.0592715
8215.0	0.0585765
8220.0	0.0579396
8225.0	0.0573389
8230.0	0.0567871
8235.0	0.0563917
8240.0	0.056027
8245.0	0.055795
8250.0	0.055682
8255.0	0.0556005
8260.0	0.0557318
8265.0	0.0559414
8270.0	0.0562307
8275.0	0.0565821
8280.0	0.0570382
8285.0	0.0574661
8290.0	0.0579329
8295.0	0.0584056
8300.0	0.0588439
8305.0	0.0592014
8310.0	0.0596436
8315.0	0.0599642
8320.0	0.0603477
8325.0	0.0607242
8330.0	0.0611155
8335.0	0.0615392
8340.0	0.0620321
8345.0	0.0625158
8350.0	0.0630884
8355.0	0.0636061
8360.0	0.0640334
8365.0	0.0644157
8370.0	0.0645583
8375.0	0.0645088
8380.0	0.0644091
8385.0	0.0640184
8390.0	0.0635237
8395.0	0.0629636
8400.0	0.0624167
8405.0	0.0619153
8410.0	0.0615281
8415.0	0.0612152
8420.0	0.0611099
8425.0	0.0610108
8430.0	0.0609577
8435.0	0.0608571
8440.0	0.0606127
8445.0	0.0600946
8450.0	0.0593133
8455.0	0.0582748
8460.0	0.0569211
8465.0	0.0554274
8470.0	0.0538171
8475.0	0.0522311
8480.0	0.0508427
8485.0	0.0496912
8490.0	0.0489221
8495.0	0.0485943
8500.0	0.0487272
8505.0	0.0493483
8510.0	0.0506211
8515.0	0.0523184
8520.0	0.0544216
8525.0	0.0568664
8530.0	0.0593833
8535.0	0.0619168
8540.0	0.0640476
8545.0	0.0654499
8550.0	0.0661825
8555.0	0.065979
8560.0	0.064917
8565.0	0.0632631
8570.0	0.0610451
8575.0	0.0586544
8580.0	0.0562896
8585.0	0.0541404
8590.0	0.0524026
8595.0	0.0509543
8600.0	0.0502234
8605.0	0.0497949
8610.0	0.0499077
8615.0	0.05054
8620.0	0.0515868
8625.0	0.0529046
8630.0	0.0546523
8635.0	0.0565534
8640.0	0.0586684
8645.0	0.0607355
8650.0	0.0626292
8655.0	0.064564
8660.0	0.0661487
8665.0	0.0674469
8670.0	0.068554
8675.0	0.0693379
8680.0	0.0700311
8685.0	0.0706302
8690.0	0.0710573
8695.0	0.071692
8700.0	0.0723018
8705.0	0.0728135
8710.0	0.0733007
8715.0	0.074043
8720.0	0.0742153
8725.0	0.0743799
8730.0	0.074061
8735.0	0.0734649
8740.0	0.0720864
8745.0	0.0698773
8750.0	0.0679637
8755.0	0.065827
8760.0	0.0635138
8765.0	0.0610921
8770.0	0.0586141
8775.0	0.0562829
8780.0	0.0542965
8785.0	0.0526053
8790.0	0.0511895
8795.0	0.0499172
8800.0	0.0488311
8805.0	0.0479505
8810.0	0.0472288
8815.0	0.0465473
8820.0	0.0458976
8825.0	0.0452165
8830.0	0.0443501
8835.0	0.0432666
8840.0	0.0421647
8845.0	0.0410373
8850.0	0.0398285
8855.0	0.0385807
8860.0	0.0373767
8865.0	0.0362594
8870.0	0.0352299
8875.0	0.0345418
8880.0	0.0340165
8885.0	0.0337714
8890.0	0.0337574
8895.0	0.0340928
8900.0	0.0347313
8905.0	0.0356424
8910.0	0.0367423
8915.0	0.0380066
8920.0	0.0394492
8925.0	0.0409664
8930.0	0.0424413
8935.0	0.043537
8940.0	0.0443284
8945.0	0.0447878
8950.0	0.0447805
8955.0	0.0443916
8960.0	0.0435405
8965.0	0.0423878
8970.0	0.0411571
8975.0	0.0398228
8980.0	0.0386676
8985.0	0.0376258
8990.0	0.0367546
8995.0	0.0361803
9000.0	0.0360566
9005.0	0.0362634
9010.0	0.0368393
9015.0	0.037805
9020.0	0.0392547
9025.0	0.0411352
9030.0	0.0433536
9035.0	0.0458917
9040.0	0.0487311
9045.0	0.0520367
9050.0	0.0554413
9055.0	0.0589495
9060.0	0.0623234
9065.0	0.0652311
9070.0	0.067831
9075.0	0.0700345
9080.0	0.0717608
9085.0	0.0731226
9090.0	0.0739304
9095.0	0.0743414
9100.0	0.0746363
9105.0	0.0748259
9110.0	0.0749615
9115.0	0.075237
9120.0	0.0756041
9125.0	0.0761239
9130.0	0.0767175
9135.0	0.0774953
9140.0	0.0782549
9145.0	0.0791472
9150.0	0.0800991
9155.0	0.0808663
9160.0	0.0814644
9165.0	0.0820828
9170.0	0.0825238
9175.0	0.082803
9180.0	0.0830052
9185.0	0.0831556
9190.0	0.0832079
9195.0	0.0832823
9200.0	0.0833414
9205.0	0.0833819
9210.0	0.0834671
9215.0	0.0835078
9220.0	0.0835275
9225.0	0.0835319
9230.0	0.0833994
9235.0	0.0830779
9240.0	0.0826113
9245.0	0.0820478
9250.0	0.0813099
9255.0	0.0804447
9260.0	0.0793961
9265.0	0.0783669
9270.0	0.07723
9275.0	0.0760532
9280.0	0.0751558
9285.0	0.0742601
9290.0	0.0735871
9295.0	0.0730701
9300.0	0.0727133
9305.0	0.0725931
9310.0	0.0726991
9315.0	0.0730204
9320.0	0.0735067
9325.0	0.074072
9330.0	0.0748512
9335.0	0.0756537
9340.0	0.0765643
9345.0	0.0774655
9350.0	0.078285
9355.0	0.0790554
9360.0	0.0798191
9365.0	0.0804887
9370.0	0.0810375
9375.0	0.0815805
9380.0	0.0819874
9385.0	0.082398
9390.0	0.0828071
9395.0	0.0831054
9400.0	0.0834611
9405.0	0.0838253
9410.0	0.0841385
9415.0	0.08446
9420.0	0.0847827
9425.0	0.0850762
9430.0	0.0853681
9435.0	0.0855888
9440.0	0.0857731
9445.0	0.0859989
9450.0	0.0860845
9455.0	0.0862367
9460.0	0.0863462
9465.0	0.0864732
9470.0	0.0865968
9475.0	0.0867593
9480.0	0.0869597
9485.0	0.0872246
9490.0	0.0875343
9495.0	0.0878996
9500.0	0.0883089
9505.0	0.088621
9510.0	0.0889534
9515.0	0.0892161
9520.0	0.0894078
9525.0	0.0894979
9530.0	0.0894613
9535.0	0.0892836
9540.0	0.089062
9545.0	0.0887122
9550.0	0.0883427
9555.0	0.0879244
9560.0	0.087431
9565.0	0.0870449
9570.0	0.086772
9575.0	0.0866065
9580.0	0.0865758
9585.0	0.086692
9590.0	0.0869576
9595.0	0.0874422
9600.0	0.0879855
9605.0	0.0887681
9610.0	0.0895288
9615.0	0.0904646
9620.0	0.0913964
9625.0	0.0922651
9630.0	0.0931509
9635.0	0.0938228
9640.0	0.0944052
9645.0	0.0948811
9650.0	0.0951905
9655.0	0.0953842
9660.0	0.0955032
9665.0	0.0955242
9670.0	0.0954847
9675.0	0.0955099
9680.0	0.0954681
9685.0	0.0954976
9690.0	0.0956353
9695.0	0.0958366
9700.0	0.0960546
9705.0	0.0963302
9710.0	0.0967348
9715.0	0.0971226
9720.0	0.0975438
9725.0	0.0979237
9730.0	0.0982535
9735.0	0.0985032
9740.0	0.0987088
9745.0	0.0988368
9750.0	0.0988781
9755.0	0.0988243
9760.0	0.0987498
9765.0	0.0986467
9770.0	0.0985576
9775.0	0.0985211
9780.0	0.0985403
9785.0	0.0986712
9790.0	0.0989079
9795.0	0.0991346
9800.0	0.099619
9805.0	0.100029
9810.0	0.10062
9815.0	0.101195
9820.0	0.101782
9825.0	0.102234
9830.0	0.102637
9835.0	0.102898
9840.0	0.103078
9845.0	0.103042
9850.0	0.102836
9855.0	0.102572
9860.0	0.102145
9865.0	0.101638
9870.0	0.10115
9875.0	0.100579
9880.0	0.100083
9885.0	0.0997561
9890.0	0.099468
9895.0	0.0993866
9900.0	0.0994691
9905.0	0.099676
9910.0	0.100082
9915.0	0.100639
9920.0	0.101242
9925.0	0.101933
9930.0	0.102716
9935.0	0.103465
9940.0	0.104178
9945.0	0.104811
9950.0	0.105317
9955.0	0.105668
9960.0	0.105926
9965.0	0.106044
9970.0	0.106041
9975.0	0.105932
9980.0	0.105824
9985.0	0.105641
9990.0	0.105456
9995.0	0.105352
10000.0	0.10526
10005.0	0.105337
10010.0	0.105492
10015.0	0.105731
10020.0	0.106053
10025.0	0.106428
10030.0	0.106829
10035.0	0.107303
10040.0	0.107688
10045.0	0.108044
10050.0	0.108374
10055.0	0.108573
10060.0	0.108711
10065.0	0.108736
10070.0	0.10873
10075.0	0.10857
10080.0	0.108382
10085.0	0.10819
10090.0	0.10793
10095.0	0.107737
10100.0	0.107543
10105.0	0.107471
10110.0	0.107345
10115.0	0.107348
10120.0	0.107336
10125.0	0.107421
10130.0	0.10747
10135.0	0.1075
10140.0	0.107537
10145.0	0.107503
10150.0	0.107329
10155.0	0.107094
10160.0	0.106667
10165.0	0.106153
10170.0	0.105573
10175.0	0.104929
10180.0	0.10417
10185.0	0.1034
10190.0	0.102514
10195.0	0.101709
10200.0	0.100996
10205.0	0.100355
10210.0	0.09982
10215.0	0.0994309
10220.0	0.0991004
10225.0	0.098934
10230.0	0.0989072
10235.0	0.0990061
10240.0	0.0992663
10245.0	0.0995111
10250.0	0.0999281
10255.0	0.100354
10260.0	0.100816
10265.0	0.101229
10270.0	0.101721
10275.0	0.102008
10280.0	0.102314
10285.0	0.102573
10290.0	0.102741
10295.0	0.102873
10300.0	0.102929
10305.0	0.102965
10310.0	0.102987
10315.0	0.102964
10320.0	0.103023
10325.0	0.103118
10330.0	0.103238
10335.0	0.103472
10340.0	0.103762
10345.0	0.104103
10350.0	0.104601
10355.0	0.105087
10360.0	0.105592
10365.0	0.106239
10370.0	0.1068
10375.0	0.107416
10380.0	0.108044
10385.0	0.108647
10390.0	0.1092
10395.0	0.109675
10400.0	0.110074
10405.0	0.110566
10410.0	0.110908
10415.0	0.111296
10420.0	0.111763
10425.0	0.112164
10430.0	0.112638
10435.0	0.113138
10440.0	0.113708
10445.0	0.114366
10450.0	0.115015
10455.0	0.115614
10460.0	0.116223
10465.0	0.116787
10470.0	0.11718
10475.0	0.117478
10480.0	0.117553
10485.0	0.117341
10490.0	0.116891
10495.0	0.116159
10500.0	0.115177
10505.0	0.113856
10510.0	0.112204
10515.0	0.110427
10520.0	0.108623
10525.0	0.106686
10530.0	0.104773
10535.0	0.102876
10540.0	0.100938
10545.0	0.0991402
10550.0	0.0977584
10555.0	0.096478
10560.0	0.0954604
10565.0	0.0946784
10570.0	0.0941576
10575.0	0.0939454
10580.0	0.0940236
10585.0	0.0943048
10590.0	0.0948816
10595.0	0.09568
10600.0	0.0967294
10605.0	0.0979276
10610.0	0.0992724
10615.0	0.100727
10620.0	0.102159
10625.0	0.103834
10630.0	0.105355
10635.0	0.107086
10640.0	0.108487
10645.0	0.109911
10650.0	0.111175
10655.0	0.112294
10660.0	0.113333
10665.0	0.114179
10670.0	0.114878
10675.0	0.115409
10680.0	0.115718
10685.0	0.115966
10690.0	0.115913
10695.0	0.115787
10700.0	0.115382
10705.0	0.115004
10710.0	0.114371
10715.0	0.1135
10720.0	0.112456
10725.0	0.111222
10730.0	0.109728
10735.0	0.108116
10740.0	0.106447
10745.0	0.104594
10750.0	0.102704
10755.0	0.100721
10760.0	0.0986401
10765.0	0.0966551
10770.0	0.0948402
10775.0	0.0931354
10780.0	0.0915104
10785.0	0.0900692
10790.0	0.0887768
10795.0	0.0877212
10800.0	0.0870251
10805.0	0.0865347
10810.0	0.0863182
10815.0	0.0863664
10820.0	0.0867132
10825.0	0.0874024
10830.0	0.0883378
10835.0	0.0894668
10840.0	0.0909766
10845.0	0.0927183
10850.0	0.0946453
10855.0	0.0969087
10860.0	0.0993744
10865.0	0.101771
10870.0	0.10435
10875.0	0.107056
10880.0	0.109625
10885.0	0.112315
10890.0	0.115078
10895.0	0.117446
10900.0	0.119679
10905.0	0.121734
10910.0	0.123625
10915.0	0.125297
10920.0	0.126816
10925.0	0.128057
10930.0	0.129048
10935.0	0.129928
10940.0	0.130545
10945.0	0.131128
10950.0	0.131487
10955.0	0.131704
10960.0	0.131839
10965.0	0.131777
10970.0	0.131612
10975.0	0.131318
10980.0	0.130773
10985.0	0.13016
10990.0	0.129436
10995.0	0.128449
11000.0	0.127417
11005.0	0.125988
11010.0	0.124479
11015.0	0.122825
11020.0	0.12121
11025.0	0.119666
11030.0	0.118077
11035.0	0.116516
11040.0	0.11502
11045.0	0.113693
11050.0	0.112532
11055.0	0.111645
11060.0	0.110985
11065.0	0.1104
11070.0	0.110189
11075.0	0.110247
11080.0	0.110525
11085.0	0.111064
11090.0	0.111824
11095.0	0.112802
11100.0	0.114043
11105.0	0.115443
11110.0	0.117019
11115.0	0.118645
11120.0	0.120246
11125.0	0.121891
11130.0	0.123452
11135.0	0.124931
11140.0	0.126334
11145.0	0.127411
11150.0	0.128264
11155.0	0.128851
11160.0	0.129244
11165.0	0.129345
11170.0	0.12922
11175.0	0.128899
11180.0	0.128381
11185.0	0.127833
11190.0	0.127194
11195.0	0.126492
11200.0	0.125763
11205.0	0.125031
11210.0	0.124454
11215.0	0.12397
11220.0	0.123617
11225.0	0.123339
11230.0	0.123213
11235.0	0.123207
11240.0	0.12331
11245.0	0.123474
11250.0	0.123733
11255.0	0.124004
11260.0	0.124334
11265.0	0.124571
11270.0	0.124876
11275.0	0.125049
11280.0	0.125169
11285.0	0.125176
11290.0	0.125152
11295.0	0.124966
11300.0	0.124723
11305.0	0.124424
11310.0	0.124055
11315.0	0.123681
11320.0	0.123277
11325.0	0.122878
11330.0	0.122477
11335.0	0.122195
11340.0	0.121942
11345.0	0.121834
11350.0	0.121773
11355.0	0.121835
11360.0	0.122013
11365.0	0.12229
11370.0	0.122627
11375.0	0.122998
11380.0	0.123458
11385.0	0.12394
11390.0	0.124467
11395.0	0.124932
11400.0	0.125311
11405.0	0.125644
11410.0	0.125845
11415.0	0.125945
11420.0	0.125889
11425.0	0.125652
11430.0	0.125351
11435.0	0.12487
11440.0	0.124306
11445.0	0.123619
11450.0	0.122843
11455.0	0.122012
11460.0	0.121161
11465.0	0.120381
11470.0	0.119655
11475.0	0.119013
11480.0	0.118472
11485.0	0.118042
11490.0	0.117743
11495.0	0.117617
11500.0	0.117617
11505.0	0.117806
11510.0	0.118138
11515.0	0.118585
11520.0	0.119232
11525.0	0.119948
11530.0	0.120848
11535.0	0.121709
11540.0	0.122724
11545.0	0.123688
11550.0	0.124769
11555.0	0.125771
11560.0	0.126612
11565.0	0.127437
11570.0	0.128166
11575.0	0.128769
11580.0	0.129208
11585.0	0.129555
11590.0	0.129705
11595.0	0.129758
11600.0	0.12968
11605.0	0.129536
11610.0	0.12932
11615.0	0.129021
11620.0	0.128691
11625.0	0.128383
11630.0	0.128035
11635.0	0.127697
11640.0	0.127426
11645.0	0.127207
11650.0	0.126976
11655.0	0.126879
11660.0	0.12678
11665.0	0.126763
11670.0	0.126776
11675.0	0.126822
11680.0	0.12695
11685.0	0.127016
11690.0	0.127113
11695.0	0.127215
11700.0	0.127257
11705.0	0.127264
11710.0	0.127312
11715.0	0.127231
11720.0	0.12711
11725.0	0.126996
11730.0	0.12687
11735.0	0.12663
11740.0	0.126446
11745.0	0.126274
11750.0	0.126053
11755.0	0.125894
11760.0	0.125742
11765.0	0.125668
11770.0	0.125609
11775.0	0.125637
11780.0	0.125741
11785.0	0.125874
11790.0	0.126065
11795.0	0.126378
11800.0	0.126678
11805.0	0.12704
11810.0	0.12744
11815.0	0.127775
11820.0	0.128131
11825.0	0.128437
11830.0	0.128693
11835.0	0.128851
11840.0	0.128935
11845.0	0.128901
11850.0	0.128678
11855.0	0.12837
11860.0	0.127891
11865.0	0.127257
11870.0	0.126563
11875.0	0.125754
11880.0	0.124848
11885.0	0.123898
11890.0	0.122854
11895.0	0.121781
11900.0	0.120701
11905.0	0.119649
11910.0	0.118732
11915.0	0.117898
11920.0	0.117181
11925.0	0.116539
11930.0	0.115988
11935.0	0.115612
11940.0	0.115471
11945.0	0.11536
11950.0	0.115494
11955.0	0.11582
11960.0	0.116263
11965.0	0.116914
11970.0	0.117676
11975.0	0.118437
11980.0	0.119439
11985.0	0.120438
11990.0	0.121647
11995.0	0.122926
12000.0	0.124069
12005.0	0.125214
12010.0	0.126361
12015.0	0.127515
12020.0	0.128562
12025.0	0.129606
12030.0	0.130439
12035.0	0.131174
12040.0	0.131685
12045.0	0.132142
12050.0	0.132452
12055.0	0.132684
12060.0	0.132726
12065.0	0.13273
12070.0	0.132574
12075.0	0.132476
12080.0	0.132219
12085.0	0.131953
12090.0	0.131705
12095.0	0.131486
12100.0	0.13122
12105.0	0.131118
12110.0	0.130931
12115.0	0.130824
12120.0	0.130759
12125.0	0.130706
12130.0	0.130777
12135.0	0.130868
12140.0	0.130956
12145.0	0.131088
12150.0	0.13129
12155.0	0.131401
12160.0	0.131627
12165.0	0.13168
12170.0	0.131849
12175.0	0.131961
12180.0	0.131967
12185.0	0.132137
12190.0	0.13212
12195.0	0.132179
12200.0	0.132042
12205.0	0.132029
12210.0	0.131921
12215.0	0.131822
12220.0	0.13174
12225.0	0.131657
12230.0	0.131501
12235.0	0.131519
12240.0	0.131475
12245.0	0.131423
12250.0	0.131468
12255.0	0.131537
12260.0	0.13156
12265.0	0.131726
12270.0	0.131695
12275.0	0.131847
12280.0	0.131963
12285.0	0.132046
12290.0	0.132162
12295.0	0.132197
12300.0	0.132153
12305.0	0.132149
12310.0	0.131991
12315.0	0.131778
12320.0	0.131527
12325.0	0.131117
12330.0	0.130622
12335.0	0.130083
12340.0	0.129284
12345.0	0.128518
12350.0	0.127764
12355.0	0.126814
12360.0	0.12591
12365.0	0.124883
12370.0	0.123879
12375.0	0.12285
12380.0	0.121934
12385.0	0.121033
12390.0	0.120159
12395.0	0.119351
12400.0	0.118648
12405.0	0.117994
12410.0	0.117482
12415.0	0.117053
12420.0	0.116799
12425.0	0.116622
12430.0	0.116597
12435.0	0.116697
12440.0	0.116869
12445.0	0.117231
12450.0	0.117628
12455.0	0.118154
12460.0	0.118786
12465.0	0.119522
12470.0	0.120356
12475.0	0.121133
12480.0	0.121987
12485.0	0.122872
12490.0	0.123801
12495.0	0.124804
12500.0	0.125667
12505.0	0.126601
12510.0	0.127372
12515.0	0.12818
12520.0	0.128906
12525.0	0.129584
12530.0	0.130211
12535.0	0.130778
12540.0	0.131204
12545.0	0.131599
12550.0	0.131966
12555.0	0.132225
12560.0	0.132482
12565.0	0.132662
12570.0	0.132834
12575.0	0.133002
12580.0	0.13309
12585.0	0.133265
12590.0	0.13337
12595.0	0.133469
12600.0	0.13362
12605.0	0.13372
12610.0	0.133909
12615.0	0.134075
12620.0	0.134241
12625.0	0.134409
12630.0	0.134616
12635.0	0.134799
12640.0	0.134974
12645.0	0.135189
12650.0	0.135308
12655.0	0.135491
12660.0	0.13565
12665.0	0.135766
12670.0	0.135916
12675.0	0.135994
12680.0	0.136063
12685.0	0.136154
12690.0	0.136226
12695.0	0.136279
12700.0	0.136308
12705.0	0.136422
12710.0	0.136347
12715.0	0.136481
12720.0	0.136504
12725.0	0.136597
12730.0	0.136627
12735.0	0.136698
12740.0	0.136751
12745.0	0.136917
12750.0	0.136982
12755.0	0.137054
12760.0	0.137107
12765.0	0.137098
12770.0	0.136995
12775.0	0.136929
12780.0	0.136627
12785.0	0.136387
12790.0	0.136014
12795.0	0.135352
12800.0	0.134668
12805.0	0.134016
12810.0	0.132875
12815.0	0.131764
12820.0	0.130558
12825.0	0.12933
12830.0	0.127767
12835.0	0.126207
12840.0	0.124569
12845.0	0.122787
12850.0	0.121064
12855.0	0.119468
12860.0	0.117712
12865.0	0.115978
12870.0	0.114331
12875.0	0.112753
12880.0	0.111297
12885.0	0.109951
12890.0	0.108843
12895.0	0.107838
12900.0	0.106903
12905.0	0.106205
12910.0	0.105613
12915.0	0.105282
12920.0	0.105106
12925.0	0.105137
12930.0	0.105358
12935.0	0.105699
12940.0	0.106324
12945.0	0.107124
12950.0	0.108034
12955.0	0.109148
12960.0	0.110292
12965.0	0.111625
12970.0	0.113185
12975.0	0.114775
12980.0	0.116306
12985.0	0.117856
12990.0	0.119362
12995.0	0.120806
13000.0	0.122209
13005.0	0.123657
13010.0	0.12484
13015.0	0.125863
13020.0	0.126614
13025.0	0.127159
13030.0	0.127545
13035.0	0.127604
13040.0	0.127479
13045.0	0.127143
13050.0	0.126559
13055.0	0.125942
13060.0	0.125073
13065.0	0.124084
13070.0	0.123064
13075.0	0.122086
13080.0	0.121167
13085.0	0.120211
13090.0	0.119415
13095.0	0.118606
13100.0	0.118009
13105.0	0.117534
13110.0	0.117281
13115.0	0.117164
13120.0	0.117231
13125.0	0.117483
13130.0	0.117993
13135.0	0.118656
13140.0	0.119491
13145.0	0.120445
13150.0	0.12161
13155.0	0.122882
13160.0	0.124291
13165.0	0.125663
13170.0	0.127085
13175.0	0.128385
13180.0	0.129672
13185.0	0.130847
13190.0	0.131832
13195.0	0.132567
13200.0	0.133016
13205.0	0.133156
13210.0	0.133004
13215.0	0.132516
13220.0	0.131598
13225.0	0.130318
13230.0	0.128837
13235.0	0.127038
13240.0	0.125085
13245.0	0.122974
13250.0	0.120662
13255.0	0.1182
13260.0	0.115652
13265.0	0.113397
13270.0	0.111172
13275.0	0.108985
13280.0	0.107007
13285.0	0.10516
13290.0	0.103455
13295.0	0.102109
13300.0	0.100999
13305.0	0.100113
13310.0	0.0994126
13315.0	0.0990453
13320.0	0.098956
13325.0	0.0991978
13330.0	0.0996823
13335.0	0.100501
13340.0	0.101562
13345.0	0.102984
13350.0	0.104796
13355.0	0.106795
13360.0	0.10899
13365.0	0.111456
13370.0	0.114198
13375.0	0.11702
13380.0	0.120309
13385.0	0.12369
13390.0	0.126702
13395.0	0.129868
13400.0	0.132924
13405.0	0.135693
13410.0	0.13833
13415.0	0.140552
13420.0	0.142069
13425.0	0.143092
13430.0	0.143542
13435.0	0.14338
13440.0	0.142578
13445.0	0.141046
13450.0	0.139011
13455.0	0.136684
13460.0	0.133881
13465.0	0.13078
13470.0	0.127394
13475.0	0.123566
13480.0	0.1199
13485.0	0.116473
13490.0	0.113092
13495.0	0.109919
13500.0	0.106946
13505.0	0.103871
13510.0	0.101093
13515.0	0.0986877
13520.0	0.0966612
13525.0	0.09473
13530.0	0.093153
13535.0	0.0917008
13540.0	0.0904928
13545.0	0.0895132
13550.0	0.088816
13555.0	0.0883602
13560.0	0.0881025
13565.0	0.0880776
13570.0	0.0882384
13575.0	0.0886013
13580.0	0.0891045
13585.0	0.0897665
13590.0	0.090537
13595.0	0.0914404
13600.0	0.0924212
13605.0	0.0936202
13610.0	0.0947953
13615.0	0.0960594
13620.0	0.0973855
13625.0	0.0986599
13630.0	0.0998608
13635.0	0.101077
13640.0	0.102264
13645.0	0.103323
13650.0	0.10439
13655.0	0.105341
13660.0	0.106147
13665.0	0.106916
13670.0	0.107601
13675.0	0.108171
13680.0	0.108688
13685.0	0.109107
13690.0	0.10944
13695.0	0.109715
13700.0	0.109917
13705.0	0.110098
13710.0	0.110275
13715.0	0.110456
13720.0	0.110706
13725.0	0.110927
13730.0	0.111207
13735.0	0.111555
13740.0	0.111967
13745.0	0.112504
13750.0	0.113044
13755.0	0.11371
13760.0	0.114468
13765.0	0.115353
13770.0	0.116292
13775.0	0.117233
13780.0	0.118271
13785.0	0.11936
13790.0	0.120549
13795.0	0.121809
13800.0	0.123073
13805.0	0.12413
13810.0	0.125241
13815.0	0.126186
13820.0	0.127164
13825.0	0.127941
13830.0	0.128505
13835.0	0.128922
13840.0	0.129125
13845.0	0.129045
13850.0	0.128838
13855.0	0.128303
13860.0	0.12757
13865.0	0.126615
13870.0	0.125309
13875.0	0.123888
13880.0	0.122078
13885.0	0.119901
13890.0	0.11748
13895.0	0.115015
13900.0	0.112769
13905.0	0.110026
13910.0	0.107104
13915.0	0.103639
13920.0	0.100042
13925.0	0.0963751
13930.0	0.0928727
13935.0	0.0893189
13940.0	0.0858522
13945.0	0.0822059
13950.0	0.0780992
13955.0	0.0737577
13960.0	0.0697725
13965.0	0.0657744
13970.0	0.0623456
13975.0	0.0590147
13980.0	0.0555801
13985.0	0.052259
13990.0	0.0491209
13995.0	0.0461076
14000.0	0.0429305
14005.0	0.03993
14010.0	0.037133
14015.0	0.0343331
14020.0	0.0320816
14025.0	0.0301314
14030.0	0.0283075
14035.0	0.0263675
14040.0	0.0245713
14045.0	0.0228305
14050.0	0.0211891
14055.0	0.0197907
14060.0	0.0185035
14065.0	0.0173416
14070.0	0.0162594
14075.0	0.0152126
14080.0	0.0142218
14085.0	0.0133383
14090.0	0.0125616
14095.0	0.0117843
14100.0	0.0110868
14105.0	0.0103912
14110.0	0.00980638
14115.0	0.00930566
14120.0	0.00880496
14125.0	0.00833256
14130.0	0.00792348
14135.0	0.00748865
14140.0	0.00706419
14145.0	0.00669681
14150.0	0.00639383
14155.0	0.00607226
14160.0	0.0057792
14165.0	0.00554389
14170.0	0.0052576
14175.0	0.00501382
14180.0	0.00479357
14185.0	0.0045737
14190.0	0.00437531
14195.0	0.00417933
14200.0	0.0039924
14205.0	0.003816
14210.0	0.00364539
14215.0	0.00348859
14220.0	0.00336856
14225.0	0.0032164
14230.0	0.00310129
14235.0	0.00294857
14240.0	0.00282944
14245.0	0.00271754
14250.0	0.0026182
14255.0	0.00251119
14260.0	0.00242375
14265.0	0.00231991
14270.0	0.00222103
14275.0	0.00215221
14280.0	0.00205613
14285.0	0.00199148
14290.0	0.00188021
14295.0	0.00183032
14300.0	0.00177482
14305.0	0.00170571
14310.0	0.00163496
14315.0	0.00156973
14320.0	0.00153723
14325.0	0.00147977
14330.0	0.00141121
14335.0	0.00135195
14340.0	0.00130221
14345.0	0.00127162
14350.0	0.00122307
14355.0	0.00118318
14360.0	0.00111601
14365.0	0.00107239
14370.0	0.00105656
14375.0	0.000997662
14380.0	0.000991708
14385.0	0.000939485
14390.0	0.000911619
14395.0	0.000880706
14400.0	0.00084123
14405.0	0.000812541
14410.0	0.000776323
14415.0	0.000752587
14420.0	0.000733885
14425.0	0.000715817
14430.0	0.000663033
14435.0	0.000657508
14440.0	0.000625953
14445.0	0.000607211
14450.0	0.000577082
14455.0	0.00054738
14460.0	0.000537024
14465.0	0.000521035
14470.0	0.000504403
14475.0	0.000472365
14480.0	0.000458288
14485.0	0.000443089
14490.0	0.000397276
14495.0	0.000399037
14500.0	0.000400585
14505.0	0.000375669
14510.0	0.000367282
14515.0	0.000340078
14520.0	0.000343565
14525.0	0.000322278
14530.0	0.000290387
14535.0	0.00030628
14540.0	0.000287317
14545.0	0.00028022
14550.0	0.000265387
14555.0	0.00025093
14560.0	0.000243294
14565.0	0.000237574
14570.0	0.000212984
14575.0	0.000219118
14580.0	0.000228705
14585.0	0.000215326
14590.0	0.000189542
14595.0	0.000205959
14600.0	0.000198581
14605.0	0.000172371
14610.0	0.000165376
14615.0	0.000193686
14620.0	0.000165461
14625.0	0.000172881
14630.0	0.000155427
14635.0	0.000144887
14640.0	0.000154503
14645.0	0.000121816
14650.0	0.000131558
14655.0	0.000129093
14660.0	0.000104895
14665.0	0.000122247
14670.0	0.00010483
14675.0	9.53732e-05
14680.0	8.46684e-05
14685.0	8.76431e-05
14690.0	7.03955e-05
14695.0	6.76553e-05
14700.0	6.92205e-05
14705.0	6.25636e-05
14710.0	5.4289e-05
14715.0	4.59665e-05
14720.0	5.17451e-05
14725.0	4.87579e-05
