16110.0	0.000112922
16114.0	0.000206082
16136.0	4.54287e-05
16142.0	8.35403e-05
16146.0	6.97815e-05
16170.0	0.000225317
16172.0	4.63708e-05
16174.0	0.000202013
16178.0	4.2612e-05
16180.0	5.70374e-05
16182.0	6.04289e-05
16184.0	4.27904e-05
16188.0	0.00011434
16192.0	0.000114345
16194.0	6.0807e-05
16202.0	0.000246958
16204.0	0.00010426
16206.0	0.000229924
16210.0	0.000104687
16212.0	0.000119109
16214.0	0.000202135
16220.0	6.19643e-05
16222.0	0.000203245
16226.0	0.000119884
16228.0	5.86291e-05
16230.0	0.00050829
16232.0	0.000160429
16234.0	0.000175634
16238.0	0.000306752
16240.0	0.00029464
16244.0	0.000117249
16246.0	0.000487183
16248.0	0.000396184
16250.0	0.000180334
16252.0	0.000412095
16254.0	0.000383252
16256.0	0.000150897
16258.0	0.000416646
16260.0	0.000384707
16262.0	0.000518082
16264.0	0.000758581
16266.0	0.000685117
16268.0	0.000388562
16270.0	0.000523367
16272.0	0.000863084
16274.0	0.000761352
16276.0	0.000894697
16278.0	0.000759722
16280.0	0.00101354
16282.0	0.00105875
16284.0	0.00112028
16286.0	0.00108097
16288.0	0.00121661
16290.0	0.00157403
16292.0	0.00164979
16294.0	0.00168678
16296.0	0.00156577
16298.0	0.00222392
16300.0	0.00217349
16302.0	0.00223346
16304.0	0.00273279
16306.0	0.00325132
16308.0	0.00315865
16310.0	0.00370648
16312.0	0.00392255
16314.0	0.00391374
16316.0	0.0044614
16318.0	0.00486742
16320.0	0.00569791
16322.0	0.00595318
16324.0	0.00674091
16326.0	0.00724214
16328.0	0.00805178
16330.0	0.00907221
16332.0	0.00991306
16334.0	0.0110136
16336.0	0.0123804
16338.0	0.0136935
16340.0	0.0155267
16342.0	0.0172773
16344.0	0.0192034
16346.0	0.021266
16348.0	0.0239213
16350.0	0.0268771
16352.0	0.030126
16354.0	0.033878
16356.0	0.0381228
16358.0	0.0429574
16360.0	0.0480898
16362.0	0.0542747
16364.0	0.0603509
16366.0	0.0677992
16368.0	0.0753042
16370.0	0.0841986
16372.0	0.0922711
16374.0	0.101548
16376.0	0.110395
16378.0	0.120264
16380.0	0.129418
16382.0	0.138719
16384.0	0.147559
16386.0	0.155964
16388.0	0.163435
16390.0	0.169745
16392.0	0.175654
16394.0	0.179988
16396.0	0.183707
16398.0	0.186251
16400.0	0.188098
16402.0	0.189353
16404.0	0.189827
16406.0	0.190151
16408.0	0.189693
16410.0	0.189198
16412.0	0.188413
16414.0	0.187792
16416.0	0.186901
16418.0	0.185962
16420.0	0.185615
16422.0	0.184589
16424.0	0.184316
16426.0	0.183885
16428.0	0.183611
16430.0	0.183792
16432.0	0.183637
16434.0	0.183994
16436.0	0.184345
16438.0	0.184601
16440.0	0.185192
16442.0	0.185786
16444.0	0.186388
16446.0	0.186844
16448.0	0.18769
16450.0	0.188381
16452.0	0.189013
16454.0	0.189447
16456.0	0.190296
16458.0	0.190941
16460.0	0.1914
16462.0	0.191804
16464.0	0.19205
16466.0	0.192285
16468.0	0.192582
16470.0	0.192787
16472.0	0.192555
16474.0	0.192972
16476.0	0.193156
16478.0	0.192872
16480.0	0.192713
16482.0	0.192619
16484.0	0.192535
16486.0	0.192106
16488.0	0.191962
16490.0	0.19174
16492.0	0.191581
16494.0	0.191561
16496.0	0.191302
16498.0	0.191066
16500.0	0.190606
16502.0	0.190438
16504.0	0.189926
16506.0	0.189418
16508.0	0.189056
16510.0	0.188261
16512.0	0.187325
16514.0	0.185725
16516.0	0.184385
16518.0	0.181985
16520.0	0.179847
16522.0	0.176559
16524.0	0.172869
16526.0	0.168366
16528.0	0.162956
16530.0	0.158155
16532.0	0.151448
16534.0	0.144886
16536.0	0.137791
16538.0	0.130166
16540.0	0.122829
16542.0	0.114849
16544.0	0.10699
16546.0	0.0989367
16548.0	0.0907931
16550.0	0.0834471
16552.0	0.0756863
16554.0	0.0690491
16556.0	0.0624272
16558.0	0.0568823
16560.0	0.0507313
16562.0	0.046323
16564.0	0.0413772
16566.0	0.0375906
16568.0	0.033623
16570.0	0.0305189
16572.0	0.0273485
16574.0	0.0245678
16576.0	0.0222805
16578.0	0.0198988
16580.0	0.0183414
16582.0	0.0162812
16584.0	0.0147478
16586.0	0.0134302
16588.0	0.0121033
16590.0	0.0108451
16592.0	0.0100266
16594.0	0.00889595
16596.0	0.00833718
16598.0	0.00744241
16600.0	0.00691327
16602.0	0.00622427
16604.0	0.00575363
16606.0	0.00520909
16608.0	0.00483395
16610.0	0.00453583
16612.0	0.00406912
16614.0	0.00394572
16616.0	0.00330768
16618.0	0.00298073
16620.0	0.00247533
16622.0	0.00268855
16624.0	0.00266276
16626.0	0.00230108
16628.0	0.00203999
16630.0	0.00197036
16632.0	0.00183067
16634.0	0.00186809
16636.0	0.00144471
16638.0	0.00158837
16640.0	0.00142862
16642.0	0.00107217
16644.0	0.00116292
16646.0	0.00112842
16648.0	0.00100262
16650.0	0.00090015
16652.0	0.00100714
16654.0	0.000757444
16656.0	0.00063209
16658.0	0.000848853
16660.0	0.000598235
16662.0	0.000668932
16664.0	0.000524966
16666.0	0.000652296
16668.0	0.000564201
16670.0	0.000363695
16672.0	0.000365744
16674.0	0.000455058
16676.0	0.000220611
16678.0	0.000602332
16680.0	0.000385505
16682.0	0.000531353
16684.0	0.000239091
16686.0	0.000494275
16688.0	0.000220271
16692.0	0.000220683
16694.0	0.000312886
16696.0	0.000203727
16698.0	0.000278104
16700.0	0.000313754
16702.0	5.6808e-05
16704.0	0.000297135
16706.0	5.58003e-05
16708.0	0.000222743
16710.0	0.000112469
16712.0	0.000186643
16714.0	7.43706e-05
