4323.0	5.94017e-05
4324.0	6.52661e-05
4325.0	7.11267e-05
4326.0	7.69884e-05
4327.0	8.28513e-05
4328.0	8.87154e-05
4329.0	9.45807e-05
4330.0	0.000100456
4331.0	0.000106324
4331.217773	0.000107602
4332.0	0.000110576
4333.0	0.000114379
4334.0	0.000118182
4335.0	0.000121997
4336.0	0.000125803
4337.0	0.000129609
4338.0	0.000133416
4339.0	0.000137223
4340.0	0.000141032
4341.0	0.000144853
4342.0	0.000148664
4343.0	0.000152475
4344.0	0.000156287
4345.0	0.000160099
4346.0	0.000163912
4347.0	0.000167741
4348.0	0.000171556
4349.0	0.000175372
4350.0	0.000179189
4351.0	0.000183006
4351.222656	0.000183856
4352.0	0.000208337
4353.0	0.000239856
4354.0	0.000271364
4355.0	0.000302877
4356.0	0.000334398
4357.0	0.000365924
4358.0	0.000397491
4359.0	0.000429032
4360.0	0.00046058
4361.0	0.000492134
4361.225586	0.000499253
4362.0	0.000557143
4363.0	0.000631909
4364.0	0.000706751
4365.0	0.000781553
4366.0	0.00085637
4367.0	0.000931202
4368.0	0.00100605
4369.0	0.00108091
4370.0	0.00115588
4371.0	0.00123078
4371.228027	0.00124786
4372.0	0.00137451
4373.0	0.0015386
4374.0	0.00170272
4375.0	0.00186687
4376.0	0.00203123
4377.0	0.00219546
4378.0	0.00235973
4379.0	0.00252402
4380.0	0.00268835
4381.0	0.00285271
4381.230469	0.00289065
4382.0	0.00314319
4383.0	0.00347116
4384.0	0.0037992
4385.0	0.0041273
4386.0	0.00445547
4387.0	0.00478371
4388.0	0.00511244
4389.0	0.00544083
4390.0	0.00576928
4391.0	0.0060978
4391.233398	0.00617448
4392.0	0.00663222
4393.0	0.00722942
4394.0	0.0078274
4395.0	0.00842489
4396.0	0.00902249
4397.0	0.00962021
4398.0	0.010218
4399.0	0.010816
4400.0	0.011415
4401.0	0.0120133
4401.23584	0.0121544
4402.0	0.0128747
4403.0	0.0138175
4404.0	0.0147604
4405.0	0.0157036
4406.0	0.0166484
4407.0	0.017592
4408.0	0.0185358
4409.0	0.0194797
4410.0	0.0204239
4411.0	0.0213682
4411.23877	0.0215937
4412.0	0.0226247
4413.0	0.0239814
4414.0	0.0253364
4415.0	0.0266917
4416.0	0.0280472
4417.0	0.029403
4418.0	0.0307591
4419.0	0.0321182
4420.0	0.0334749
4421.0	0.0348318
4421.241211	0.0351592
4422.0	0.0364986
4423.0	0.0382642
4424.0	0.0400301
4425.0	0.0417999
4426.0	0.0435666
4427.0	0.0453337
4428.0	0.0471011
4429.0	0.0488688
4430.0	0.0506369
4431.0	0.0524118
4431.244141	0.0528441
4432.0	0.0544439
4433.0	0.0565609
4434.0	0.0586784
4435.0	0.0607965
4436.0	0.0629152
4437.0	0.0650345
4438.0	0.06716
4439.0	0.0692806
4440.0	0.0714017
4441.0	0.0735234
4441.246582	0.0740466
4442.0	0.0757072
4443.0	0.0779119
4444.0	0.0801239
4445.0	0.0823299
4446.0	0.0845365
4447.0	0.0867436
4448.0	0.0889514
4449.0	0.0911597
4450.0	0.0933687
4451.0	0.0955863
4451.249023	0.0961367
4452.0	0.0978177
4453.0	0.100057
4454.0	0.102296
4455.0	0.104536
4456.0	0.106777
4457.0	0.109028
4458.0	0.11127
4459.0	0.113513
4460.0	0.115756
4461.0	0.118
4461.251953	0.118565
4462.0	0.120165
4463.0	0.122305
4464.0	0.124455
4465.0	0.126596
4466.0	0.128737
4467.0	0.130879
4468.0	0.133021
4469.0	0.135164
4470.0	0.137319
4471.0	0.139463
4471.254395	0.140009
4472.0	0.141459
4473.0	0.143405
4474.0	0.14535
4475.0	0.147297
4476.0	0.149244
4477.0	0.151204
4478.0	0.153153
4479.0	0.155101
4480.0	0.15705
4481.0	0.159
4481.257324	0.159502
4482.0	0.160699
4483.0	0.16231
4484.0	0.163936
4485.0	0.165549
4486.0	0.167161
4487.0	0.168775
4488.0	0.170389
4489.0	0.172003
4490.0	0.173617
4491.0	0.175247
4491.259766	0.175667
4492.0	0.176709
4493.0	0.178117
4494.0	0.179526
4495.0	0.180935
4496.0	0.182344
4497.0	0.183754
4498.0	0.18518
4499.0	0.186591
4500.0	0.188002
4501.0	0.189401
4501.262207	0.189768
4502.0	0.190675
4503.0	0.191905
4504.0	0.193152
4505.0	0.194382
4506.0	0.195613
4507.0	0.196844
4508.0	0.198074
4509.0	0.199305
4510.0	0.200537
4511.0	0.201785
4511.265137	0.202112
4512.0	0.202849
4513.0	0.203852
4514.0	0.204856
4515.0	0.205859
4516.0	0.206863
4517.0	0.207867
4518.0	0.208871
4519.0	0.209893
4520.0	0.210897
4521.0	0.211902
4521.267578	0.212171
4522.0	0.212753
4523.0	0.213549
4524.0	0.214345
4525.0	0.215141
4526.0	0.215955
4527.0	0.216751
4528.0	0.217548
4529.0	0.218344
4530.0	0.219141
4531.0	0.219937
4531.270508	0.220153
4532.0	0.220666
4533.0	0.221388
4534.0	0.222091
4535.0	0.222794
4536.0	0.223497
4537.0	0.224201
4538.0	0.224904
4539.0	0.225608
4540.0	0.226331
4541.0	0.227035
4541.272949	0.227227
4542.0	0.227617
4543.0	0.228155
4544.0	0.228692
4545.0	0.22923
4546.0	0.229767
4547.0	0.230305
4548.0	0.230863
4549.0	0.2314
4550.0	0.231938
4551.0	0.232476
4551.275391	0.232625
4552.0	0.232981
4553.0	0.233474
4554.0	0.233967
4555.0	0.234479
4556.0	0.234972
4557.0	0.235465
4558.0	0.235958
4559.0	0.236451
4560.0	0.236944
4561.0	0.237437
4561.27832	0.23758
4562.0	0.237897
4563.0	0.238316
4564.0	0.238735
4565.0	0.239154
4566.0	0.239573
4567.0	0.239992
4568.0	0.240412
4569.0	0.240831
4570.0	0.241271
4571.0	0.24169
4571.280762	0.241808
4572.0	0.242031
4573.0	0.242341
4574.0	0.242651
4575.0	0.242961
4576.0	0.243271
4577.0	0.243581
4578.0	0.243911
4579.0	0.244222
4580.0	0.244532
4581.0	0.244842
4581.283691	0.24493
4582.0	0.245101
4583.0	0.245339
4584.0	0.245578
4585.0	0.245816
4586.0	0.246076
4587.0	0.246314
4588.0	0.246553
4589.0	0.246791
4590.0	0.24703
4591.0	0.247269
4591.286133	0.247337
4592.0	0.24748
4593.0	0.2477
4594.0	0.2479
4595.0	0.2481
4596.0	0.248299
4597.0	0.248499
4598.0	0.248699
4599.0	0.248899
4600.0	0.249098
4601.0	0.249319
4601.288574	0.249377
4602.0	0.249543
4603.0	0.249776
4604.0	0.250009
4605.0	0.250242
4606.0	0.250475
4607.0	0.250708
4608.0	0.250941
4609.0	0.251195
4610.0	0.251428
4611.0	0.251661
4611.291504	0.251729
4612.0	0.251852
4613.0	0.252026
4614.0	0.2522
4615.0	0.252374
4616.0	0.252547
4617.0	0.252721
4618.0	0.252917
4619.0	0.25309
4620.0	0.253264
4621.0	0.253438
4621.293945	0.253489
4622.0	0.253603
4623.0	0.253763
4624.0	0.253924
4625.0	0.254084
4626.0	0.254266
4627.0	0.254427
4628.0	0.254588
4629.0	0.254748
4630.0	0.254909
4631.0	0.255064
4631.296875	0.25511
4632.0	0.255224
4633.0	0.255386
4634.0	0.25557
4635.0	0.255733
4636.0	0.255895
4637.0	0.256057
4638.0	0.256219
4639.0	0.256382
4640.0	0.256544
4641.0	0.256706
4641.299316	0.256755
4642.0	0.256848
4643.0	0.257002
4644.0	0.257134
4645.0	0.257267
4646.0	0.257399
4647.0	0.257531
4648.0	0.257664
4649.0	0.257796
4650.0	0.257929
4651.0	0.258083
4651.301758	0.258123
4652.0	0.258201
4653.0	0.258314
4654.0	0.258426
4655.0	0.258538
4656.0	0.258651
4657.0	0.258763
4658.0	0.258875
4659.0	0.258988
4660.0	0.259122
4661.0	0.259235
4661.304688	0.259269
4662.0	0.259391
4663.0	0.259568
4664.0	0.259744
4665.0	0.25992
4666.0	0.260096
4667.0	0.260272
4668.0	0.260449
4669.0	0.260647
4670.0	0.260823
4671.0	0.261
4671.307129	0.261054
4672.0	0.261122
4673.0	0.261221
4674.0	0.261321
4675.0	0.26142
4676.0	0.261519
4677.0	0.261618
4678.0	0.261739
4679.0	0.261838
4680.0	0.261937
4681.0	0.262036
4681.310059	0.262067
4682.0	0.262119
4683.0	0.262194
4684.0	0.262269
4685.0	0.262344
4686.0	0.262418
4687.0	0.262516
4688.0	0.262591
4689.0	0.262666
4690.0	0.262741
4691.0	0.262815
4691.3125	0.262839
4692.0	0.262886
4693.0	0.262955
4694.0	0.263024
4695.0	0.263092
4696.0	0.263183
4697.0	0.263252
4698.0	0.263321
4699.0	0.26339
4700.0	0.263459
4701.0	0.263527
4701.31543	0.263549
4702.0	0.263564
4703.0	0.263586
4704.0	0.263607
4705.0	0.263629
4706.0	0.263673
4707.0	0.263694
4708.0	0.263716
4709.0	0.263738
4710.0	0.263759
4711.0	0.263781
4711.317871	0.263788
4712.0	0.263864
4713.0	0.263975
4714.0	0.264086
4715.0	0.264197
4716.0	0.26433
4717.0	0.264442
4718.0	0.264553
4719.0	0.264664
4720.0	0.264775
4721.0	0.264886
4721.320312	0.264922
4722.0	0.264985
4723.0	0.265079
4724.0	0.265172
4725.0	0.265288
4726.0	0.265382
4727.0	0.265475
4728.0	0.265569
4729.0	0.265662
4730.0	0.265756
4731.0	0.26585
4731.323242	0.26588
4732.0	0.265952
4733.0	0.266058
4734.0	0.266164
4735.0	0.266293
4736.0	0.266399
4737.0	0.266506
4738.0	0.266612
4739.0	0.266718
4740.0	0.266824
4741.0	0.266931
4741.325684	0.266965
4742.0	0.267001
4743.0	0.267054
4744.0	0.267107
4745.0	0.26716
4746.0	0.267236
4747.0	0.267289
4748.0	0.267342
4749.0	0.267395
4750.0	0.267448
4751.0	0.267501
4751.328613	0.267518
4752.0	0.267598
4753.0	0.267718
4754.0	0.267837
4755.0	0.267957
4756.0	0.268099
4757.0	0.268219
4758.0	0.268338
4759.0	0.268458
4760.0	0.268577
4761.0	0.268697
4761.331055	0.268736
4762.0	0.268769
4763.0	0.268819
4764.0	0.268868
4765.0	0.268917
4766.0	0.268966
4767.0	0.269039
4768.0	0.269088
4769.0	0.269137
4770.0	0.269186
4771.0	0.269236
4771.333984	0.269252
4772.0	0.269286
4773.0	0.269338
4774.0	0.269389
4775.0	0.26944
4776.0	0.269492
4777.0	0.269566
4778.0	0.269617
4779.0	0.269668
4780.0	0.26972
4781.0	0.269771
4781.336426	0.269788
4782.0	0.269854
4783.0	0.269953
4784.0	0.270052
4785.0	0.270151
4786.0	0.270249
4787.0	0.270348
4788.0	0.270447
4789.0	0.270569
4790.0	0.270668
4791.0	0.270767
4791.338867	0.2708
4792.0	0.270857
4793.0	0.270944
4794.0	0.27103
4795.0	0.271117
4796.0	0.271203
4797.0	0.27129
4798.0	0.271376
4799.0	0.271463
4800.0	0.271572
4801.0	0.271659
4801.341797	0.271688
4802.0	0.271754
4803.0	0.271854
4804.0	0.271953
4805.0	0.272053
4806.0	0.272153
4807.0	0.272253
4808.0	0.272352
4809.0	0.272452
4810.0	0.272552
4811.0	0.272652
4811.344238	0.272694
4812.0	0.272743
4813.0	0.272796
4814.0	0.272848
4815.0	0.272901
4816.0	0.272953
4817.0	0.273006
4818.0	0.273058
4819.0	0.273111
4820.0	0.273163
4821.0	0.273216
4821.347168	0.273234
4822.0	0.273293
4823.0	0.273382
4824.0	0.273495
4825.0	0.273585
4826.0	0.273675
4827.0	0.273765
4828.0	0.273855
4829.0	0.273944
4830.0	0.274034
4831.0	0.274121
4831.349609	0.274151
4832.0	0.274193
4833.0	0.274256
4834.0	0.27432
4835.0	0.274383
4836.0	0.27447
4837.0	0.274534
4838.0	0.274597
4839.0	0.274661
4840.0	0.274725
4841.0	0.274788
4841.352539	0.274811
4842.0	0.274865
4843.0	0.274949
4844.0	0.275033
4845.0	0.275117
4846.0	0.275201
4847.0	0.275285
4848.0	0.27537
4849.0	0.275477
4850.0	0.275561
4851.0	0.275645
4851.35498	0.275675
4852.0	0.275685
4853.0	0.275701
4854.0	0.275718
4855.0	0.275734
4856.0	0.27575
4857.0	0.275766
4858.0	0.275782
4859.0	0.275798
4860.0	0.275814
4861.0	0.27583
4861.357422	0.275844
4862.0	0.275862
4863.0	0.275866
4864.0	0.27587
4865.0	0.275874
4866.0	0.275878
4867.0	0.275882
4868.0	0.275886
4869.0	0.27589
4870.0	0.275894
4871.0	0.275898
4871.360352	0.2759
4872.0	0.275939
4873.0	0.276001
4874.0	0.276062
4875.0	0.276147
4876.0	0.276209
4877.0	0.27627
4878.0	0.276332
4879.0	0.276394
4880.0	0.276455
4881.0	0.276517
4881.362793	0.276539
4882.0	0.276568
4883.0	0.276614
4884.0	0.276659
4885.0	0.276705
4886.0	0.276751
4887.0	0.276796
4888.0	0.276842
4889.0	0.276911
4890.0	0.276957
4891.0	0.277002
4891.365723	0.277019
4892.0	0.277046
4893.0	0.27709
4894.0	0.277133
4895.0	0.277176
4896.0	0.27722
4897.0	0.277263
4898.0	0.277306
4899.0	0.27735
4900.0	0.277393
4901.0	0.277436
4901.368164	0.277452
4902.0	0.277493
4903.0	0.277556
4904.0	0.277644
4905.0	0.277708
4906.0	0.277771
4907.0	0.277835
4908.0	0.277899
4909.0	0.277963
4910.0	0.278027
4911.0	0.278091
4911.371094	0.278114
4912.0	0.278141
4913.0	0.278183
4914.0	0.278226
4915.0	0.278268
4916.0	0.278311
4917.0	0.278353
4918.0	0.278396
4919.0	0.278462
4920.0	0.278504
4921.0	0.278547
4921.373535	0.278562
4922.0	0.278568
4923.0	0.278578
4924.0	0.278588
4925.0	0.278597
4926.0	0.278607
4927.0	0.278617
4928.0	0.278626
4929.0	0.278636
4930.0	0.278646
4931.0	0.278655
4931.375977	0.278659
4932.0	0.27871
4933.0	0.278792
4934.0	0.278874
4935.0	0.278957
4936.0	0.279062
4937.0	0.279144
4938.0	0.279227
4939.0	0.279309
4940.0	0.279391
4941.0	0.279473
4941.378906	0.279504
4942.0	0.27952
4943.0	0.279546
4944.0	0.279573
4945.0	0.279599
4946.0	0.279625
4947.0	0.279651
4948.0	0.279677
4949.0	0.279703
4950.0	0.279729
4951.0	0.279756
4951.381348	0.279775
4952.0	0.27982
4953.0	0.279869
4954.0	0.279919
4955.0	0.279968
4956.0	0.280018
4957.0	0.280067
4958.0	0.280116
4959.0	0.280166
4960.0	0.280215
4961.0	0.280265
4961.384277	0.280284
4962.0	0.280329
4963.0	0.280402
4964.0	0.280476
4965.0	0.28055
4966.0	0.280623
4967.0	0.280697
4968.0	0.28077
4969.0	0.280844
4970.0	0.280941
4971.0	0.281015
4971.386719	0.281043
4972.0	0.281058
4973.0	0.281083
4974.0	0.281108
4975.0	0.281133
4976.0	0.281157
4977.0	0.281182
4978.0	0.281207
4979.0	0.281232
4980.0	0.281256
4981.0	0.281281
4981.389648	0.281291
4982.0	0.281329
4983.0	0.281391
4984.0	0.281453
4985.0	0.281515
4986.0	0.281577
4987.0	0.28164
4988.0	0.281702
4989.0	0.281764
4990.0	0.28185
4991.0	0.281912
4991.39209	0.281937
4992.0	0.281928
4993.0	0.281914
4994.0	0.281899
4995.0	0.281885
4996.0	0.28187
4997.0	0.281856
4998.0	0.281842
4999.0	0.281827
5000.0	0.281813
5001.0	0.281789
5001.39502	0.28178
5002.0	0.281815
5003.0	0.281873
5004.0	0.281931
5005.0	0.281989
5006.0	0.282047
5007.0	0.282105
5008.0	0.282163
5009.0	0.282221
5010.0	0.282303
5011.0	0.282361
5011.397461	0.282384
5012.0	0.282417
5013.0	0.282472
5014.0	0.282527
5015.0	0.282582
5016.0	0.282637
5017.0	0.282692
5018.0	0.282747
5019.0	0.282802
5020.0	0.282857
5021.0	0.282912
5021.399902	0.282934
5022.0	0.282933
5023.0	0.28293
5024.0	0.282927
5025.0	0.282925
5026.0	0.282922
5027.0	0.28292
5028.0	0.282917
5029.0	0.282915
5030.0	0.282912
5031.0	0.282903
5031.402832	0.2829
5032.0	0.282918
5033.0	0.282972
5034.0	0.283003
5035.0	0.283034
5036.0	0.283064
5037.0	0.283095
5038.0	0.283125
5039.0	0.283156
5040.0	0.283186
5041.0	0.283217
5041.405273	0.283229
5042.0	0.283242
5043.0	0.283263
5044.0	0.283284
5045.0	0.283305
5046.0	0.283326
5047.0	0.283347
5048.0	0.283368
5049.0	0.283389
5050.0	0.28341
5051.0	0.283431
5051.408203	0.28344
5052.0	0.283451
5053.0	0.28347
5054.0	0.283489
5055.0	0.283508
5056.0	0.283526
5057.0	0.283545
5058.0	0.283588
5059.0	0.283607
5060.0	0.283626
5061.0	0.283645
5061.410645	0.283653
5062.0	0.283652
5063.0	0.283652
5064.0	0.283652
5065.0	0.283651
5066.0	0.283651
5067.0	0.283651
5068.0	0.28365
5069.0	0.28365
5070.0	0.28365
5071.0	0.283649
5071.413574	0.283649
5072.0	0.283651
5073.0	0.283656
5074.0	0.28366
5075.0	0.283664
5076.0	0.283668
5077.0	0.283672
5078.0	0.283676
5079.0	0.283681
5080.0	0.283685
5081.0	0.283689
5081.416016	0.283691
5082.0	0.283693
5083.0	0.283696
5084.0	0.283699
5085.0	0.283703
5086.0	0.283706
5087.0	0.283734
5088.0	0.283737
5089.0	0.28374
5090.0	0.283744
5091.0	0.283747
5091.418945	0.283749
5092.0	0.283756
5093.0	0.283768
5094.0	0.28378
5095.0	0.283792
5096.0	0.283804
5097.0	0.283816
5098.0	0.283828
5099.0	0.28384
5100.0	0.283852
5101.0	0.283864
5101.421387	0.283869
5102.0	0.283869
5103.0	0.28387
5104.0	0.283871
5105.0	0.283872
5106.0	0.283872
5107.0	0.283873
5108.0	0.283874
5109.0	0.283875
5110.0	0.283875
5111.0	0.283876
5111.424316	0.283876
5112.0	0.283873
5113.0	0.283868
5114.0	0.283863
5115.0	0.283857
5116.0	0.283852
5117.0	0.283846
5118.0	0.283841
5119.0	0.283836
5120.0	0.28383
5121.0	0.283825
5121.426758	0.283823
5122.0	0.283863
5123.0	0.283959
5124.0	0.28403
5125.0	0.284101
5126.0	0.284172
5127.0	0.284243
5128.0	0.284314
5129.0	0.284385
5130.0	0.284457
5131.0	0.284528
5131.429199	0.284558
5132.0	0.284559
5133.0	0.28456
5134.0	0.284561
5135.0	0.284562
5136.0	0.284563
5137.0	0.284564
5138.0	0.284565
5139.0	0.284565
5140.0	0.284566
5141.0	0.284567
5141.432129	0.284568
5142.0	0.284575
5143.0	0.284588
5144.0	0.2846
5145.0	0.284613
5146.0	0.284626
5147.0	0.284638
5148.0	0.284651
5149.0	0.284664
5150.0	0.284676
5151.0	0.284689
5151.43457	0.284695
5152.0	0.284713
5153.0	0.284746
5154.0	0.284779
5155.0	0.284812
5156.0	0.284845
5157.0	0.284878
5158.0	0.284911
5159.0	0.284944
5160.0	0.284976
5161.0	0.285009
5161.4375	0.285024
5162.0	0.285004
5163.0	0.284969
5164.0	0.284934
5165.0	0.284898
5166.0	0.284863
5167.0	0.284828
5168.0	0.284793
5169.0	0.284758
5170.0	0.284723
5171.0	0.284687
5171.439941	0.284672
5172.0	0.284645
5173.0	0.284622
5174.0	0.284575
5175.0	0.284528
5176.0	0.284481
5177.0	0.284434
5178.0	0.284387
5179.0	0.28434
5180.0	0.284293
5181.0	0.284246
5181.442871	0.284225
5182.0	0.284249
5183.0	0.284291
5184.0	0.284334
5185.0	0.284376
5186.0	0.284418
5187.0	0.284461
5188.0	0.284503
5189.0	0.284545
5190.0	0.284588
5191.0	0.28463
5191.445312	0.284649
5192.0	0.284628
5193.0	0.284589
5194.0	0.28455
5195.0	0.284511
5196.0	0.284472
5197.0	0.284434
5198.0	0.284395
5199.0	0.284356
5200.0	0.284317
5201.0	0.284279
5201.448242	0.284261
5202.0	0.284239
5203.0	0.284199
5204.0	0.284158
5205.0	0.284118
5206.0	0.284077
5207.0	0.284037
5208.0	0.283997
5209.0	0.283956
5210.0	0.283916
5211.0	0.283876
5211.450684	0.283857
5212.0	0.283889
5213.0	0.283947
5214.0	0.284006
5215.0	0.284064
5216.0	0.284122
5217.0	0.28418
5218.0	0.284238
5219.0	0.284296
5220.0	0.284354
5221.0	0.284412
5221.453613	0.284438
5222.0	0.284435
5223.0	0.284428
5224.0	0.284421
5225.0	0.284414
5226.0	0.284407
5227.0	0.2844
5228.0	0.284393
5229.0	0.284386
5230.0	0.284379
5231.0	0.284374
5231.456055	0.284372
5232.0	0.284324
5233.0	0.284237
5234.0	0.28415
5235.0	0.284063
5236.0	0.283976
5237.0	0.283889
5238.0	0.283801
5239.0	0.283714
5240.0	0.283627
5241.0	0.28354
5241.458496	0.2835
5242.0	0.283502
5243.0	0.283504
5244.0	0.283507
5245.0	0.283509
5246.0	0.283512
5247.0	0.283514
5248.0	0.283517
5249.0	0.283519
5250.0	0.283522
5251.0	0.283524
5251.461426	0.283525
5252.0	0.283498
5253.0	0.283448
5254.0	0.283398
5255.0	0.283348
5256.0	0.283297
5257.0	0.283247
5258.0	0.283197
5259.0	0.283147
5260.0	0.283096
5261.0	0.283046
5261.463867	0.283023
5262.0	0.282972
5263.0	0.282876
5264.0	0.282781
5265.0	0.282686
5266.0	0.28259
5267.0	0.282495
5268.0	0.2824
5269.0	0.282305
5270.0	0.282209
5271.0	0.282114
5271.466797	0.282069
5272.0	0.282036
5273.0	0.281974
5274.0	0.281913
5275.0	0.281851
5276.0	0.281789
5277.0	0.281727
5278.0	0.281665
5279.0	0.281603
5280.0	0.281541
5281.0	0.281479
5281.469238	0.28145
5282.0	0.281427
5283.0	0.281384
5284.0	0.281341
5285.0	0.281298
5286.0	0.281255
5287.0	0.281212
5288.0	0.281169
5289.0	0.281126
5290.0	0.281083
5291.0	0.28104
5291.472168	0.281019
5292.0	0.281028
5293.0	0.281043
5294.0	0.281059
5295.0	0.281075
5296.0	0.281091
5297.0	0.281107
5298.0	0.281123
5299.0	0.281139
5300.0	0.281154
5301.0	0.28117
5301.474609	0.281178
5302.0	0.281159
5303.0	0.281125
5304.0	0.28109
5305.0	0.281055
5306.0	0.281021
5307.0	0.280986
5308.0	0.280952
5309.0	0.280917
5310.0	0.280882
5311.0	0.280848
5311.477539	0.280831
5312.0	0.280801
5313.0	0.280744
5314.0	0.280687
5315.0	0.280629
5316.0	0.280572
5317.0	0.280515
5318.0	0.280458
5319.0	0.280401
5320.0	0.280343
5321.0	0.280286
5321.47998	0.280259
5322.0	0.280244
5323.0	0.280216
5324.0	0.280188
5325.0	0.280161
5326.0	0.280133
5327.0	0.280105
5328.0	0.280077
5329.0	0.280049
5330.0	0.280021
5331.0	0.279969
5331.48291	0.279956
5332.0	0.27993
5333.0	0.27988
5334.0	0.279829
5335.0	0.279779
5336.0	0.279729
5337.0	0.279679
5338.0	0.279628
5339.0	0.279578
5340.0	0.279528
5341.0	0.279478
5341.485352	0.279453
5342.0	0.279431
5343.0	0.279388
5344.0	0.279346
5345.0	0.279303
5346.0	0.27926
5347.0	0.279218
5348.0	0.279175
5349.0	0.279133
5350.0	0.27909
5351.0	0.279047
5351.487793	0.279026
5352.0	0.279006
5353.0	0.278967
5354.0	0.278928
5355.0	0.27889
5356.0	0.278851
5357.0	0.278812
5358.0	0.278773
5359.0	0.278734
5360.0	0.278695
5361.0	0.278656
5361.490723	0.278637
5362.0	0.278616
5363.0	0.278575
5364.0	0.278534
5365.0	0.278492
5366.0	0.278451
5367.0	0.27841
5368.0	0.278368
5369.0	0.278327
5370.0	0.278286
5371.0	0.278245
5371.493164	0.278224
5372.0	0.278167
5373.0	0.278055
5374.0	0.277943
5375.0	0.27783
5376.0	0.277718
5377.0	0.277606
5378.0	0.277493
5379.0	0.277381
5380.0	0.277269
5381.0	0.277133
5381.496094	0.277077
5382.0	0.277044
5383.0	0.276977
5384.0	0.276911
5385.0	0.276844
5386.0	0.276778
5387.0	0.276711
5388.0	0.276645
5389.0	0.276578
5390.0	0.276512
5391.0	0.276445
5391.498535	0.276412
5392.0	0.276351
5393.0	0.276229
5394.0	0.276108
5395.0	0.275986
5396.0	0.275864
5397.0	0.275742
5398.0	0.27562
5399.0	0.275498
5400.0	0.275377
5401.0	0.275255
5401.501465	0.275193
5402.0	0.275127
5403.0	0.274995
5404.0	0.274862
5405.0	0.274729
5406.0	0.274597
5407.0	0.274464
5408.0	0.274331
5409.0	0.274199
5410.0	0.274066
5411.0	0.273933
5411.503906	0.273866
5412.0	0.273832
5413.0	0.273762
5414.0	0.273692
5415.0	0.273623
5416.0	0.27353
5417.0	0.27346
5418.0	0.273391
5419.0	0.273321
5420.0	0.273251
5421.0	0.273182
5421.506836	0.273146
5422.0	0.273124
5423.0	0.273079
5424.0	0.273033
5425.0	0.272988
5426.0	0.272943
5427.0	0.272898
5428.0	0.272853
5429.0	0.272807
5430.0	0.272762
5431.0	0.272717
5431.509277	0.272693
5432.0	0.272651
5433.0	0.272564
5434.0	0.272478
5435.0	0.272391
5436.0	0.272305
5437.0	0.272218
5438.0	0.272132
5439.0	0.272045
5440.0	0.271959
5441.0	0.271872
5441.512207	0.271828
5442.0	0.271791
5443.0	0.271715
5444.0	0.271639
5445.0	0.27154
5446.0	0.271464
5447.0	0.271388
5448.0	0.271312
5449.0	0.271236
5450.0	0.271161
5451.0	0.271084
5451.514648	0.271045
5452.0	0.271002
5453.0	0.270911
5454.0	0.270821
5455.0	0.270731
5456.0	0.270641
5457.0	0.270551
5458.0	0.27046
5459.0	0.27037
5460.0	0.27028
5461.0	0.27019
5461.517578	0.270143
5462.0	0.270084
5463.0	0.269962
5464.0	0.26984
5465.0	0.269719
5466.0	0.269597
5467.0	0.269475
5468.0	0.269353
5469.0	0.269231
5470.0	0.26911
5471.0	0.268965
5471.52002	0.268902
5472.0	0.268871
5473.0	0.268807
5474.0	0.268743
5475.0	0.26868
5476.0	0.268616
5477.0	0.268552
5478.0	0.268489
5479.0	0.268425
5480.0	0.268361
5481.0	0.268297
5481.522461	0.268264
5482.0	0.268225
5483.0	0.268142
5484.0	0.26806
5485.0	0.267978
5486.0	0.267896
5487.0	0.267813
5488.0	0.267731
5489.0	0.267649
5490.0	0.267567
5491.0	0.267484
5491.525391	0.267441
5492.0	0.267364
5493.0	0.267178
5494.0	0.267015
5495.0	0.266852
5496.0	0.266689
5497.0	0.266526
5498.0	0.266363
5499.0	0.2662
5500.0	0.266037
5501.0	0.265873
5501.527832	0.265786
5502.0	0.265704
5503.0	0.265529
5504.0	0.265354
5505.0	0.265179
5506.0	0.265004
5507.0	0.264829
5508.0	0.264655
5509.0	0.26448
5510.0	0.264305
5511.0	0.26413
5511.530762	0.264037
5512.0	0.263977
5513.0	0.26385
5514.0	0.263701
5515.0	0.263573
5516.0	0.263446
5517.0	0.263319
5518.0	0.263191
5519.0	0.263064
5520.0	0.262937
5521.0	0.26281
5521.533203	0.262742
5522.0	0.262698
5523.0	0.262604
5524.0	0.26251
5525.0	0.262416
5526.0	0.262322
5527.0	0.262229
5528.0	0.262135
5529.0	0.262041
5530.0	0.261947
5531.0	0.261853
5531.536133	0.261802
5532.0	0.261736
5533.0	0.261572
5534.0	0.26143
5535.0	0.261288
5536.0	0.261146
5537.0	0.261003
5538.0	0.260861
5539.0	0.260719
5540.0	0.260577
5541.0	0.260435
5541.538574	0.260358
5542.0	0.2603
5543.0	0.260175
5544.0	0.26005
5545.0	0.259925
5546.0	0.2598
5547.0	0.259675
5548.0	0.25955
5549.0	0.259425
5550.0	0.259299
5551.0	0.259152
5551.541504	0.259085
5552.0	0.259018
5553.0	0.258872
5554.0	0.258726
5555.0	0.25858
5556.0	0.258434
5557.0	0.258288
5558.0	0.258142
5559.0	0.257996
5560.0	0.25785
5561.0	0.257704
5561.543945	0.257624
5562.0	0.257575
5563.0	0.257466
5564.0	0.257358
5565.0	0.25725
5566.0	0.257141
5567.0	0.257033
5568.0	0.256903
5569.0	0.256795
5570.0	0.256686
5571.0	0.256578
5571.546875	0.256519
5572.0	0.256453
5573.0	0.256306
5574.0	0.25616
5575.0	0.256014
5576.0	0.255868
5577.0	0.255722
5578.0	0.255576
5579.0	0.25543
5580.0	0.255284
5581.0	0.255138
5581.549316	0.255058
5582.0	0.254994
5583.0	0.254852
5584.0	0.254688
5585.0	0.254547
5586.0	0.254405
5587.0	0.254263
5588.0	0.254122
5589.0	0.25398
5590.0	0.253838
5591.0	0.253696
5591.552246	0.253618
5592.0	0.253563
5593.0	0.25344
5594.0	0.253317
5595.0	0.253195
5596.0	0.253072
5597.0	0.252949
5598.0	0.252826
5599.0	0.252682
5600.0	0.252559
5601.0	0.252436
5601.554688	0.252368
5602.0	0.252279
5603.0	0.25208
5604.0	0.251881
5605.0	0.251682
5606.0	0.251484
5607.0	0.251285
5608.0	0.251086
5609.0	0.250887
5610.0	0.250688
5611.0	0.250489
5611.557617	0.250378
5612.0	0.250293
5613.0	0.2501
5614.0	0.249886
5615.0	0.249693
5616.0	0.249501
5617.0	0.249308
5618.0	0.249115
5619.0	0.248922
5620.0	0.248729
5621.0	0.248536
5621.560059	0.248428
5622.0	0.248332
5623.0	0.248112
5624.0	0.247893
5625.0	0.247673
5626.0	0.247454
5627.0	0.247234
5628.0	0.246994
5629.0	0.246775
5630.0	0.246555
5631.0	0.246329
5631.562988	0.246202
5632.0	0.246107
5633.0	0.245891
5634.0	0.245675
5635.0	0.245459
5636.0	0.245243
5637.0	0.245027
5638.0	0.244811
5639.0	0.244595
5640.0	0.244378
5641.0	0.244163
5641.56543	0.244029
5642.0	0.24396
5643.0	0.243823
5644.0	0.243686
5645.0	0.243549
5646.0	0.243413
5647.0	0.243276
5648.0	0.243139
5649.0	0.243002
5650.0	0.242865
5651.0	0.242728
5651.567871	0.242651
5652.0	0.242573
5653.0	0.242393
5654.0	0.242213
5655.0	0.242013
5656.0	0.241833
5657.0	0.241653
5658.0	0.241473
5659.0	0.241293
5660.0	0.241114
5661.0	0.240934
5661.570801	0.240831
5662.0	0.240751
5663.0	0.240563
5664.0	0.240375
5665.0	0.240187
5666.0	0.239999
5667.0	0.239811
5668.0	0.239603
5669.0	0.239415
5670.0	0.239227
5671.0	0.239039
5671.57373	0.238931
5672.0	0.23884
5673.0	0.238626
5674.0	0.238412
5675.0	0.238198
5676.0	0.237984
5677.0	0.23777
5678.0	0.237556
5679.0	0.237343
5680.0	0.237109
5681.0	0.236895
5681.576172	0.236771
5682.0	0.236684
5683.0	0.236477
5684.0	0.23627
5685.0	0.236064
5686.0	0.235857
5687.0	0.23565
5688.0	0.235444
5689.0	0.235237
5690.0	0.23503
5691.0	0.234824
5691.578613	0.234693
5692.0	0.234605
5693.0	0.234417
5694.0	0.234229
5695.0	0.234041
5696.0	0.233853
5697.0	0.233665
5698.0	0.233477
5699.0	0.233289
5700.0	0.233101
5701.0	0.232913
5701.581543	0.232804
5702.0	0.2327
5703.0	0.232451
5704.0	0.232183
5705.0	0.231935
5706.0	0.231686
5707.0	0.231438
5708.0	0.231189
5709.0	0.230941
5710.0	0.230693
5711.0	0.230444
5711.583984	0.230299
5712.0	0.230226
5713.0	0.230051
5714.0	0.229876
5715.0	0.229681
5716.0	0.229506
5717.0	0.229331
5718.0	0.229156
5719.0	0.228981
5720.0	0.228806
5721.0	0.228631
5721.586914	0.228528
5722.0	0.228442
5723.0	0.228233
5724.0	0.228024
5725.0	0.227815
5726.0	0.227587
5727.0	0.227378
5728.0	0.227169
5729.0	0.22696
5730.0	0.226751
5731.0	0.226543
5731.589355	0.226419
5732.0	0.226325
5733.0	0.226096
5734.0	0.225867
5735.0	0.225638
5736.0	0.225409
5737.0	0.225161
5738.0	0.224932
5739.0	0.224703
5740.0	0.224474
5741.0	0.224245
5741.592285	0.22411
5742.0	0.224012
5743.0	0.22377
5744.0	0.223529
5745.0	0.223288
5746.0	0.223047
5747.0	0.222806
5748.0	0.222547
5749.0	0.222306
5750.0	0.222065
5751.0	0.221824
5751.594727	0.221681
5752.0	0.221606
5753.0	0.221423
5754.0	0.221239
5755.0	0.221056
5756.0	0.220873
5757.0	0.220689
5758.0	0.220487
5759.0	0.220304
5760.0	0.220121
5761.0	0.219937
5761.597656	0.219828
5762.0	0.219726
5763.0	0.219474
5764.0	0.219221
5765.0	0.218969
5766.0	0.218717
5767.0	0.218465
5768.0	0.218194
5769.0	0.217942
5770.0	0.217689
5771.0	0.217437
5771.600098	0.217286
5772.0	0.217188
5773.0	0.216941
5774.0	0.216695
5775.0	0.21645
5776.0	0.216204
5777.0	0.215958
5778.0	0.215693
5779.0	0.215448
5780.0	0.215202
5781.0	0.214956
5781.603027	0.214808
5782.0	0.214698
5783.0	0.214423
5784.0	0.214147
5785.0	0.213872
5786.0	0.213596
5787.0	0.213321
5788.0	0.213027
5789.0	0.212752
5790.0	0.212476
5791.0	0.212201
5791.605469	0.212034
5792.0	0.211945
5793.0	0.21172
5794.0	0.211494
5795.0	0.211269
5796.0	0.211043
5797.0	0.210818
5798.0	0.210575
5799.0	0.210349
5800.0	0.210124
5801.0	0.209899
5801.608398	0.209761
5802.0	0.209651
5803.0	0.209367
5804.0	0.209084
5805.0	0.208801
5806.0	0.208518
5807.0	0.208218
5808.0	0.207935
5809.0	0.207652
5810.0	0.207369
5811.0	0.207086
5811.61084	0.206913
5812.0	0.206812
5813.0	0.206552
5814.0	0.206291
5815.0	0.206031
5816.0	0.205753
5817.0	0.205493
5818.0	0.205233
5819.0	0.204973
5820.0	0.204713
5821.0	0.204453
5821.61377	0.204293
5822.0	0.204214
5823.0	0.204008
5824.0	0.203802
5825.0	0.203596
5826.0	0.203373
5827.0	0.203167
5828.0	0.202962
5829.0	0.202756
5830.0	0.20255
5831.0	0.202348
5831.616211	0.202223
5832.0	0.202123
5833.0	0.201863
5834.0	0.201604
5835.0	0.201327
5836.0	0.201067
5837.0	0.200807
5838.0	0.200548
5839.0	0.200288
5840.0	0.200028
5841.0	0.199769
5841.619141	0.199608
5842.0	0.1995
5843.0	0.199201
5844.0	0.198918
5845.0	0.198635
5846.0	0.198352
5847.0	0.19807
5848.0	0.197787
5849.0	0.197504
5850.0	0.197222
5851.0	0.196939
5851.621582	0.196753
5852.0	0.196659
5853.0	0.196427
5854.0	0.196196
5855.0	0.195964
5856.0	0.195732
5857.0	0.195501
5858.0	0.195269
5859.0	0.195037
5860.0	0.194806
5861.0	0.194558
5861.624512	0.194413
5862.0	0.194312
5863.0	0.194044
5864.0	0.193775
5865.0	0.193506
5866.0	0.193238
5867.0	0.192969
5868.0	0.192701
5869.0	0.192416
5870.0	0.192147
5871.0	0.191879
5871.626953	0.191711
5872.0	0.19161
5873.0	0.191339
5874.0	0.191069
5875.0	0.190799
5876.0	0.190528
5877.0	0.190258
5878.0	0.189972
5879.0	0.189702
5880.0	0.189431
5881.0	0.189161
5881.629883	0.188991
5882.0	0.188892
5883.0	0.188623
5884.0	0.188355
5885.0	0.188087
5886.0	0.187803
5887.0	0.187535
5888.0	0.187267
5889.0	0.186999
5890.0	0.186731
5891.0	0.186463
5891.632324	0.186293
5892.0	0.186188
5893.0	0.1859
5894.0	0.185597
5895.0	0.18531
5896.0	0.185023
5897.0	0.184736
5898.0	0.184448
5899.0	0.184161
5900.0	0.183874
5901.0	0.183587
5901.634766	0.183395
5902.0	0.183287
5903.0	0.183006
5904.0	0.182725
5905.0	0.182445
5906.0	0.182164
5907.0	0.181884
5908.0	0.181603
5909.0	0.181323
5910.0	0.181027
5911.0	0.180747
5911.637695	0.180568
5912.0	0.180476
5913.0	0.180222
5914.0	0.179968
5915.0	0.179714
5916.0	0.17946
5917.0	0.179206
5918.0	0.178936
5919.0	0.178682
5920.0	0.178428
5921.0	0.178175
5921.640625	0.178012
5922.0	0.177917
5923.0	0.177653
5924.0	0.177389
5925.0	0.177124
5926.0	0.176845
5927.0	0.176581
5928.0	0.176317
5929.0	0.176053
5930.0	0.175789
5931.0	0.175525
5931.643066	0.175355
5932.0	0.175256
5933.0	0.174965
5934.0	0.174689
5935.0	0.174413
5936.0	0.174136
5937.0	0.17386
5938.0	0.173584
5939.0	0.173308
5940.0	0.173032
5941.0	0.172741
5941.645508	0.172563
5942.0	0.172465
5943.0	0.17219
5944.0	0.171914
5945.0	0.171639
5946.0	0.171364
5947.0	0.171089
5948.0	0.170814
5949.0	0.170524
5950.0	0.170249
5951.0	0.169974
5951.648438	0.169796
5952.0	0.169697
5953.0	0.169416
5954.0	0.169135
5955.0	0.168854
5956.0	0.168559
5957.0	0.168278
5958.0	0.167997
5959.0	0.167717
5960.0	0.167436
5961.0	0.167155
5961.650879	0.166973
5962.0	0.166877
5963.0	0.16659
5964.0	0.166316
5965.0	0.166043
5966.0	0.16577
5967.0	0.165496
5968.0	0.165223
5969.0	0.16495
5970.0	0.164677
5971.0	0.16439
5971.653809	0.164211
5972.0	0.164115
5973.0	0.163838
5974.0	0.16356
5975.0	0.163283
5976.0	0.163006
5977.0	0.162728
5978.0	0.162437
5979.0	0.16216
5980.0	0.161883
5981.0	0.161606
5981.656738	0.161424
5982.0	0.161328
5983.0	0.161047
5984.0	0.160766
5985.0	0.160472
5986.0	0.160191
5987.0	0.15991
5988.0	0.15963
5989.0	0.159349
5990.0	0.159069
5991.0	0.158788
5991.65918	0.158594
5992.0	0.158488
5993.0	0.15819
5994.0	0.157892
5995.0	0.157595
5996.0	0.157297
5997.0	0.156999
5998.0	0.156701
5999.0	0.15639
6000.0	0.156092
6001.0	0.15581
6001.661621	0.155623
6002.0	0.15553
6003.0	0.155253
6004.0	0.154976
6005.0	0.1547
6006.0	0.15441
6007.0	0.154133
6008.0	0.153856
6009.0	0.153579
6010.0	0.153302
6011.0	0.153025
6011.664551	0.152841
6012.0	0.152751
6013.0	0.152467
6014.0	0.152196
6015.0	0.151925
6016.0	0.151654
6017.0	0.151383
6018.0	0.151112
6019.0	0.150841
6020.0	0.150557
6021.0	0.150286
6021.666992	0.150105
6022.0	0.150022
6023.0	0.149772
6024.0	0.149522
6025.0	0.149273
6026.0	0.14901
6027.0	0.14876
6028.0	0.14851
6029.0	0.14826
6030.0	0.14801
6031.0	0.147758
6031.669922	0.14759
6032.0	0.147499
6033.0	0.14721
6034.0	0.146934
6035.0	0.146658
6036.0	0.146382
6037.0	0.146105
6038.0	0.145829
6039.0	0.145553
6040.0	0.145264
6041.0	0.144988
6041.672363	0.144802
6042.0	0.144715
6043.0	0.144449
6044.0	0.144183
6045.0	0.143917
6046.0	0.143639
6047.0	0.143373
6048.0	0.143107
6049.0	0.142841
6050.0	0.142575
6051.0	0.142309
6051.675293	0.142129
6052.0	0.142044
6053.0	0.14177
6054.0	0.141508
6055.0	0.141245
6056.0	0.140983
6057.0	0.140721
6058.0	0.140458
6059.0	0.140184
6060.0	0.139921
6061.0	0.139659
6061.677734	0.139481
6062.0	0.139396
6063.0	0.13913
6064.0	0.138865
6065.0	0.138599
6066.0	0.138322
6067.0	0.138057
6068.0	0.137791
6069.0	0.137526
6070.0	0.13726
6071.0	0.136994
6071.680664	0.136806
6072.0	0.13671
6073.0	0.136424
6074.0	0.136137
6075.0	0.13585
6076.0	0.135563
6077.0	0.135276
6078.0	0.134989
6079.0	0.13469
6080.0	0.134403
6081.0	0.134116
6081.683105	0.13392
6082.0	0.133844
6083.0	0.133603
6084.0	0.133363
6085.0	0.133111
6086.0	0.13287
6087.0	0.13263
6088.0	0.132389
6089.0	0.132148
6090.0	0.131907
6091.0	0.131655
6091.686035	0.13149
6092.0	0.131406
6093.0	0.131137
6094.0	0.130868
6095.0	0.130599
6096.0	0.13033
6097.0	0.13005
6098.0	0.129781
6099.0	0.129512
6100.0	0.129243
6101.0	0.128974
6101.688477	0.128789
6102.0	0.128705
6103.0	0.128425
6104.0	0.128156
6105.0	0.127887
6106.0	0.127618
6107.0	0.127349
6108.0	0.12708
6109.0	0.1268
6110.0	0.126531
6111.0	0.126262
6111.691406	0.126076
6112.0	0.125992
6113.0	0.125721
6114.0	0.12545
6115.0	0.125179
6116.0	0.124897
6117.0	0.124626
6118.0	0.124355
6119.0	0.124083
6120.0	0.123812
6121.0	0.123541
6121.693848	0.123345
6122.0	0.123261
6123.0	0.122994
6124.0	0.122728
6125.0	0.122461
6126.0	0.122195
6127.0	0.121918
6128.0	0.121652
6129.0	0.121385
6130.0	0.121119
6131.0	0.120852
6131.696777	0.120666
6132.0	0.120583
6133.0	0.1203
6134.0	0.120026
6135.0	0.119753
6136.0	0.119479
6137.0	0.119206
6138.0	0.118932
6139.0	0.118648
6140.0	0.118375
6141.0	0.118101
6141.699219	0.11791
6142.0	0.117831
6143.0	0.117571
6144.0	0.11731
6145.0	0.11704
6146.0	0.116779
6147.0	0.116518
6148.0	0.116257
6149.0	0.115997
6150.0	0.115736
6151.0	0.115465
6151.702148	0.115282
6152.0	0.115209
6153.0	0.114964
6154.0	0.114718
6155.0	0.114473
6156.0	0.114228
6157.0	0.113973
6158.0	0.113727
6159.0	0.113482
6160.0	0.113236
6161.0	0.112991
6161.70459	0.112811
6162.0	0.112728
6163.0	0.112455
6164.0	0.112183
6165.0	0.11191
6166.0	0.111638
6167.0	0.111365
6168.0	0.111083
6169.0	0.11081
6170.0	0.110538
6171.0	0.110265
6171.70752	0.110072
6172.0	0.11
6173.0	0.109753
6174.0	0.109497
6175.0	0.10925
6176.0	0.109003
6177.0	0.108756
6178.0	0.108509
6179.0	0.108253
6180.0	0.108006
6181.0	0.107759
6181.709961	0.107584
6182.0	0.10751
6183.0	0.107255
6184.0	0.107
6185.0	0.106736
6186.0	0.106482
6187.0	0.106227
6188.0	0.105972
6189.0	0.105717
6190.0	0.105462
6191.0	0.105198
6191.712891	0.105016
6192.0	0.104943
6193.0	0.104686
6194.0	0.104429
6195.0	0.104173
6196.0	0.103907
6197.0	0.10365
6198.0	0.103393
6199.0	0.103137
6200.0	0.10288
6201.0	0.102623
6201.715332	0.102433
6202.0	0.102362
6203.0	0.102122
6204.0	0.101882
6205.0	0.101642
6206.0	0.101401
6207.0	0.101152
6208.0	0.100912
6209.0	0.100672
6210.0	0.100431
6211.0	0.100191
6211.718262	0.100018
6212.0	0.0999482
6213.0	0.0996912
6214.0	0.0994428
6215.0	0.0991943
6216.0	0.0989458
6217.0	0.0986973
6218.0	0.0984403
6219.0	0.0981918
6220.0	0.0979432
6221.0	0.0976946
6221.720703	0.0975154
6222.0	0.0974491
6223.0	0.0972033
6224.0	0.0969658
6225.0	0.0967282
6226.0	0.0964907
6227.0	0.0962531
6228.0	0.0960155
6229.0	0.0957697
6230.0	0.095532
6231.0	0.095295
6231.723633	0.0951235
6232.0	0.0950538
6233.0	0.0948017
6234.0	0.0945415
6235.0	0.0942893
6236.0	0.0940371
6237.0	0.0937849
6238.0	0.0935326
6239.0	0.0932724
6240.0	0.0930201
6241.0	0.0927677
6241.726074	0.0925845
6242.0	0.0925215
6243.0	0.0922913
6244.0	0.0920612
6245.0	0.0918231
6246.0	0.0915929
6247.0	0.0913627
6248.0	0.0911325
6249.0	0.0909022
6250.0	0.0906642
6251.0	0.0904338
6251.729004	0.0902659
6252.0	0.090204
6253.0	0.0899757
6254.0	0.0897473
6255.0	0.0895112
6256.0	0.0892828
6257.0	0.0890544
6258.0	0.0888259
6259.0	0.0885974
6260.0	0.0883614
6261.0	0.0881328
6261.731445	0.0879656
6262.0	0.0879022
6263.0	0.0876659
6264.0	0.0874297
6265.0	0.087186
6266.0	0.0869497
6267.0	0.0867134
6268.0	0.0864771
6269.0	0.0862408
6270.0	0.0860044
6271.0	0.0857607
6271.734375	0.0855871
6272.0	0.0855255
6273.0	0.0852938
6274.0	0.085062
6275.0	0.0848302
6276.0	0.0845912
6277.0	0.0843593
6278.0	0.0841275
6279.0	0.0838956
6280.0	0.0836637
6281.0	0.0834247
6281.736816	0.0832538
6282.0	0.0831936
6283.0	0.0829651
6284.0	0.0827366
6285.0	0.0825081
6286.0	0.0822725
6287.0	0.0820439
6288.0	0.0818153
6289.0	0.0815867
6290.0	0.081358
6291.0	0.0811224
6291.739746	0.0809532
6292.0	0.0808957
6293.0	0.0806749
6294.0	0.0804541
6295.0	0.0802333
6296.0	0.0800055
6297.0	0.0797847
6298.0	0.0795638
6299.0	0.0793428
6300.0	0.0791219
6301.0	0.0788941
6301.742188	0.0787301
6302.0	0.0786745
6303.0	0.0784585
6304.0	0.0782425
6305.0	0.0780265
6306.0	0.0778039
6307.0	0.0775878
6308.0	0.0773718
6309.0	0.0771557
6310.0	0.0769396
6311.0	0.0767169
6311.745117	0.0765559
6312.0	0.0764997
6313.0	0.0762791
6314.0	0.0760586
6315.0	0.075838
6316.0	0.0756109
6317.0	0.0753903
6318.0	0.0751697
6319.0	0.074949
6320.0	0.074722
6321.0	0.0745013
6321.747559	0.0743363
6322.0	0.0742803
6323.0	0.0740583
6324.0	0.0738363
6325.0	0.073608
6326.0	0.073386
6327.0	0.073164
6328.0	0.0729419
6329.0	0.0727198
6330.0	0.0724915
6331.0	0.0722694
6331.750488	0.0721027
6332.0	0.0720494
6333.0	0.071836
6334.0	0.0716225
6335.0	0.0714029
6336.0	0.0711894
6337.0	0.0709759
6338.0	0.0707623
6339.0	0.0705488
6340.0	0.0703292
6341.0	0.0701155
6341.75293	0.0699547
6342.0	0.0699037
6343.0	0.0696975
6344.0	0.0694913
6345.0	0.0692791
6346.0	0.0690728
6347.0	0.0688665
6348.0	0.0686602
6349.0	0.068448
6350.0	0.0682417
6351.0	0.0680353
6351.755859	0.0678793
6352.0	0.067827
6353.0	0.067613
6354.0	0.0673932
6355.0	0.0671792
6356.0	0.0669651
6357.0	0.066751
6358.0	0.0665369
6359.0	0.0663171
6360.0	0.066103
6361.0	0.0658888
6361.758301	0.0657264
6362.0	0.0656805
6363.0	0.0654853
6364.0	0.0652957
6365.0	0.065106
6366.0	0.0649163
6367.0	0.0647266
6368.0	0.0645314
6369.0	0.0643417
6370.0	0.0641519
6371.0	0.0639621
6371.76123	0.0638176
6372.0	0.0637733
6373.0	0.0635819
6374.0	0.0633961
6375.0	0.0632102
6376.0	0.0630242
6377.0	0.0628329
6378.0	0.062647
6379.0	0.062461
6380.0	0.0622751
6381.0	0.062089
6381.763672	0.0619429
6382.0	0.0618952
6383.0	0.0616985
6384.0	0.0615018
6385.0	0.0613051
6386.0	0.0611084
6387.0	0.0609065
6388.0	0.0607097
6389.0	0.060513
6390.0	0.0603162
6391.0	0.0601142
6391.766602	0.0599633
6392.0	0.0599184
6393.0	0.0597258
6394.0	0.0595331
6395.0	0.0593405
6396.0	0.0591428
6397.0	0.0589501
6398.0	0.0587574
6399.0	0.0585647
6400.0	0.058367
6401.0	0.0581743
6401.769043	0.058026
6402.0	0.0579839
6403.0	0.0578015
6404.0	0.057619
6405.0	0.0574316
6406.0	0.0572492
6407.0	0.0570667
6408.0	0.0568842
6409.0	0.0566968
6410.0	0.0565143
6411.0	0.0563317
6411.771973	0.0561908
6412.0	0.0561499
6413.0	0.0559705
6414.0	0.0557863
6415.0	0.055607
6416.0	0.0554276
6417.0	0.0552482
6418.0	0.055064
6419.0	0.0548846
6420.0	0.0547051
6421.0	0.0545256
6421.774414	0.0543866
6422.0	0.0543465
6423.0	0.0541638
6424.0	0.0539858
6425.0	0.0538078
6426.0	0.0536297
6427.0	0.0534471
6428.0	0.053269
6429.0	0.0530909
6430.0	0.0529128
6431.0	0.0527337
6431.777344	0.052591
6432.0	0.052551
6433.0	0.0523754
6434.0	0.0521999
6435.0	0.0520244
6436.0	0.0518444
6437.0	0.0516689
6438.0	0.0514934
6439.0	0.0513178
6440.0	0.0511379
6441.0	0.0509623
6441.779785	0.0508254
6442.0	0.0507874
6443.0	0.0506152
6444.0	0.050443
6445.0	0.0502664
6446.0	0.0500941
6447.0	0.0499219
6448.0	0.0497496
6449.0	0.0495731
6450.0	0.0494008
6451.0	0.0492285
6451.782715	0.0490936
6452.0	0.0490584
6453.0	0.0488963
6454.0	0.0487301
6455.0	0.048568
6456.0	0.0484059
6457.0	0.0482438
6458.0	0.0480775
6459.0	0.0479154
6460.0	0.0477533
6461.0	0.0475911
6461.785156	0.0474606
6462.0	0.0474246
6463.0	0.0472608
6464.0	0.0470971
6465.0	0.0469333
6466.0	0.0467655
6467.0	0.0466018
6468.0	0.046438
6469.0	0.0462742
6470.0	0.0461104
6471.0	0.0459427
6471.788086	0.0458136
6472.0	0.0457794
6473.0	0.0456181
6474.0	0.0454567
6475.0	0.0452915
6476.0	0.0451302
6477.0	0.0449689
6478.0	0.0448075
6479.0	0.0446424
6480.0	0.044481
6481.0	0.0443196
6481.790527	0.044192
6482.0	0.0441601
6483.0	0.0440039
6484.0	0.0438514
6485.0	0.0436989
6486.0	0.0435465
6487.0	0.043394
6488.0	0.0432378
6489.0	0.0430853
6490.0	0.0429328
6491.0	0.0427803
6491.793457	0.0426564
6492.0	0.0426242
6493.0	0.0424719
6494.0	0.0423196
6495.0	0.0421674
6496.0	0.0420115
6497.0	0.0418592
6498.0	0.0417069
6499.0	0.0415546
6500.0	0.0413988
6501.0	0.0412386
6501.795898	0.0411112
6502.0	0.0410796
6503.0	0.040925
6504.0	0.040767
6505.0	0.0406125
6506.0	0.0404581
6507.0	0.0403037
6508.0	0.0401494
6509.0	0.0399917
6510.0	0.0398375
6511.0	0.0396833
6511.798828	0.0395602
6512.0	0.0395282
6513.0	0.0393659
6514.0	0.039207
6515.0	0.0390482
6516.0	0.0388894
6517.0	0.0387274
6518.0	0.0385687
6519.0	0.0384102
6520.0	0.0382516
6521.0	0.0380898
6521.80127	0.0379629
6522.0	0.0379342
6523.0	0.0377903
6524.0	0.0376464
6525.0	0.0374993
6526.0	0.0373555
6527.0	0.0372118
6528.0	0.0370681
6529.0	0.0369213
6530.0	0.0367777
6531.0	0.0366342
6531.804199	0.0365188
6532.0	0.0364916
6533.0	0.0363498
6534.0	0.0362111
6535.0	0.0360725
6536.0	0.035934
6537.0	0.0357924
6538.0	0.035654
6539.0	0.0355156
6540.0	0.0353772
6541.0	0.0352359
6541.806641	0.0351243
6542.0	0.0350974
6543.0	0.0349583
6544.0	0.0348191
6545.0	0.0346771
6546.0	0.0345381
6547.0	0.0343991
6548.0	0.0342602
6549.0	0.0341184
6550.0	0.0339796
6551.0	0.0338408
6551.80957	0.0337285
6552.0	0.0337025
6553.0	0.0335633
6554.0	0.033427
6555.0	0.0332907
6556.0	0.0331546
6557.0	0.0330156
6558.0	0.0328795
6559.0	0.0327435
6560.0	0.0326075
6561.0	0.0324687
6561.812012	0.0323584
6562.0	0.0323343
6563.0	0.0322065
6564.0	0.0320786
6565.0	0.0319481
6566.0	0.0318204
6567.0	0.0316927
6568.0	0.031565
6569.0	0.0314347
6570.0	0.0313072
6571.0	0.0311797
6571.814941	0.0310758
6572.0	0.0310525
6573.0	0.0309244
6574.0	0.0307989
6575.0	0.0306734
6576.0	0.0305481
6577.0	0.0304201
6578.0	0.0302948
6579.0	0.0301696
6580.0	0.0300443
6581.0	0.0299166
6581.817383	0.0298143
6582.0	0.0297921
6583.0	0.0296707
6584.0	0.0295494
6585.0	0.0294256
6586.0	0.0293043
6587.0	0.0291831
6588.0	0.0290619
6589.0	0.0289383
6590.0	0.0288173
6591.0	0.0286962
6591.820312	0.028597
6592.0	0.0285752
6593.0	0.0284517
6594.0	0.0283306
6595.0	0.0282096
6596.0	0.0280887
6597.0	0.0279654
6598.0	0.0278445
6599.0	0.0277237
6600.0	0.027603
6601.0	0.0274798
6601.822754	0.0273805
6602.0	0.0273613
6603.0	0.0272525
6604.0	0.0271415
6605.0	0.0270328
6606.0	0.0269241
6607.0	0.0268156
6608.0	0.0267047
6609.0	0.0265962
6610.0	0.0264877
6611.0	0.0263793
6611.825684	0.0262879
6612.0	0.0262681
6613.0	0.026157
6614.0	0.026046
6615.0	0.025935
6616.0	0.0258218
6617.0	0.0257109
6618.0	0.0256
6619.0	0.0254891
6620.0	0.0253761
6621.0	0.0252654
6621.828125	0.0251737
6622.0	0.0251555
6623.0	0.02505
6624.0	0.0249424
6625.0	0.024837
6626.0	0.0247316
6627.0	0.0246241
6628.0	0.0245188
6629.0	0.0244135
6630.0	0.0243083
6631.0	0.0242001
6631.831055	0.0241119
6632.0	0.024094
6633.0	0.0239884
6634.0	0.0238828
6635.0	0.0237752
6636.0	0.0236698
6637.0	0.0235643
6638.0	0.0234589
6639.0	0.0233516
6640.0	0.0232463
6641.0	0.0231411
6641.833496	0.0230517
6642.0	0.023035
6643.0	0.0229367
6644.0	0.0228384
6645.0	0.0227401
6646.0	0.02264
6647.0	0.0225418
6648.0	0.0224437
6649.0	0.0223456
6650.0	0.0222457
6651.0	0.0221477
6651.836426	0.0220657
6652.0	0.0220497
6653.0	0.0219519
6654.0	0.0218522
6655.0	0.0217545
6656.0	0.0216568
6657.0	0.0215573
6658.0	0.0214597
6659.0	0.0213622
6660.0	0.0212646
6661.0	0.0211653
6661.838867	0.0210836
6662.0	0.0210683
6663.0	0.0209731
6664.0	0.0208781
6665.0	0.0207812
6666.0	0.0206862
6667.0	0.0205913
6668.0	0.0204946
6669.0	0.0203998
6670.0	0.020305
6671.0	0.0202102
6671.841797	0.020129
6672.0	0.0201146
6673.0	0.0200258
6674.0	0.019937
6675.0	0.0198483
6676.0	0.0197578
6677.0	0.0196692
6678.0	0.0195805
6679.0	0.0194903
6680.0	0.0194017
6681.0	0.0193132
6681.844238	0.0192385
6682.0	0.0192251
6683.0	0.0191374
6684.0	0.0190513
6685.0	0.0189653
6686.0	0.0188794
6687.0	0.0187918
6688.0	0.018706
6689.0	0.0186201
6690.0	0.0185327
6691.0	0.018447
6691.847168	0.0183743
6692.0	0.0183617
6693.0	0.0182792
6694.0	0.0181952
6695.0	0.0181127
6696.0	0.0180304
6697.0	0.017948
6698.0	0.0178641
6699.0	0.0177819
6700.0	0.0176996
6701.0	0.0176159
6701.849609	0.0175461
6702.0	0.0175339
6703.0	0.0174526
6704.0	0.0173715
6705.0	0.0172888
6706.0	0.0172077
6707.0	0.0171266
6708.0	0.0170441
6709.0	0.0169631
6710.0	0.0168822
6711.0	0.0168012
6711.852539	0.016731
6712.0	0.0167194
6713.0	0.0166417
6714.0	0.016564
6715.0	0.016485
6716.0	0.0164074
6717.0	0.0163299
6718.0	0.0162524
6719.0	0.0161735
6720.0	0.0160961
6721.0	0.0160187
6721.85498	0.0159525
6722.0	0.0159418
6723.0	0.0158662
6724.0	0.015792
6725.0	0.0157179
6726.0	0.0156425
6727.0	0.0155684
6728.0	0.0154944
6729.0	0.0154204
6730.0	0.0153451
6731.0	0.0152712
6731.85791	0.0152078
6732.0	0.0151978
6733.0	0.0151263
6734.0	0.0150561
6735.0	0.0149859
6736.0	0.0149158
6737.0	0.0148444
6738.0	0.0147743
6739.0	0.0147043
6740.0	0.014633
6741.0	0.014563
6741.860352	0.0145029
6742.0	0.0144929
6743.0	0.0144216
6744.0	0.0143492
6745.0	0.014278
6746.0	0.0142068
6747.0	0.0141344
6748.0	0.0140633
6749.0	0.0139923
6750.0	0.0139212
6751.0	0.013849
6751.863281	0.0137877
6752.0	0.0137788
6753.0	0.0137136
6754.0	0.0136473
6755.0	0.0135822
6756.0	0.0135171
6757.0	0.013452
6758.0	0.0133858
6759.0	0.0133208
6760.0	0.0132558
6761.0	0.0131897
6761.865723	0.0131335
6762.0	0.013125
6763.0	0.0130622
6764.0	0.0129982
6765.0	0.0129354
6766.0	0.0128726
6767.0	0.0128099
6768.0	0.0127461
6769.0	0.0126834
6770.0	0.0126207
6771.0	0.012557
6771.868652	0.0125026
6772.0	0.0124948
6773.0	0.0124356
6774.0	0.0123763
6775.0	0.012316
6776.0	0.0122569
6777.0	0.0121977
6778.0	0.0121375
6779.0	0.0120785
6780.0	0.0120194
6781.0	0.0119603
6781.871094	0.011908
6782.0	0.0119004
6783.0	0.0118424
6784.0	0.0117845
6785.0	0.0117255
6786.0	0.0116676
6787.0	0.0116097
6788.0	0.0115509
6789.0	0.011493
6790.0	0.0114352
6791.0	0.0113775
6791.874023	0.0113261
6792.0	0.0113187
6793.0	0.0112611
6794.0	0.0112035
6795.0	0.011145
6796.0	0.0110875
6797.0	0.01103
6798.0	0.0109725
6799.0	0.0109141
6800.0	0.0108567
6801.0	0.0107993
6801.876465	0.0107482
6802.0	0.0107416
6803.0	0.0106897
6804.0	0.0106377
6805.0	0.0105848
6806.0	0.0105329
6807.0	0.010481
6808.0	0.0104291
6809.0	0.0103764
6810.0	0.0103246
6811.0	0.0102728
6811.879395	0.0102265
6812.0	0.0102202
6813.0	0.0101686
6814.0	0.0101171
6815.0	0.0100648
6816.0	0.0100133
6817.0	0.0099619
6818.0	0.00991049
6819.0	0.00985826
6820.0	0.0098069
6821.0	0.00975557
6821.882324	0.00970956
6822.0	0.00970372
6823.0	0.00965494
6824.0	0.00960619
6825.0	0.00955663
6826.0	0.00950793
6827.0	0.00945924
6828.0	0.00941058
6829.0	0.00936113
6830.0	0.00931252
6831.0	0.00926414
6831.884766	0.00922065
6832.0	0.00921525
6833.0	0.00916921
6834.0	0.00912318
6835.0	0.00907639
6836.0	0.0090304
6837.0	0.00898443
6838.0	0.00893771
6839.0	0.00889179
6840.0	0.00884588
6841.0	0.00879999
6841.887695	0.0087586
6842.0	0.00875355
6843.0	0.00870938
6844.0	0.00866524
6845.0	0.00862036
6846.0	0.00857625
6847.0	0.00853216
6848.0	0.00848735
6849.0	0.0084433
6850.0	0.00839927
6851.0	0.00835525
6851.890137	0.00831544
6852.0	0.00831086
6853.0	0.00826986
6854.0	0.00822888
6855.0	0.00818721
6856.0	0.00814626
6857.0	0.00810534
6858.0	0.00806373
6859.0	0.00802284
6860.0	0.00798196
6861.0	0.00794041
6861.892578	0.00790396
6862.0	0.0078995
6863.0	0.00785798
6864.0	0.00781579
6865.0	0.00777431
6866.0	0.00773284
6867.0	0.00769138
6868.0	0.00764929
6869.0	0.00760787
6870.0	0.00756647
6871.0	0.00752444
6871.895508	0.0074874
6872.0	0.00748336
6873.0	0.00744477
6874.0	0.00740555
6875.0	0.00736699
6876.0	0.00732844
6877.0	0.00728928
6878.0	0.00725077
6879.0	0.00721227
6880.0	0.00717379
6881.0	0.00713471
6881.898438	0.00710017
6882.0	0.00709656
6883.0	0.007061
6884.0	0.00702485
6885.0	0.00698933
6886.0	0.00695382
6887.0	0.00691772
6888.0	0.00688224
6889.0	0.00684678
6890.0	0.00681074
6891.0	0.00677531
6891.900879	0.00674341
6892.0	0.00673989
6893.0	0.0067038
6894.0	0.00666831
6895.0	0.00663284
6896.0	0.00659681
6897.0	0.00656136
6898.0	0.00652594
6899.0	0.00649052
6900.0	0.00645457
6901.0	0.00641919
6901.903809	0.00638722
6902.0	0.00638401
6903.0	0.00635009
6904.0	0.00631674
6905.0	0.0062834
6906.0	0.00624953
6907.0	0.00621622
6908.0	0.00618292
6909.0	0.0061491
6910.0	0.00611583
6911.0	0.00608258
6911.90625	0.00605199
6912.0	0.00604889
6913.0	0.00601639
6914.0	0.0059839
6915.0	0.00595092
6916.0	0.00591846
6917.0	0.00588602
6918.0	0.00585359
6919.0	0.00582067
6920.0	0.00578827
6921.0	0.00575588
6921.90918	0.005726
6922.0	0.00572324
6923.0	0.00569333
6924.0	0.00566344
6925.0	0.00563307
6926.0	0.0056032
6927.0	0.00557335
6928.0	0.00554302
6929.0	0.0055132
6930.0	0.00548338
6931.0	0.0054531
6931.911621	0.00542595
6932.0	0.00542338
6933.0	0.00539435
6934.0	0.00536486
6935.0	0.00533585
6936.0	0.00530686
6937.0	0.00527742
6938.0	0.00524845
6939.0	0.0052195
6940.0	0.0051901
6941.0	0.00516117
6941.914551	0.00513472
6942.0	0.00513234
6943.0	0.00510411
6944.0	0.00507632
6945.0	0.00504855
6946.0	0.00502036
6947.0	0.00499261
6948.0	0.00496488
6949.0	0.00493673
6950.0	0.00490902
6951.0	0.00488132
6951.916992	0.00485593
6952.0	0.00485376
6953.0	0.0048272
6954.0	0.00480107
6955.0	0.00477496
6956.0	0.00474844
6957.0	0.00472235
6958.0	0.00469626
6959.0	0.00466979
6960.0	0.00464373
6961.0	0.00461768
6961.919922	0.00459337
6962.0	0.00459137
6963.0	0.00456679
6964.0	0.00454223
6965.0	0.00451729
6966.0	0.00449275
6967.0	0.00446822
6968.0	0.00444331
6969.0	0.0044188
6970.0	0.0043943
6971.0	0.00436944
6971.922363	0.00434687
6972.0	0.00434505
6973.0	0.00432161
6974.0	0.00429781
6975.0	0.0042744
6976.0	0.00425099
6977.0	0.00422723
6978.0	0.00420385
6979.0	0.00418047
6980.0	0.00415675
6981.0	0.00413339
6981.925293	0.00411179
6982.0	0.0041101
6983.0	0.00408707
6984.0	0.0040644
6985.0	0.00404174
6986.0	0.00401875
6987.0	0.00399611
6988.0	0.00397348
6989.0	0.00395052
6990.0	0.00392791
6991.0	0.00390531
6991.927734	0.00388404
6992.0	0.00388247
6993.0	0.00386099
6994.0	0.00383952
6995.0	0.00381773
6996.0	0.00379628
6997.0	0.00377484
6998.0	0.00375309
6999.0	0.00373167
7000.0	0.00371025
7001.0	0.00368833
7001.930664	0.00366823
7002.0	0.00366683
7003.0	0.00364669
7004.0	0.00362623
7005.0	0.00360611
7006.0	0.00358599
7007.0	0.00356558
7008.0	0.00354549
7009.0	0.00352541
7010.0	0.00350503
7011.0	0.00348497
7011.933105	0.00346626
7012.0	0.00346496
7013.0	0.00344523
7014.0	0.0034258
7015.0	0.00340638
7016.0	0.00338668
7017.0	0.00336729
7018.0	0.0033479
7019.0	0.00332824
7020.0	0.00330887
7021.0	0.00328952
7021.936035	0.00327115
7022.0	0.00326993
7023.0	0.00325118
7024.0	0.00323243
7025.0	0.00321341
7026.0	0.00319468
7027.0	0.00317568
7028.0	0.00315698
7029.0	0.00313828
7030.0	0.00311932
7031.0	0.00310053
7031.938477	0.00308291
7032.0	0.00308187
7033.0	0.0030646
7034.0	0.00304761
7035.0	0.00303062
7036.0	0.00301339
7037.0	0.00299643
7038.0	0.00297948
7039.0	0.00296228
7040.0	0.00294535
7041.0	0.00292843
7041.941406	0.00291227
7042.0	0.0029113
7043.0	0.00289492
7044.0	0.00287854
7045.0	0.00286193
7046.0	0.00284558
7047.0	0.00282923
7048.0	0.00281266
7049.0	0.00279633
7050.0	0.00278002
7051.0	0.00276348
7051.943848	0.0027481
7052.0	0.0027472
7053.0	0.00273125
7054.0	0.00271508
7055.0	0.00269915
7056.0	0.00268323
7057.0	0.00266709
7058.0	0.00265119
7059.0	0.00263507
7060.0	0.00261919
7061.0	0.00260332
7061.946777	0.00258809
7062.0	0.00258728
7063.0	0.00257238
7064.0	0.00255749
7065.0	0.00254238
7066.0	0.0025275
7067.0	0.00251264
7068.0	0.00249756
7069.0	0.00248271
7070.0	0.00246787
7071.0	0.00245283
7071.949219	0.00243876
7072.0	0.00243804
7073.0	0.00242382
7074.0	0.00240939
7075.0	0.00239519
7076.0	0.00238099
7077.0	0.00236659
7078.0	0.00235241
7079.0	0.00233824
7080.0	0.00232388
7081.0	0.00230972
7081.952148	0.00229607
7082.0	0.00229545
7083.0	0.00228274
7084.0	0.00227004
7085.0	0.00225714
7086.0	0.00224446
7087.0	0.00223178
7088.0	0.00221891
7089.0	0.00220625
7090.0	0.00219359
7091.0	0.00218075
7091.95459	0.00216869
7092.0	0.00216812
7093.0	0.00215556
7094.0	0.00214283
7095.0	0.00213029
7096.0	0.00211775
7097.0	0.00210504
7098.0	0.00209253
7099.0	0.00207984
7100.0	0.00206734
7101.0	0.00205484
7101.95752	0.00204272
7102.0	0.00204218
7103.0	0.0020298
7104.0	0.00201743
7105.0	0.0020049
7106.0	0.00199254
7107.0	0.00198019
7108.0	0.00196768
7109.0	0.00195535
7110.0	0.00194303
7111.0	0.00193054
7111.959961	0.00191872
7112.0	0.00191828
7113.0	0.00190702
7114.0	0.00189594
7115.0	0.00188486
7116.0	0.00187363
7117.0	0.00186257
7118.0	0.00185151
7119.0	0.0018403
7120.0	0.00182925
7121.0	0.00181822
7121.962891	0.00180745
7122.0	0.00180704
7123.0	0.0017964
7124.0	0.00178576
7125.0	0.00177497
7126.0	0.00176434
7127.0	0.00175357
7128.0	0.00174296
7129.0	0.00173235
7130.0	0.0017216
7131.0	0.001711
7131.965332	0.00170078
7132.0	0.00170044
7133.0	0.00169028
7134.0	0.00168029
7135.0	0.00167029
7136.0	0.00166016
7137.0	0.00165018
7138.0	0.00164007
7139.0	0.0016301
7140.0	0.00162014
7141.0	0.00161004
7141.968262	0.00160041
7142.0	0.00160011
7143.0	0.00159061
7144.0	0.00158099
7145.0	0.00157151
7146.0	0.00156203
7147.0	0.00155242
7148.0	0.00154296
7149.0	0.00153336
7150.0	0.00152391
7151.0	0.00151447
7151.970703	0.00150517
7152.0	0.00150491
7153.0	0.00149597
7154.0	0.00148704
7155.0	0.00147798
7156.0	0.00146906
7157.0	0.00146015
7158.0	0.00145111
7159.0	0.00144221
7160.0	0.00143318
7161.0	0.00142429
7161.973633	0.00141564
7162.0	0.00141542
7163.0	0.00140706
7164.0	0.00139883
7165.0	0.0013906
7166.0	0.00138226
7167.0	0.00137404
7168.0	0.00136583
7169.0	0.00135751
7170.0	0.0013493
7171.0	0.00134099
7171.976074	0.00133299
7172.0	0.0013328
7173.0	0.00132479
7174.0	0.00131666
7175.0	0.00130866
7176.0	0.00130066
7177.0	0.00129256
7178.0	0.00128457
7179.0	0.00127647
7180.0	0.00126849
7181.0	0.00126052
7181.979004	0.00125261
7182.0	0.00125245
7183.0	0.00124485
7184.0	0.00123726
7185.0	0.00122957
7186.0	0.00122199
7187.0	0.00121441
7188.0	0.00120674
7189.0	0.00119917
7190.0	0.0011915
7191.0	0.00118394
7191.981934	0.00117653
7192.0	0.0011764
7193.0	0.00116934
7194.0	0.00116239
7195.0	0.00115544
7196.0	0.00114839
7197.0	0.00114145
7198.0	0.00113441
7199.0	0.00112748
7200.0	0.00112055
7201.0	0.00111353
7201.984375	0.00110671
7202.0	0.00110661
7203.0	0.00110009
7204.0	0.00109347
7205.0	0.00108696
7206.0	0.00108035
7207.0	0.00107384
7208.0	0.00106734
7209.0	0.00106075
7210.0	0.00105425
7211.0	0.00104776
7211.987305	0.00104126
7212.0	0.00104118
7213.0	0.00103487
7214.0	0.00102847
7215.0	0.00102216
7216.0	0.00101586
7217.0	0.00100948
7218.0	0.00100318
7219.0	0.000996891
7220.0	0.000990518
7221.0	0.000984236
7221.989746	0.000977938
7222.0	0.000977876
7223.0	0.000971894
7224.0	0.000965915
7225.0	0.000959856
7226.0	0.000953885
7227.0	0.000947834
7228.0	0.000941871
7229.0	0.000935911
7230.0	0.000929873
7231.0	0.000923884
7231.992676	0.000917942
7232.0	0.000917902
7233.0	0.00091235
7234.0	0.000906881
7235.0	0.000901337
7236.0	0.000895876
7237.0	0.000890418
7238.0	0.000884887
7239.0	0.000879437
7240.0	0.000873991
7241.0	0.000868473
7241.995117	0.000863061
7242.0	0.000863035
7243.0	0.000857598
7244.0	0.00085224
7245.0	0.000846885
7246.0	0.00084146
7247.0	0.000836113
7248.0	0.000830697
7249.0	0.000825358
7250.0	0.000820022
7251.0	0.000814618
7251.998047	0.0008093
7252.0	0.000809291
7253.0	0.000804447
7254.0	0.000799536
7255.0	0.000794698
7256.0	0.000789795
7257.0	0.000784964
7258.0	0.000780137
7259.0	0.000775245
7260.0	0.000770424
7261.0	0.00076554
7262.0	0.000760726
7262.000488	0.000760724
7263.0	0.000755964
7264.0	0.000751139
7265.0	0.000746383
7266.0	0.000741631
7267.0	0.000736817
7268.0	0.000732071
7269.0	0.000727265
7270.0	0.000722525
7271.0	0.00071779
7272.0	0.000712995
7272.003418	0.000712978
7273.0	0.000708741
7274.0	0.00070443
7275.0	0.000700184
7276.0	0.000695941
7277.0	0.00069164
7278.0	0.000687402
7279.0	0.000683168
7280.0	0.000678876
7281.0	0.000674648
7282.0	0.000670363
7282.005859	0.000670338
7283.0	0.000666329
7284.0	0.0006623
7285.0	0.000658215
7286.0	0.000654191
7287.0	0.000650112
7288.0	0.000646094
7289.0	0.000642078
7290.0	0.000638009
7291.0	0.000633999
7292.0	0.000629936
7292.008789	0.000629901
7293.0	0.000625931
7294.0	0.000621929
7295.0	0.000617876
7296.0	0.00061388
7297.0	0.000609832
7298.0	0.000605842
7299.0	0.000601853
7300.0	0.000597816
7301.0	0.000593833
7302.0	0.000589854
7302.01123	0.000589808
7303.0	0.000586292
7304.0	0.00058279
7305.0	0.000579239
7306.0	0.000575741
7307.0	0.000572246
7308.0	0.000568704
7309.0	0.000565213
7310.0	0.000561676
7311.0	0.000558191
7312.0	0.000554709
7312.01416	0.000554659
7313.0	0.00055118
7314.0	0.000547702
7315.0	0.000544178
7316.0	0.000540705
7317.0	0.000537235
7318.0	0.000533719
7319.0	0.000530253
7320.0	0.000526744
7321.0	0.000523283
7322.0	0.000519824
7322.016602	0.000519766
7323.0	0.000516714
7324.0	0.000513659
7325.0	0.00051056
7326.0	0.000507509
7327.0	0.000504459
7328.0	0.000501368
7329.0	0.000498323
7330.0	0.000495236
7331.0	0.000492195
7332.0	0.000489157
7332.019531	0.000489096
7333.0	0.000486169
7334.0	0.000483227
7335.0	0.000480246
7336.0	0.000477308
7337.0	0.000474373
7338.0	0.000471398
7339.0	0.000468467
7340.0	0.000465497
7341.0	0.00046257
7342.0	0.000459645
7342.021973	0.00045958
7343.0	0.000456614
7344.0	0.000453624
7345.0	0.000450596
7346.0	0.00044761
7347.0	0.000444625
7348.0	0.000441604
7349.0	0.000438624
7350.0	0.000435608
7351.0	0.000432632
7352.0	0.000429658
7352.024902	0.000429583
7353.0	0.00042701
7354.0	0.000424411
7355.0	0.000421776
7356.0	0.00041918
7357.0	0.000416586
7358.0	0.000413957
7359.0	0.000411366
7360.0	0.000408741
7361.0	0.000406155
7362.0	0.00040357
7362.027344	0.000403498
7363.0	0.000401131
7364.0	0.000398734
7365.0	0.000396304
7366.0	0.00039391
7367.0	0.000391518
7368.0	0.000389093
7369.0	0.000386705
7370.0	0.000384284
7371.0	0.000381899
7372.0	0.000379482
7372.030273	0.00037941
7373.0	0.0003771
7374.0	0.000374719
7375.0	0.000372308
7376.0	0.000369931
7377.0	0.000367523
7378.0	0.00036515
7379.0	0.000362777
7380.0	0.000360375
7381.0	0.000358007
7382.0	0.000355608
7382.032715	0.000355531
7383.0	0.000353376
7384.0	0.00035115
7385.0	0.000348894
7386.0	0.000346671
7387.0	0.000344419
7388.0	0.000342199
7389.0	0.00033998
7390.0	0.000337733
7391.0	0.000335518
7392.0	0.000333275
7392.035645	0.000333196
7393.0	0.000331217
7394.0	0.000329136
7395.0	0.000327086
7396.0	0.000325038
7397.0	0.000322963
7398.0	0.000320917
7399.0	0.000318845
7400.0	0.000316802
7401.0	0.000314761
7402.0	0.000312693
7402.038086	0.000312616
7403.0	0.000310808
7404.0	0.000308903
7405.0	0.000307027
7406.0	0.000305151
7407.0	0.000303251
7408.0	0.000301378
7409.0	0.00029948
7410.0	0.00029761
7411.0	0.000295715
7412.0	0.000293848
7412.041016	0.000293772
7413.0	0.000292047
7414.0	0.000290225
7415.0	0.000288429
7416.0	0.000286609
7417.0	0.000284816
7418.0	0.000283024
7419.0	0.000281208
7420.0	0.000279419
7421.0	0.000277606
7422.0	0.000275819
7422.043457	0.000275741
7423.0	0.000274053
7424.0	0.000272313
7425.0	0.000270575
7426.0	0.000268815
7427.0	0.000267079
7428.0	0.000265321
7429.0	0.000263588
7430.0	0.000261856
7431.0	0.000260116
7432.0	0.0002584
7432.046387	0.000258319
7433.0	0.000256876
7434.0	0.000255387
7435.0	0.000253876
7436.0	0.000252388
7437.0	0.000250901
7438.0	0.000249393
7439.0	0.000247908
7440.0	0.000246402
7441.0	0.000244919
7442.0	0.000243436
7442.049316	0.000243362
7443.0	0.000241933
7444.0	0.000240453
7445.0	0.000238952
7446.0	0.000237473
7447.0	0.000235974
7448.0	0.000234497
7449.0	0.000233021
7450.0	0.000231525
7451.0	0.00023005
7452.0	0.000228557
7452.051758	0.00022848
7453.0	0.000227148
7454.0	0.000225723
7455.0	0.000224319
7456.0	0.000222916
7457.0	0.000221494
7458.0	0.000220093
7459.0	0.000218673
7460.0	0.000217273
7461.0	0.000215855
7462.0	0.000214457
7462.054688	0.00021438
7463.0	0.000213102
7464.0	0.000211731
7465.0	0.00021038
7466.0	0.000209011
7467.0	0.000207661
7468.0	0.000206312
7469.0	0.000204946
7470.0	0.000203599
7471.0	0.000202235
7472.0	0.000200889
7472.057129	0.000200811
7473.0	0.000199715
7474.0	0.000198571
7475.0	0.000197427
7476.0	0.000196266
7477.0	0.000195124
7478.0	0.000193965
7479.0	0.000192824
7480.0	0.000191667
7481.0	0.000190528
7482.0	0.000189389
7482.060059	0.000189319
7483.0	0.000188192
7484.0	0.000187011
7485.0	0.000185813
7486.0	0.000184633
7487.0	0.000183437
7488.0	0.000182259
7489.0	0.000181081
7490.0	0.000179887
7491.0	0.000178711
7492.0	0.00017752
7492.0625	0.000177446
7493.0	0.000176489
7494.0	0.000175454
7495.0	0.000174434
7496.0	0.000173415
7497.0	0.000172382
7498.0	0.000171364
7499.0	0.000170332
7500.0	0.000169316
7501.0	0.000168264
7502.0	0.000167229
7502.06543	0.000167161
7503.0	0.000166194
7504.0	0.000165145
7505.0	0.000164112
7506.0	0.000163065
7507.0	0.000162034
7508.0	0.000160989
7509.0	0.000159959
7510.0	0.000158916
7511.0	0.000157888
7512.0	0.000156861
7512.067871	0.000156791
7513.0	0.000155903
7514.0	0.000154965
7515.0	0.000154014
7516.0	0.000153078
7517.0	0.000152129
7518.0	0.000151194
7519.0	0.00015026
7520.0	0.000149313
7521.0	0.000148381
7522.0	0.000147436
7522.070801	0.00014737
7523.0	0.000146566
7524.0	0.000145688
7525.0	0.000144824
7526.0	0.00014396
7527.0	0.000143085
7528.0	0.000142223
7529.0	0.000141349
7530.0	0.000140488
7531.0	0.000139616
7532.0	0.000138757
7532.073242	0.000138693
7533.0	0.000137866
7534.0	0.000136987
7535.0	0.000136108
7536.0	0.000135218
7537.0	0.000134341
7538.0	0.000133452
7539.0	0.000132577
7540.0	0.00013169
7541.0	0.000130816
7542.0	0.000129942
7542.076172	0.000129875
7543.0	0.000129137
7544.0	0.000128351
7545.0	0.000127555
7546.0	0.00012677
7547.0	0.000125975
7548.0	0.000125191
7549.0	0.000124397
7550.0	0.000123615
7551.0	0.000122834
7552.0	0.000122042
7552.078613	0.000121981
7553.0	0.000121302
7554.0	0.000120554
7555.0	0.000119818
7556.0	0.000119072
7557.0	0.000118337
7558.0	0.000117593
7559.0	0.000116859
7560.0	0.000116126
7561.0	0.000115383
7562.0	0.000114652
7562.081543	0.000114591
7563.0	0.000113949
7564.0	0.000113262
7565.0	0.000112564
7566.0	0.000111877
7567.0	0.000111181
7568.0	0.000110496
7569.0	0.00010981
7570.0	0.000109116
7571.0	0.000108432
7572.0	0.000107739
7572.083984	0.000107682
7573.0	0.000107095
7574.0	0.000106446
7575.0	0.000105807
7576.0	0.000105159
7577.0	0.000104521
7578.0	0.000103883
7579.0	0.000103237
7580.0	0.0001026
7581.0	0.000101955
7582.0	0.00010132
7582.086914	0.000101264
7583.0	0.000100637
7584.0	9.99605e-05
7585.0	9.92755e-05
7586.0	9.85998e-05
7587.0	9.79247e-05
7588.0	9.72416e-05
7589.0	9.65676e-05
7590.0	9.58857e-05
7591.0	9.52129e-05
7592.0	9.45322e-05
7592.089844	9.44718e-05
7593.0	9.40139e-05
7594.0	9.35029e-05
7595.0	9.30006e-05
7596.0	9.24905e-05
7597.0	9.19891e-05
7598.0	9.1488e-05
7599.0	9.09793e-05
7600.0	9.04791e-05
7601.0	8.99712e-05
7602.0	8.94718e-05
7602.092285	8.9425e-05
7603.0	8.88888e-05
7604.0	8.83064e-05
7605.0	8.77167e-05
7606.0	8.71353e-05
7607.0	8.65544e-05
7608.0	8.59663e-05
7609.0	8.53863e-05
7610.0	8.47993e-05
7611.0	8.42203e-05
7612.0	8.36343e-05
7612.095215	8.35793e-05
7613.0	8.30941e-05
7614.0	8.25509e-05
7615.0	8.20156e-05
7616.0	8.14734e-05
7617.0	8.09389e-05
7618.0	8.04049e-05
7619.0	7.98642e-05
7620.0	7.9331e-05
7621.0	7.87913e-05
7622.0	7.82591e-05
7622.097656	7.82064e-05
7623.0	7.77766e-05
7624.0	7.73076e-05
7625.0	7.68322e-05
7626.0	7.63639e-05
7627.0	7.58893e-05
7628.0	7.54219e-05
7629.0	7.49548e-05
7630.0	7.44815e-05
7631.0	7.4007e-05
7632.0	7.35264e-05
7632.100586	7.34787e-05
7633.0	7.30528e-05
7634.0	7.25733e-05
7635.0	7.21007e-05
7636.0	7.16223e-05
7637.0	7.11507e-05
7638.0	7.06733e-05
7639.0	7.02028e-05
7640.0	6.97327e-05
7641.0	6.92569e-05
7642.0	6.87877e-05
7642.103027	6.87388e-05
7643.0	6.83868e-05
7644.0	6.80009e-05
7645.0	6.76093e-05
7646.0	6.72242e-05
7647.0	6.68335e-05
7648.0	6.64491e-05
7649.0	6.60593e-05
7650.0	6.56758e-05
7651.0	6.52868e-05
7652.0	6.49041e-05
7652.105957	6.48636e-05
7653.0	6.45034e-05
7654.0	6.40954e-05
7655.0	6.36934e-05
7656.0	6.32862e-05
7657.0	6.28851e-05
7658.0	6.24788e-05
7659.0	6.20786e-05
7660.0	6.16732e-05
7661.0	6.12738e-05
7662.0	6.08694e-05
7662.108398	6.08261e-05
7663.0	6.05433e-05
7664.0	6.0221e-05
7665.0	5.99044e-05
7666.0	5.95881e-05
7667.0	5.92669e-05
7668.0	5.89513e-05
7669.0	5.86308e-05
7670.0	5.83158e-05
7671.0	5.7996e-05
7672.0	5.76817e-05
7672.111328	5.76462e-05
7673.0	5.73087e-05
