2751.513428	6.98681e-05
2752.0	9.69924e-05
2752.013672	9.77544e-05
2752.513672	7.26679e-05
2753.0	9.39198e-05
2753.013916	9.45279e-05
2753.513916	9.62742e-05
2754.0	8.24258e-05
2754.01416	8.20223e-05
2754.51416	0.000109387
2755.0	0.000114224
2755.014404	0.000114367
2755.514404	9.61213e-05
2756.0	0.000165762
2756.014648	0.000167862
2756.514648	0.000196316
2757.0	0.000220753
2757.014893	0.000221503
2757.514893	0.000225084
2758.0	0.000281958
2758.015137	0.000283732
2758.515137	0.000307211
2759.0	0.000354887
2759.015381	0.000356399
2759.515381	0.000337991
2760.0	0.000450178
2760.015625	0.000453796
2760.515625	0.000482477
2761.0	0.000505725
2761.015869	0.000506486
2761.515869	0.000615815
2762.0	0.000662857
2762.016113	0.000664423
2762.516113	0.000822137
2763.0	0.00102111
2763.016357	0.00102783
2763.516357	0.00106196
2764.0	0.00126825
2764.016602	0.00127533
2764.516602	0.00151848
2765.0	0.00175312
2765.016846	0.00176129
2765.516846	0.0020773
2766.0	0.00253085
2766.01709	0.00254689
2766.51709	0.00294384
2767.0	0.00347039
2767.017334	0.00348928
2767.517334	0.00426408
2768.0	0.00494766
2768.017578	0.00497256
2768.517578	0.00590944
2769.0	0.00716129
2769.017822	0.00720752
2769.517822	0.00860376
2770.0	0.0101989
2770.018066	0.0102587
2770.518066	0.0124477
2771.0	0.0147503
2771.018311	0.0148378
2771.518311	0.0173396
2772.0	0.0199097
2772.018555	0.0200087
2772.518555	0.0229608
2773.0	0.0259427
2773.018799	0.0260591
2773.518799	0.0291274
2774.0	0.0315322
2774.019043	0.0316275
2774.519043	0.0340427
2775.0	0.0360222
2775.019287	0.0361015
2775.519287	0.0377165
2776.0	0.0388431
2776.019531	0.0388889
2776.519531	0.0399726
2777.0	0.0402445
2777.019775	0.0402556
2777.519775	0.0408614
2778.0	0.0412392
2778.02002	0.0412551
2778.52002	0.0416342
2779.0	0.0417646
2779.020264	0.0417701
2779.520264	0.0423323
2780.0	0.0425146
2780.020508	0.0425224
2780.520508	0.0430328
2781.0	0.0432345
2781.020752	0.0432433
2781.520752	0.0443409
2782.0	0.0447741
2782.020996	0.044793
2782.520996	0.045783
2783.0	0.0465974
2783.02124	0.0466336
2783.52124	0.0477908
2784.0	0.0484758
2784.021484	0.0485064
2784.521484	0.0494386
2785.0	0.0505606
2785.021484	0.0506111
2785.521729	0.051684
2786.0	0.0524435
2786.021973	0.0524783
2786.521973	0.0536415
2787.0	0.0546865
2787.022217	0.0547352
2787.522217	0.0561035
2788.0	0.0567971
2788.022461	0.0568296
2788.522461	0.0575636
2789.0	0.0580714
2789.022705	0.0580957
2789.522705	0.0588723
2790.0	0.0590226
2790.022949	0.0590298
2790.522949	0.059821
2791.0	0.0602392
2791.023193	0.0602597
2791.523193	0.0605834
2792.0	0.0611212
2792.023438	0.0611476
2792.523438	0.0610295
2793.0	0.0610632
2793.023682	0.061065
2793.523682	0.0611833
2794.0	0.0613581
2794.023682	0.0613666
2794.523926	0.0615529
2795.0	0.0615973
2795.02417	0.0615997
2795.52417	0.0614697
2796.0	0.0614165
2796.024414	0.0614137
2796.524414	0.0616097
2797.0	0.0616405
2797.024658	0.0616422
2797.524658	0.0617078
2798.0	0.0616977
2798.024902	0.061697
2798.524902	0.0619559
2799.0	0.0620487
2799.025146	0.0620536
2799.525146	0.0621471
2800.0	0.0623801
2800.025391	0.0623938
2800.525391	0.0626532
2801.0	0.0626602
2801.025635	0.0626604
2801.525635	0.0630196
2802.0	0.0633419
2802.025879	0.0633596
2802.525879	0.0632814
2803.0	0.0631801
2803.025879	0.0631744
2803.526123	0.0635034
2804.0	0.0633618
2804.026367	0.0633541
2804.526367	0.0633953
2805.0	0.0632225
2805.026611	0.0632127
2805.526611	0.063222
2806.0	0.0627713
2806.026855	0.0627459
2806.526855	0.0618982
2807.0	0.0614259
2807.0271	0.0613987
2807.5271	0.0606253
2808.0	0.0594627
2808.027344	0.0593956
2808.527344	0.0585897
2809.0	0.0577051
2809.027588	0.0576533
2809.527588	0.0564315
2810.0	0.0550356
2810.027832	0.0549534
2810.527832	0.0534219
2811.0	0.0519287
2811.028076	0.0518398
2811.528076	0.0502291
2812.0	0.0484352
2812.02832	0.0483276
2812.52832	0.0463149
2813.0	0.0444748
2813.028564	0.0443633
2813.528564	0.0423474
2814.0	0.0405886
2814.028809	0.0404811
2814.528809	0.038355
2815.0	0.0363055
2815.029053	0.0361792
2815.529053	0.0344721
2816.0	0.032723
2816.029297	0.0326141
2816.529297	0.030529
2817.0	0.0286843
2817.029541	0.0285686
2817.529541	0.0268565
2818.0	0.0252154
2818.029785	0.0251114
2818.529785	0.023206
2819.0	0.0215083
2819.030029	0.0214
2819.530029	0.0198387
2820.0	0.0185549
2820.030273	0.0184721
2820.530273	0.0169949
2821.0	0.0157614
2821.030518	0.0156813
2821.530518	0.0144598
2822.0	0.0133316
2822.030762	0.0132576
2822.530762	0.0122083
2823.0	0.0112239
2823.031006	0.0111588
2823.531006	0.0102991
2824.0	0.00956243
2824.03125	0.0095133
2824.53125	0.00871112
2825.0	0.00800238
2825.031494	0.00795478
2825.531494	0.00723999
2826.0	0.00669978
2826.031738	0.00666316
2826.531738	0.0061484
2827.0	0.00561834
2827.031982	0.00558215
2827.531982	0.00502171
2828.0	0.00467707
2828.032227	0.00465331
2828.532227	0.00431968
2829.0	0.00397782
2829.032471	0.00395408
2829.532471	0.00361073
2830.0	0.00337108
2830.032715	0.00335431
2830.532715	0.00310427
2831.0	0.00287249
2831.032959	0.00285613
2831.532959	0.00262977
2832.0	0.00246202
2832.033203	0.00245009
2832.533203	0.0022337
2833.0	0.00207032
2833.033447	0.00205861
2833.533447	0.00186586
2834.0	0.001738
2834.033691	0.00172877
2834.533691	0.00163494
2835.0	0.00154126
2835.033936	0.00153444
2835.533936	0.00137906
2836.0	0.00130299
2836.03418	0.00129742
2836.53418	0.00126444
2837.0	0.00113203
2837.034424	0.00112224
2837.534424	0.00103483
2838.0	0.000966961
2838.034668	0.000961909
2838.534668	0.000921767
2839.0	0.000874181
2839.034912	0.000870607
2839.534912	0.000767656
2840.0	0.000725944
2840.035156	0.000722793
2840.535156	0.000687427
2841.0	0.000617316
2841.0354	0.000611974
2841.5354	0.000591785
2842.0	0.000555808
2842.035645	0.000553048
2842.535645	0.000492343
2843.0	0.000476001
2843.035889	0.00047474
2843.535889	0.000464739
2844.0	0.000415674
2844.036133	0.000411852
2844.536133	0.000351656
2845.0	0.000392845
2845.036377	0.000396077
2845.536377	0.000401193
2846.0	0.000376148
2846.036621	0.000374168
2846.536621	0.000344965
2847.0	0.000323082
2847.036865	0.000321342
2847.536865	0.000251908
2848.0	0.000295601
2848.037109	0.000299101
2848.537109	0.000263975
2849.0	0.000243348
2849.037354	0.000241684
2849.537354	0.000221806
2850.0	0.000176355
2850.037598	0.00017266
2850.537598	0.000183705
2851.0	0.000201278
2851.037842	0.000202717
2851.537842	0.000258691
2852.0	0.000242747
2852.038086	0.000241432
2852.538086	0.000164799
2853.0	0.000166038
2853.03833	0.000166141
2853.53833	0.00011729
2854.0	0.000113149
2854.038574	0.000112802
2854.538818	0.000102709
2855.0	7.45343e-05
2855.038818	7.21623e-05
2855.538818	0.000116799
2856.0	0.000100056
2856.039062	9.86376e-05
2856.539307	6.2245e-05
2857.0	6.01393e-05
2857.039307	5.99594e-05
2857.539307	8.30021e-05
2858.0	0.000107202
2858.039551	0.00010928
2858.539551	6.92431e-05
2859.0	5.04093e-05
2859.039795	4.87811e-05
2859.539795	6.33421e-05
2860.0	6.66398e-05
2860.040039	6.6927e-05
2860.540039	9.55243e-05
2861.0	5.94149e-05
2861.040283	5.62516e-05
2861.540283	6.41971e-05
2862.0	1.88457e-05
2862.040527	1.4847e-05
2862.540527	6.34151e-05
2863.0	7.00309e-05
2863.040771	7.06178e-05
2863.541016	4.69361e-05
2864.0	4.61381e-05
2865.0	4.44025e-05
2866.0	4.26616e-05
2867.0	4.09231e-05
2868.0	3.91796e-05
2869.0	3.74349e-05
2870.0	3.56921e-05
2871.0	3.39448e-05
2872.0	3.21991e-05
2873.0	3.04492e-05
2874.0	2.87006e-05
2875.0	2.69481e-05
2876.0	2.51966e-05
2877.0	2.34414e-05
2878.0	2.1687e-05
2879.0	1.99293e-05
2880.0	1.81704e-05
2880.044922	1.80914e-05
2881.0	1.74457e-05
2882.0	1.67676e-05
2883.0	1.60904e-05
2884.0	1.54113e-05
2885.0	1.4733e-05
2886.0	1.40529e-05
2887.0	1.33734e-05
