4579.0	6.16977e-05
4580.0	6.48326e-05
4581.0	6.7968e-05
4581.283691	6.88576e-05
4582.0	7.19065e-05
4583.0	7.61635e-05
4584.0	8.04211e-05
4585.0	8.46792e-05
4586.0	8.89456e-05
4587.0	9.32053e-05
4588.0	9.74656e-05
4589.0	0.000101727
4590.0	0.000105988
4591.0	0.00011025
4591.286133	0.00011147
4592.0	0.000112036
4593.0	0.000112839
4594.0	0.000113633
4595.0	0.000114427
4596.0	0.000115221
4597.0	0.000116015
4598.0	0.000116809
4599.0	0.000117603
4600.0	0.000118397
4601.0	0.000119202
4601.288574	0.000119431
4602.0	0.000119594
4603.0	0.000119824
4604.0	0.000120053
4605.0	0.000120283
4606.0	0.000120513
4607.0	0.000120742
4608.0	0.000120972
4609.0	0.000121212
4610.0	0.000121442
4611.0	0.000121672
4611.291504	0.000121739
4612.0	0.000122587
4613.0	0.000123785
4614.0	0.000124983
4615.0	0.000126181
4616.0	0.00012738
4617.0	0.000128578
4618.0	0.000129788
4619.0	0.000130987
4620.0	0.000132186
4621.0	0.000133386
4621.293945	0.000133738
4622.0	0.000136982
4623.0	0.000141577
4624.0	0.000146172
4625.0	0.000150768
4626.0	0.000155378
4627.0	0.000159975
4628.0	0.000164574
4629.0	0.000169172
4630.0	0.000173772
4631.0	0.000178368
4631.296875	0.000179733
4632.0	0.000190092
4633.0	0.000204826
4634.0	0.00021958
4635.0	0.000234318
4636.0	0.000249057
4637.0	0.000263798
4638.0	0.00027854
4639.0	0.000293283
4640.0	0.000308028
4641.0	0.000322774
4641.299316	0.000327188
4642.0	0.000346997
4643.0	0.0003753
4644.0	0.000403577
4645.0	0.000431857
4646.0	0.000460139
4647.0	0.000488424
4648.0	0.000516712
4649.0	0.000545002
4650.0	0.000573295
4651.0	0.000601642
4651.301758	0.000610182
4652.0	0.000626986
4653.0	0.000651054
4654.0	0.000675125
4655.0	0.000699198
4656.0	0.000723274
4657.0	0.000747351
4658.0	0.000771431
4659.0	0.000795514
4660.0	0.000819668
4661.0	0.000843756
4661.304688	0.000851097
4662.0	0.000864446
4663.0	0.000883647
4664.0	0.00090285
4665.0	0.000922055
4666.0	0.000941262
4667.0	0.00096047
4668.0	0.000979681
4669.0	0.000998978
4670.0	0.00101819
4671.0	0.00103741
4671.307129	0.00104331
4672.0	0.00106953
4673.0	0.00110738
4674.0	0.00114522
4675.0	0.00118307
4676.0	0.00122093
4677.0	0.00125879
4678.0	0.00129676
4679.0	0.00133462
4680.0	0.0013725
4681.0	0.00141037
4681.310059	0.00142212
4682.0	0.00147313
4683.0	0.00154708
4684.0	0.00162103
4685.0	0.00169499
4686.0	0.00176896
4687.0	0.00184309
4688.0	0.00191707
4689.0	0.00199107
4690.0	0.00206507
4691.0	0.00213908
4691.3125	0.00216221
4692.0	0.00222355
4693.0	0.00231279
4694.0	0.00240203
4695.0	0.00249129
4696.0	0.00258077
4697.0	0.00267004
4698.0	0.00275933
4699.0	0.00284862
4700.0	0.00293793
4701.0	0.00302724
4701.31543	0.00305541
4702.0	0.00310503
4703.0	0.00317751
4704.0	0.00325
4705.0	0.00332249
4706.0	0.00339529
4707.0	0.0034678
4708.0	0.00354032
4709.0	0.00361285
4710.0	0.00368539
4711.0	0.00375793
4711.317871	0.00378099
4712.0	0.00385985
4713.0	0.00397545
4714.0	0.00409107
4715.0	0.0042067
4716.0	0.00432271
4717.0	0.00443837
4718.0	0.00455404
4719.0	0.00466973
4720.0	0.00478542
4721.0	0.00490113
4721.320312	0.00493819
4722.0	0.00515886
4723.0	0.00548355
4724.0	0.00580828
4725.0	0.00613355
4726.0	0.00645836
4727.0	0.0067832
4728.0	0.00710807
4729.0	0.00743298
4730.0	0.00775791
4731.0	0.00808287
4731.323242	0.00818792
4732.0	0.00879536
4733.0	0.00969301
4734.0	0.0105907
4735.0	0.0114895
4736.0	0.0123875
4737.0	0.0132856
4738.0	0.0141837
4739.0	0.0150819
4740.0	0.0159802
4741.0	0.0168786
4741.325684	0.0171712
4742.0	0.0183722
4743.0	0.0201534
4744.0	0.0219348
4745.0	0.0237163
4746.0	0.0255002
4747.0	0.0272822
4748.0	0.0290644
4749.0	0.0308468
4750.0	0.0326293
4751.0	0.034412
4751.328613	0.0349978
4752.0	0.0360735
4753.0	0.0376757
4754.0	0.0392781
4755.0	0.0408807
4756.0	0.042487
4757.0	0.04409
4758.0	0.0456931
4759.0	0.0472964
4760.0	0.0488998
4761.0	0.0505034
4761.331055	0.0510343
4762.0	0.0517184
4763.0	0.0527412
4764.0	0.0537641
4765.0	0.0547871
4766.0	0.0558101
4767.0	0.0568381
4768.0	0.0578615
4769.0	0.0588849
4770.0	0.0599084
4771.0	0.0609321
4771.333984	0.061274
4772.0	0.062849
4773.0	0.0652141
4774.0	0.0675794
4775.0	0.0699449
4776.0	0.0723106
4777.0	0.0746829
4778.0	0.0770493
4779.0	0.0794159
4780.0	0.0817827
4781.0	0.0841498
4781.336426	0.0849461
4782.0	0.0884916
4783.0	0.093835
4784.0	0.0991789
4785.0	0.104523
4786.0	0.109868
4787.0	0.115214
4788.0	0.12056
4789.0	0.125917
4790.0	0.131264
4791.0	0.136612
4791.338867	0.138424
4792.0	0.143345
4793.0	0.150788
4794.0	0.158231
4795.0	0.165676
4796.0	0.173121
4797.0	0.180566
4798.0	0.188013
4799.0	0.19546
4800.0	0.202925
4801.0	0.210374
4801.341797	0.21292
4802.0	0.21623
4803.0	0.22126
4804.0	0.22629
4805.0	0.23132
4806.0	0.236351
4807.0	0.241382
4808.0	0.246414
4809.0	0.251446
4810.0	0.256479
4811.0	0.261512
4811.344238	0.263252
4812.0	0.264426
4813.0	0.266194
4814.0	0.267962
4815.0	0.269731
4816.0	0.271499
4817.0	0.273268
4818.0	0.275036
4819.0	0.276805
4820.0	0.278574
4821.0	0.280344
4821.347168	0.280958
4822.0	0.281249
4823.0	0.281695
4824.0	0.282164
4825.0	0.28261
4826.0	0.283056
4827.0	0.283502
4828.0	0.283948
4829.0	0.284394
4830.0	0.28484
4831.0	0.285283
4831.349609	0.285438
4832.0	0.285185
4833.0	0.284796
4834.0	0.284407
4835.0	0.284018
4836.0	0.283653
4837.0	0.283264
4838.0	0.282875
4839.0	0.282486
4840.0	0.282096
4841.0	0.281707
4841.352539	0.28157
4842.0	0.281305
4843.0	0.280897
4844.0	0.280488
4845.0	0.28008
4846.0	0.279671
4847.0	0.279262
4848.0	0.278854
4849.0	0.278468
4850.0	0.27806
4851.0	0.277651
4851.35498	0.277505
4852.0	0.27774
4853.0	0.278105
4854.0	0.278469
4855.0	0.278833
4856.0	0.279198
4857.0	0.279562
4858.0	0.279926
4859.0	0.280291
4860.0	0.280655
4861.0	0.28102
4861.357422	0.281158
4862.0	0.281589
4863.0	0.282236
4864.0	0.282883
4865.0	0.283529
4866.0	0.284176
4867.0	0.284823
4868.0	0.28547
4869.0	0.286117
4870.0	0.286764
4871.0	0.287411
4871.360352	0.287644
4872.0	0.287525
4873.0	0.287339
4874.0	0.287153
4875.0	0.286991
4876.0	0.286805
4877.0	0.286619
4878.0	0.286433
4879.0	0.286247
4880.0	0.286061
4881.0	0.285875
4881.362793	0.285808
4882.0	0.285202
4883.0	0.284253
4884.0	0.283303
4885.0	0.282353
4886.0	0.281403
4887.0	0.280452
4888.0	0.279502
4889.0	0.278576
4890.0	0.277625
4891.0	0.276675
4891.365723	0.276327
4892.0	0.275834
4893.0	0.275057
4894.0	0.274281
4895.0	0.273504
4896.0	0.272727
4897.0	0.27195
4898.0	0.271172
4899.0	0.270395
4900.0	0.269618
4901.0	0.268841
4901.368164	0.268554
4902.0	0.268503
4903.0	0.268421
4904.0	0.268362
4905.0	0.268281
4906.0	0.268199
4907.0	0.268117
4908.0	0.268036
4909.0	0.267954
4910.0	0.267872
4911.0	0.267791
4911.371094	0.26776
4912.0	0.268036
4913.0	0.268474
4914.0	0.268913
4915.0	0.269351
4916.0	0.26979
4917.0	0.270228
4918.0	0.270667
4919.0	0.271129
4920.0	0.271567
4921.0	0.272006
4921.373535	0.27217
4922.0	0.272544
4923.0	0.27314
4924.0	0.273737
4925.0	0.274333
4926.0	0.27493
4927.0	0.275527
4928.0	0.276123
4929.0	0.27672
4930.0	0.277317
4931.0	0.277914
4931.375977	0.278139
4932.0	0.278529
4933.0	0.279154
4934.0	0.279779
4935.0	0.280404
4936.0	0.281053
4937.0	0.281678
4938.0	0.282303
4939.0	0.282929
4940.0	0.283554
4941.0	0.284179
4941.378906	0.284416
4942.0	0.284702
4943.0	0.285161
4944.0	0.285621
4945.0	0.286081
4946.0	0.28654
4947.0	0.287
4948.0	0.28746
4949.0	0.28792
4950.0	0.288379
4951.0	0.288839
4951.381348	0.289024
4952.0	0.289086
4953.0	0.289162
4954.0	0.289238
4955.0	0.289314
4956.0	0.28939
4957.0	0.289466
4958.0	0.289542
4959.0	0.289618
4960.0	0.289694
4961.0	0.28977
4961.384277	0.2898
4962.0	0.289562
4963.0	0.289176
4964.0	0.288791
4965.0	0.288405
4966.0	0.288019
4967.0	0.287633
4968.0	0.287247
4969.0	0.286861
4970.0	0.2865
4971.0	0.286114
4971.386719	0.285965
4972.0	0.285674
4973.0	0.2852
4974.0	0.284726
4975.0	0.284252
4976.0	0.283778
4977.0	0.283304
4978.0	0.28283
4979.0	0.282356
4980.0	0.281881
4981.0	0.281407
4981.389648	0.281222
4982.0	0.281172
4983.0	0.281088
4984.0	0.281005
4985.0	0.280921
4986.0	0.280838
4987.0	0.280754
4988.0	0.280671
4989.0	0.280587
4990.0	0.280527
4991.0	0.280444
4991.39209	0.280411
4992.0	0.280672
4993.0	0.281102
4994.0	0.281532
4995.0	0.281962
4996.0	0.282392
4997.0	0.282822
4998.0	0.283251
4999.0	0.283681
5000.0	0.284111
5001.0	0.284532
5001.39502	0.284698
5002.0	0.285
5003.0	0.285498
5004.0	0.285997
5005.0	0.286496
5006.0	0.286995
5007.0	0.287494
5008.0	0.287993
5009.0	0.288492
5010.0	0.289016
5011.0	0.289515
5011.397461	0.289713
5012.0	0.289734
5013.0	0.289767
5014.0	0.289801
5015.0	0.289835
5016.0	0.289869
5017.0	0.289903
5018.0	0.289937
5019.0	0.289971
5020.0	0.290005
5021.0	0.290039
5021.399902	0.290053
5022.0	0.289669
5023.0	0.289031
5024.0	0.288392
5025.0	0.287753
5026.0	0.287114
5027.0	0.286475
5028.0	0.285836
5029.0	0.285198
5030.0	0.284559
5031.0	0.283913
5031.402832	0.283653
5032.0	0.283102
5033.0	0.282203
5034.0	0.281279
5035.0	0.280356
5036.0	0.279432
5037.0	0.278509
5038.0	0.277586
5039.0	0.276663
5040.0	0.275739
5041.0	0.274816
5041.405273	0.274442
5042.0	0.274024
5043.0	0.273322
5044.0	0.27262
5045.0	0.271918
5046.0	0.271215
5047.0	0.270513
5048.0	0.269811
5049.0	0.269109
5050.0	0.268407
5051.0	0.267705
5051.408203	0.267418
5052.0	0.267287
5053.0	0.267065
5054.0	0.266844
5055.0	0.266622
5056.0	0.266401
5057.0	0.266179
5058.0	0.26598
5059.0	0.265759
5060.0	0.265537
5061.0	0.265316
5061.410645	0.265225
5062.0	0.265359
5063.0	0.265586
5064.0	0.265814
5065.0	0.266041
5066.0	0.266269
5067.0	0.266496
5068.0	0.266724
5069.0	0.266951
5070.0	0.267179
5071.0	0.267406
5071.413574	0.2675
5072.0	0.267755
5073.0	0.26819
5074.0	0.268624
5075.0	0.269058
5076.0	0.269492
5077.0	0.269927
5078.0	0.270361
5079.0	0.270795
5080.0	0.27123
5081.0	0.271664
5081.416016	0.271844
5082.0	0.272086
5083.0	0.272498
5084.0	0.272911
5085.0	0.273324
5086.0	0.273737
5087.0	0.274173
5088.0	0.274585
5089.0	0.274998
5090.0	0.275411
5091.0	0.275824
5091.418945	0.275997
5092.0	0.276118
5093.0	0.276326
5094.0	0.276534
5095.0	0.276743
5096.0	0.276951
5097.0	0.277159
5098.0	0.277368
5099.0	0.277576
5100.0	0.277784
5101.0	0.277992
5101.421387	0.27808
5102.0	0.278133
5103.0	0.278223
5104.0	0.278314
5105.0	0.278405
5106.0	0.278496
5107.0	0.278586
5108.0	0.278677
5109.0	0.278768
5110.0	0.278858
5111.0	0.278949
5111.424316	0.278988
5112.0	0.279057
5113.0	0.279177
5114.0	0.279297
5115.0	0.279417
5116.0	0.279538
5117.0	0.279658
5118.0	0.279778
5119.0	0.279898
5120.0	0.280018
5121.0	0.280138
5121.426758	0.28019
5122.0	0.280353
5123.0	0.280661
5124.0	0.280946
5125.0	0.281231
5126.0	0.281515
5127.0	0.2818
5128.0	0.282085
5129.0	0.282369
5130.0	0.282654
5131.0	0.282939
5131.429199	0.283061
5132.0	0.283247
5133.0	0.283574
5134.0	0.283901
5135.0	0.284228
5136.0	0.284555
5137.0	0.284882
5138.0	0.285209
5139.0	0.285536
5140.0	0.285863
5141.0	0.28619
5141.432129	0.286332
5142.0	0.28639
5143.0	0.286492
5144.0	0.286595
5145.0	0.286698
5146.0	0.2868
5147.0	0.286903
5148.0	0.287005
5149.0	0.287108
5150.0	0.28721
5151.0	0.287313
5151.43457	0.287357
5152.0	0.287161
5153.0	0.286815
5154.0	0.286469
5155.0	0.286123
5156.0	0.285776
5157.0	0.28543
5158.0	0.285084
5159.0	0.284737
5160.0	0.284391
5161.0	0.284045
5161.4375	0.283893
5162.0	0.28351
5163.0	0.282827
5164.0	0.282145
5165.0	0.281462
5166.0	0.28078
5167.0	0.280097
5168.0	0.279415
5169.0	0.278733
5170.0	0.27805
5171.0	0.277368
5171.439941	0.277068
5172.0	0.27672
5173.0	0.276123
5174.0	0.275502
5175.0	0.274881
5176.0	0.274261
5177.0	0.27364
5178.0	0.27302
5179.0	0.272399
5180.0	0.271778
5181.0	0.271158
5181.442871	0.270883
5182.0	0.27076
5183.0	0.270539
5184.0	0.270318
5185.0	0.270097
5186.0	0.269876
5187.0	0.269655
5188.0	0.269434
5189.0	0.269213
5190.0	0.268992
5191.0	0.268771
5191.445312	0.268672
5192.0	0.268866
5193.0	0.269215
5194.0	0.269563
5195.0	0.269912
5196.0	0.270261
5197.0	0.27061
5198.0	0.270958
5199.0	0.271307
5200.0	0.271656
5201.0	0.272005
5201.448242	0.272161
5202.0	0.272571
5203.0	0.273313
5204.0	0.274056
5205.0	0.274799
5206.0	0.275541
5207.0	0.276284
5208.0	0.277027
5209.0	0.277769
5210.0	0.278512
5211.0	0.279254
5211.450684	0.279589
5212.0	0.280011
5213.0	0.28078
5214.0	0.281548
5215.0	0.282317
5216.0	0.283086
5217.0	0.283854
5218.0	0.284623
5219.0	0.285391
5220.0	0.28616
5221.0	0.286928
5221.453613	0.287277
5222.0	0.287517
5223.0	0.287957
5224.0	0.288397
5225.0	0.288837
5226.0	0.289276
5227.0	0.289716
5228.0	0.290156
5229.0	0.290596
5230.0	0.291035
5231.0	0.291477
5231.456055	0.291678
5232.0	0.29169
5233.0	0.291712
5234.0	0.291734
5235.0	0.291756
5236.0	0.291777
5237.0	0.291799
5238.0	0.291821
5239.0	0.291843
5240.0	0.291865
5241.0	0.291887
5241.458496	0.291897
5242.0	0.29177
5243.0	0.291534
5244.0	0.291299
5245.0	0.291064
5246.0	0.290829
5247.0	0.290594
5248.0	0.290359
5249.0	0.290124
5250.0	0.289889
5251.0	0.289654
5251.461426	0.289545
5252.0	0.289402
5253.0	0.289135
5254.0	0.288867
5255.0	0.2886
5256.0	0.288333
5257.0	0.288066
5258.0	0.287799
5259.0	0.287532
5260.0	0.287265
5261.0	0.286999
5261.463867	0.286875
5262.0	0.286776
5263.0	0.286593
5264.0	0.286409
5265.0	0.286225
5266.0	0.286041
5267.0	0.285858
5268.0	0.285674
5269.0	0.28549
5270.0	0.285307
5271.0	0.285123
5271.466797	0.285037
5272.0	0.284977
5273.0	0.284864
5274.0	0.284751
5275.0	0.284639
5276.0	0.284526
5277.0	0.284413
5278.0	0.2843
5279.0	0.284187
5280.0	0.284074
5281.0	0.283961
5281.469238	0.283908
5282.0	0.283852
5283.0	0.283745
5284.0	0.283638
5285.0	0.283531
5286.0	0.283425
5287.0	0.283318
5288.0	0.283211
5289.0	0.283104
5290.0	0.282997
5291.0	0.282891
5291.472168	0.28284
5292.0	0.282772
5293.0	0.282642
5294.0	0.282512
5295.0	0.282383
5296.0	0.282253
5297.0	0.282123
5298.0	0.281994
5299.0	0.281864
5300.0	0.281734
5301.0	0.281604
5301.474609	0.281543
5302.0	0.281493
5303.0	0.281398
5304.0	0.281303
5305.0	0.281208
5306.0	0.281113
5307.0	0.281018
5308.0	0.280923
5309.0	0.280828
5310.0	0.280733
5311.0	0.280638
5311.477539	0.280593
5312.0	0.280594
5313.0	0.280595
5314.0	0.280597
5315.0	0.280598
5316.0	0.2806
5317.0	0.280601
5318.0	0.280602
5319.0	0.280604
5320.0	0.280605
5321.0	0.280607
5321.47998	0.280608
5322.0	0.280694
5323.0	0.28086
5324.0	0.281026
5325.0	0.281192
5326.0	0.281358
5327.0	0.281524
5328.0	0.28169
5329.0	0.281856
5330.0	0.282022
5331.0	0.282164
5331.48291	0.282244
5332.0	0.282385
5333.0	0.282658
5334.0	0.282932
5335.0	0.283205
5336.0	0.283478
5337.0	0.283751
5338.0	0.284025
5339.0	0.284298
5340.0	0.284571
5341.0	0.284844
5341.485352	0.284977
5342.0	0.285143
5343.0	0.285466
5344.0	0.285788
5345.0	0.286111
5346.0	0.286433
5347.0	0.286755
5348.0	0.287078
5349.0	0.2874
5350.0	0.287723
5351.0	0.288045
5351.487793	0.288202
5352.0	0.288344
5353.0	0.288621
5354.0	0.288899
5355.0	0.289176
5356.0	0.289453
5357.0	0.28973
5358.0	0.290008
5359.0	0.290285
5360.0	0.290562
5361.0	0.290839
5361.490723	0.290975
5362.0	0.291056
5363.0	0.291214
5364.0	0.291373
5365.0	0.291532
5366.0	0.29169
5367.0	0.291849
5368.0	0.292008
5369.0	0.292166
5370.0	0.292325
5371.0	0.292483
5371.493164	0.292562
5372.0	0.292578
5373.0	0.292612
5374.0	0.292645
5375.0	0.292678
5376.0	0.292712
5377.0	0.292745
5378.0	0.292778
5379.0	0.292811
5380.0	0.292845
5381.0	0.292853
5381.496094	0.29287
5382.0	0.292821
5383.0	0.292724
5384.0	0.292627
5385.0	0.292529
5386.0	0.292432
5387.0	0.292335
5388.0	0.292238
5389.0	0.292141
5390.0	0.292044
5391.0	0.291947
5391.498535	0.291898
5392.0	0.291812
5393.0	0.291639
5394.0	0.291467
5395.0	0.291295
5396.0	0.291122
5397.0	0.29095
5398.0	0.290778
5399.0	0.290606
5400.0	0.290433
5401.0	0.290261
5401.501465	0.290174
5402.0	0.290064
5403.0	0.289843
5404.0	0.289622
5405.0	0.289401
5406.0	0.289181
5407.0	0.28896
5408.0	0.288739
5409.0	0.288518
5410.0	0.288297
5411.0	0.288076
5411.503906	0.287965
5412.0	0.287837
5413.0	0.287579
5414.0	0.287321
5415.0	0.287063
5416.0	0.286781
5417.0	0.286523
5418.0	0.286265
5419.0	0.286008
5420.0	0.28575
5421.0	0.285492
5421.506836	0.285361
5422.0	0.285235
5423.0	0.28498
5424.0	0.284725
5425.0	0.284469
5426.0	0.284214
5427.0	0.283959
5428.0	0.283704
5429.0	0.283449
5430.0	0.283194
5431.0	0.282938
5431.509277	0.282808
5432.0	0.282705
5433.0	0.282496
5434.0	0.282287
5435.0	0.282078
5436.0	0.281869
5437.0	0.28166
5438.0	0.281451
5439.0	0.281242
5440.0	0.281033
5441.0	0.280824
5441.512207	0.280717
5442.0	0.280651
5443.0	0.280516
5444.0	0.280381
5445.0	0.280222
5446.0	0.280087
5447.0	0.279952
5448.0	0.279817
5449.0	0.279682
5450.0	0.279548
5451.0	0.279412
5451.514648	0.279343
5452.0	0.279336
5453.0	0.279322
5454.0	0.279308
5455.0	0.279294
5456.0	0.27928
5457.0	0.279266
5458.0	0.279252
5459.0	0.279238
5460.0	0.279224
5461.0	0.27921
5461.517578	0.279202
5462.0	0.279262
5463.0	0.279385
5464.0	0.279509
5465.0	0.279632
5466.0	0.279755
5467.0	0.279879
5468.0	0.280002
5469.0	0.280125
5470.0	0.280249
5471.0	0.280348
5471.52002	0.280412
5472.0	0.280533
5473.0	0.280785
5474.0	0.281037
5475.0	0.281289
5476.0	0.281542
5477.0	0.281794
5478.0	0.282046
5479.0	0.282298
5480.0	0.28255
5481.0	0.282802
5481.522461	0.282933
5482.0	0.283086
5483.0	0.283406
5484.0	0.283727
5485.0	0.284047
5486.0	0.284367
5487.0	0.284687
5488.0	0.285008
5489.0	0.285328
5490.0	0.285648
5491.0	0.285968
5491.525391	0.286136
5492.0	0.286285
5493.0	0.286576
5494.0	0.28689
5495.0	0.287204
5496.0	0.287518
5497.0	0.287833
5498.0	0.288147
5499.0	0.288461
5500.0	0.288775
5501.0	0.289089
5501.527832	0.289254
5502.0	0.289359
5503.0	0.28958
5504.0	0.289802
5505.0	0.290023
5506.0	0.290244
5507.0	0.290466
5508.0	0.290687
5509.0	0.290908
5510.0	0.29113
5511.0	0.291351
5511.530762	0.291468
5512.0	0.291495
5513.0	0.291551
5514.0	0.291583
5515.0	0.29164
5516.0	0.291696
5517.0	0.291753
5518.0	0.291809
5519.0	0.291866
5520.0	0.291923
5521.0	0.291979
5521.533203	0.292009
5522.0	0.291955
5523.0	0.291839
5524.0	0.291723
5525.0	0.291607
5526.0	0.29149
5527.0	0.291374
5528.0	0.291258
5529.0	0.291142
5530.0	0.291026
5531.0	0.29091
5531.536133	0.290847
5532.0	0.290726
5533.0	0.290441
5534.0	0.29018
5535.0	0.289919
5536.0	0.289658
5537.0	0.289397
5538.0	0.289137
5539.0	0.288876
5540.0	0.288615
5541.0	0.288354
5541.538574	0.288213
5542.0	0.288064
5543.0	0.28774
5544.0	0.287416
5545.0	0.287092
5546.0	0.286769
5547.0	0.286445
5548.0	0.286121
5549.0	0.285797
5550.0	0.285473
5551.0	0.285125
5551.541504	0.28495
5552.0	0.284794
5553.0	0.284453
5554.0	0.284112
5555.0	0.283772
5556.0	0.283431
5557.0	0.28309
5558.0	0.282749
5559.0	0.282409
5560.0	0.282068
5561.0	0.281727
5561.543945	0.281542
5562.0	0.281407
5563.0	0.28111
5564.0	0.280813
5565.0	0.280516
5566.0	0.280219
5567.0	0.279922
5568.0	0.279602
5569.0	0.279305
5570.0	0.279008
5571.0	0.278711
5571.546875	0.278549
5572.0	0.278454
5573.0	0.278246
5574.0	0.278038
5575.0	0.27783
5576.0	0.277622
5577.0	0.277414
5578.0	0.277206
5579.0	0.276998
5580.0	0.27679
5581.0	0.276582
5581.549316	0.276468
5582.0	0.276426
5583.0	0.276332
5584.0	0.276216
5585.0	0.276122
5586.0	0.276029
5587.0	0.275936
5588.0	0.275842
5589.0	0.275749
5590.0	0.275656
5591.0	0.275562
5591.552246	0.275511
5592.0	0.275534
5593.0	0.275584
5594.0	0.275635
5595.0	0.275686
5596.0	0.275737
5597.0	0.275788
5598.0	0.275839
5599.0	0.275866
5600.0	0.275917
5601.0	0.275967
5601.554688	0.275995
5602.0	0.276081
5603.0	0.276272
5604.0	0.276464
5605.0	0.276655
5606.0	0.276847
5607.0	0.277038
5608.0	0.277229
5609.0	0.277421
5610.0	0.277612
5611.0	0.277804
5611.557617	0.27791
5612.0	0.278044
5613.0	0.278346
5614.0	0.278625
5615.0	0.278927
5616.0	0.279229
5617.0	0.279531
5618.0	0.279833
5619.0	0.280135
5620.0	0.280437
5621.0	0.280738
5621.560059	0.280907
5622.0	0.281061
5623.0	0.28141
5624.0	0.281759
5625.0	0.282108
5626.0	0.282457
5627.0	0.282806
5628.0	0.283131
5629.0	0.28348
5630.0	0.283829
5631.0	0.28417
5631.562988	0.284362
5632.0	0.284497
5633.0	0.284807
5634.0	0.285117
5635.0	0.285426
5636.0	0.285736
5637.0	0.286045
5638.0	0.286355
5639.0	0.286664
5640.0	0.286974
5641.0	0.287283
5641.56543	0.287444
5642.0	0.287513
5643.0	0.287696
5644.0	0.287879
5645.0	0.288062
5646.0	0.288245
5647.0	0.288428
5648.0	0.288611
5649.0	0.288793
5650.0	0.288976
5651.0	0.289159
5651.567871	0.289263
5652.0	0.289267
5653.0	0.289276
5654.0	0.289286
5655.0	0.28927
5656.0	0.28928
5657.0	0.289289
5658.0	0.289298
5659.0	0.289307
5660.0	0.289317
5661.0	0.289326
5661.570801	0.289331
5662.0	0.28927
5663.0	0.289127
5664.0	0.288985
5665.0	0.288842
5666.0	0.288699
5667.0	0.288557
5668.0	0.28839
5669.0	0.288247
5670.0	0.288105
5671.0	0.287962
5671.57373	0.28788
5672.0	0.287771
5673.0	0.287515
5674.0	0.287259
5675.0	0.287004
5676.0	0.286748
5677.0	0.286492
5678.0	0.286236
5679.0	0.28598
5680.0	0.2857
5681.0	0.285444
5681.576172	0.285297
5682.0	0.285179
5683.0	0.284901
5684.0	0.284622
5685.0	0.284344
5686.0	0.284066
5687.0	0.283788
5688.0	0.28351
5689.0	0.283231
5690.0	0.282953
5691.0	0.282675
5691.578613	0.2825
5692.0	0.282389
5693.0	0.282148
5694.0	0.281907
5695.0	0.281667
5696.0	0.281426
5697.0	0.281185
5698.0	0.280945
5699.0	0.280704
5700.0	0.280463
5701.0	0.280223
5701.581543	0.280083
5702.0	0.280011
5703.0	0.27984
5704.0	0.279646
5705.0	0.279474
5706.0	0.279303
5707.0	0.279132
5708.0	0.278961
5709.0	0.27879
5710.0	0.278619
5711.0	0.278448
5711.583984	0.278349
5712.0	0.278304
5713.0	0.278196
5714.0	0.278089
5715.0	0.277957
5716.0	0.27785
5717.0	0.277742
5718.0	0.277634
5719.0	0.277527
5720.0	0.277419
5721.0	0.277312
5721.586914	0.277248
5722.0	0.277219
5723.0	0.277149
5724.0	0.277078
5725.0	0.277008
5726.0	0.276914
5727.0	0.276844
5728.0	0.276773
5729.0	0.276703
5730.0	0.276632
5731.0	0.276562
5731.589355	0.27652
5732.0	0.276505
5733.0	0.276466
5734.0	0.276428
5735.0	0.27639
5736.0	0.276351
5737.0	0.276289
5738.0	0.276251
5739.0	0.276213
5740.0	0.276174
5741.0	0.276136
5741.592285	0.276113
5742.0	0.27611
5743.0	0.2761
5744.0	0.276091
5745.0	0.276082
5746.0	0.276072
5747.0	0.276063
5748.0	0.27603
5749.0	0.276021
5750.0	0.276011
5751.0	0.276002
5751.594727	0.275996
5752.0	0.27601
5753.0	0.276044
5754.0	0.276079
5755.0	0.276113
5756.0	0.276147
5757.0	0.276181
5758.0	0.276192
5759.0	0.276226
5760.0	0.27626
5761.0	0.276294
5761.597656	0.276315
5762.0	0.276357
5763.0	0.276462
5764.0	0.276566
5765.0	0.276671
5766.0	0.276776
5767.0	0.27688
5768.0	0.276962
5769.0	0.277066
5770.0	0.277171
5771.0	0.277275
5771.600098	0.277338
5772.0	0.277416
5773.0	0.277611
5774.0	0.277806
5775.0	0.278
5776.0	0.278195
5777.0	0.27839
5778.0	0.278561
5779.0	0.278755
5780.0	0.27895
5781.0	0.279144
5781.603027	0.279261
5782.0	0.279366
5783.0	0.27963
5784.0	0.279894
5785.0	0.280158
5786.0	0.280421
5787.0	0.280685
5788.0	0.280925
5789.0	0.281188
5790.0	0.281452
5791.0	0.281715
5791.605469	0.281875
5792.0	0.281983
5793.0	0.282257
5794.0	0.282532
5795.0	0.282806
5796.0	0.28308
5797.0	0.283354
5798.0	0.283604
5799.0	0.283878
5800.0	0.284152
5801.0	0.284426
5801.608398	0.284592
5802.0	0.284673
5803.0	0.284878
5804.0	0.285084
5805.0	0.285289
5806.0	0.285494
5807.0	0.285676
5808.0	0.285881
5809.0	0.286086
5810.0	0.286291
5811.0	0.286497
5811.61084	0.286622
5812.0	0.286644
5813.0	0.286701
5814.0	0.286757
5815.0	0.286814
5816.0	0.286846
5817.0	0.286902
5818.0	0.286959
5819.0	0.287015
5820.0	0.287072
5821.0	0.287128
5821.61377	0.287163
5822.0	0.28711
5823.0	0.286973
5824.0	0.286837
5825.0	0.2867
5826.0	0.286539
5827.0	0.286403
5828.0	0.286266
5829.0	0.28613
5830.0	0.285994
5831.0	0.285862
5831.616211	0.28578
5832.0	0.285663
5833.0	0.285358
5834.0	0.285054
5835.0	0.284725
5836.0	0.28442
5837.0	0.284116
5838.0	0.283811
5839.0	0.283506
5840.0	0.283202
5841.0	0.282897
5841.619141	0.282709
5842.0	0.282559
5843.0	0.282142
5844.0	0.281748
5845.0	0.281355
5846.0	0.280962
5847.0	0.280569
5848.0	0.280176
5849.0	0.279783
5850.0	0.279389
5851.0	0.278997
5851.621582	0.278738
5852.0	0.278586
5853.0	0.278209
5854.0	0.277832
5855.0	0.277454
5856.0	0.277077
5857.0	0.2767
5858.0	0.276323
5859.0	0.275946
5860.0	0.275569
5861.0	0.275169
5861.624512	0.274933
5862.0	0.274826
5863.0	0.274542
5864.0	0.274257
5865.0	0.273972
5866.0	0.273688
5867.0	0.273403
5868.0	0.273119
5869.0	0.272811
5870.0	0.272526
5871.0	0.272242
5871.626953	0.272064
5872.0	0.27201
5873.0	0.271868
5874.0	0.271726
5875.0	0.271583
5876.0	0.271441
5877.0	0.271298
5878.0	0.271133
5879.0	0.270991
5880.0	0.270848
5881.0	0.270706
5881.629883	0.270616
5882.0	0.270619
5883.0	0.270627
5884.0	0.270636
5885.0	0.270644
5886.0	0.270629
5887.0	0.270637
5888.0	0.270646
5889.0	0.270654
5890.0	0.270662
5891.0	0.27067
5891.632324	0.270676
5892.0	0.270715
5893.0	0.270823
5894.0	0.270907
5895.0	0.271015
5896.0	0.271122
5897.0	0.27123
5898.0	0.271337
5899.0	0.271445
5900.0	0.271552
5901.0	0.271659
5901.634766	0.271713
5902.0	0.271769
5903.0	0.271947
5904.0	0.272124
5905.0	0.272301
5906.0	0.272478
5907.0	0.272655
5908.0	0.272832
5909.0	0.27301
5910.0	0.273163
5911.0	0.273341
5911.637695	0.273454
5912.0	0.273525
5913.0	0.273722
5914.0	0.27392
5915.0	0.274117
5916.0	0.274314
5917.0	0.274511
5918.0	0.274685
5919.0	0.274882
5920.0	0.275079
5921.0	0.275276
5921.640625	0.275403
5922.0	0.275467
5923.0	0.275647
5924.0	0.275828
5925.0	0.276008
5926.0	0.276164
5927.0	0.276344
5928.0	0.276524
5929.0	0.276704
5930.0	0.276884
5931.0	0.277064
5931.643066	0.27718
5932.0	0.277238
5933.0	0.277376
5934.0	0.277538
5935.0	0.277699
5936.0	0.277861
5937.0	0.278023
5938.0	0.278184
5939.0	0.278346
5940.0	0.278508
5941.0	0.278646
5941.645508	0.27875
5942.0	0.278801
5943.0	0.278945
5944.0	0.279089
5945.0	0.279233
5946.0	0.279377
5947.0	0.279521
5948.0	0.279665
5949.0	0.279785
5950.0	0.279929
5951.0	0.280073
5951.648438	0.280166
5952.0	0.280213
5953.0	0.280347
5954.0	0.280481
5955.0	0.280615
5956.0	0.280725
5957.0	0.280859
5958.0	0.280993
5959.0	0.281127
5960.0	0.281261
5961.0	0.281395
5961.650879	0.281482
5962.0	0.281529
5963.0	0.281638
5964.0	0.281771
5965.0	0.281904
5966.0	0.282037
5967.0	0.28217
5968.0	0.282304
5969.0	0.282437
5970.0	0.28257
5971.0	0.282679
5971.653809	0.282766
5972.0	0.282803
5973.0	0.282912
5974.0	0.283021
5975.0	0.28313
5976.0	0.283239
5977.0	0.283348
5978.0	0.283433
5979.0	0.283542
5980.0	0.283651
5981.0	0.28376
5981.656738	0.283831
5982.0	0.283848
5983.0	0.283899
5984.0	0.283949
5985.0	0.283975
5986.0	0.284025
5987.0	0.284076
5988.0	0.284126
5989.0	0.284176
5990.0	0.284226
5991.0	0.284277
5991.65918	0.284294
5992.0	0.284275
5993.0	0.284241
5994.0	0.284208
5995.0	0.284175
5996.0	0.284142
5997.0	0.284109
5998.0	0.284076
5999.0	0.284019
6000.0	0.283986
6001.0	0.283981
6001.661621	0.283977
6002.0	0.28394
6003.0	0.283831
6004.0	0.283722
6005.0	0.283612
6006.0	0.283479
6007.0	0.283369
6008.0	0.28326
6009.0	0.28315
6010.0	0.283041
6011.0	0.282932
6011.664551	0.282859
6012.0	0.282786
6013.0	0.282544
6014.0	0.282326
6015.0	0.282107
6016.0	0.281889
6017.0	0.281671
6018.0	0.281453
6019.0	0.281234
6020.0	0.280992
6021.0	0.280774
6021.666992	0.280629
6022.0	0.280533
6023.0	0.280245
6024.0	0.279958
6025.0	0.27967
6026.0	0.279359
6027.0	0.279071
6028.0	0.278784
6029.0	0.278496
6030.0	0.278208
6031.0	0.277917
6031.669922	0.277722
6032.0	0.277627
6033.0	0.277313
6034.0	0.277023
6035.0	0.276733
6036.0	0.276443
6037.0	0.276153
6038.0	0.275863
6039.0	0.275573
6040.0	0.27526
6041.0	0.27497
6041.672363	0.274775
6042.0	0.274702
6043.0	0.274479
6044.0	0.274256
6045.0	0.274032
6046.0	0.273786
6047.0	0.273563
6048.0	0.27334
6049.0	0.273116
6050.0	0.272893
6051.0	0.27267
6051.675293	0.272519
6052.0	0.272482
6053.0	0.272345
6054.0	0.272231
6055.0	0.272117
6056.0	0.272004
6057.0	0.27189
6058.0	0.271776
6059.0	0.271639
6060.0	0.271525
6061.0	0.271411
6061.677734	0.271334
6062.0	0.271344
6063.0	0.271374
6064.0	0.271405
6065.0	0.271435
6066.0	0.271442
6067.0	0.271473
6068.0	0.271503
6069.0	0.271534
6070.0	0.271564
6071.0	0.271595
6071.680664	0.2716
6072.0	0.271641
6073.0	0.271792
6074.0	0.271943
6075.0	0.272095
6076.0	0.272246
6077.0	0.272398
6078.0	0.272549
6079.0	0.272677
6080.0	0.272829
6081.0	0.27298
6081.683105	0.273084
6082.0	0.273154
6083.0	0.273374
6084.0	0.273595
6085.0	0.273792
6086.0	0.274013
6087.0	0.274234
6088.0	0.274455
6089.0	0.274675
6090.0	0.274896
6091.0	0.275093
6091.686035	0.275245
6092.0	0.275313
6093.0	0.275532
6094.0	0.27575
6095.0	0.275968
6096.0	0.276186
6097.0	0.276381
6098.0	0.276599
6099.0	0.276817
6100.0	0.277035
6101.0	0.277254
6101.688477	0.277404
6102.0	0.277453
6103.0	0.277587
6104.0	0.277745
6105.0	0.277902
6106.0	0.27806
6107.0	0.278218
6108.0	0.278375
6109.0	0.278509
6110.0	0.278667
6111.0	0.278825
6111.691406	0.278934
6112.0	0.278957
6113.0	0.27903
6114.0	0.279103
6115.0	0.279177
6116.0	0.279226
6117.0	0.2793
6118.0	0.279373
6119.0	0.279447
6120.0	0.27952
6121.0	0.279594
6121.693848	0.279628
6122.0	0.279626
6123.0	0.279643
6124.0	0.27966
6125.0	0.279677
6126.0	0.279694
6127.0	0.279687
6128.0	0.279705
6129.0	0.279722
6130.0	0.279739
6131.0	0.279756
6131.696777	0.279767
6132.0	0.279767
6133.0	0.279744
6134.0	0.279744
6135.0	0.279744
6136.0	0.279743
6137.0	0.279743
6138.0	0.279743
6139.0	0.279719
6140.0	0.279719
6141.0	0.279719
6141.699219	0.279719
6142.0	0.279735
6143.0	0.279788
6144.0	0.27984
6145.0	0.279869
6146.0	0.279922
6147.0	0.279974
6148.0	0.280027
6149.0	0.28008
6150.0	0.280132
6151.0	0.280161
6151.702148	0.280198
6152.0	0.280235
6153.0	0.280358
6154.0	0.280481
6155.0	0.280605
6156.0	0.280728
6157.0	0.280827
6158.0	0.280951
6159.0	0.281074
6160.0	0.281198
6161.0	0.281321
6161.70459	0.281391
6162.0	0.281436
6163.0	0.281615
6164.0	0.281793
6165.0	0.281971
6166.0	0.282149
6167.0	0.282327
6168.0	0.282481
6169.0	0.282659
6170.0	0.282837
6171.0	0.283016
6171.70752	0.283142
6172.0	0.283195
6173.0	0.283376
6174.0	0.283532
6175.0	0.283713
6176.0	0.283894
6177.0	0.284075
6178.0	0.284256
6179.0	0.284412
6180.0	0.284593
6181.0	0.284774
6181.709961	0.284902
6182.0	0.284925
6183.0	0.285003
6184.0	0.285082
6185.0	0.285136
6186.0	0.285214
6187.0	0.285293
6188.0	0.285371
6189.0	0.285449
6190.0	0.285528
6191.0	0.285582
6191.712891	0.285637
6192.0	0.285614
6193.0	0.285532
6194.0	0.28545
6195.0	0.285368
6196.0	0.285262
6197.0	0.28518
6198.0	0.285099
6199.0	0.285017
6200.0	0.284935
6201.0	0.284853
6201.715332	0.284777
6202.0	0.284691
6203.0	0.284412
6204.0	0.284133
6205.0	0.283854
6206.0	0.283575
6207.0	0.283272
6208.0	0.282993
6209.0	0.282714
6210.0	0.282435
6211.0	0.282156
6211.718262	0.281956
6212.0	0.281838
6213.0	0.281394
6214.0	0.280974
6215.0	0.280555
6216.0	0.280135
6217.0	0.279715
6218.0	0.279271
6219.0	0.278851
6220.0	0.278431
6221.0	0.278012
6221.720703	0.277709
6222.0	0.277581
6223.0	0.277099
6224.0	0.276641
6225.0	0.276182
6226.0	0.275724
6227.0	0.275266
6228.0	0.274807
6229.0	0.274325
6230.0	0.273867
6231.0	0.27341
6231.723633	0.27308
6232.0	0.272977
6233.0	0.272603
6234.0	0.272207
6235.0	0.271833
6236.0	0.27146
6237.0	0.271086
6238.0	0.270713
6239.0	0.270316
6240.0	0.269943
6241.0	0.269569
6241.726074	0.269298
6242.0	0.269234
6243.0	0.269003
6244.0	0.268773
6245.0	0.268519
6246.0	0.268288
6247.0	0.268057
6248.0	0.267826
6249.0	0.267595
6250.0	0.267341
6251.0	0.26711
6251.729004	0.266941
6252.0	0.266935
6253.0	0.266913
6254.0	0.26689
6255.0	0.266844
6256.0	0.266822
6257.0	0.266799
6258.0	0.266776
6259.0	0.266754
6260.0	0.266708
6261.0	0.266685
6261.731445	0.266669
6262.0	0.266719
6263.0	0.266905
6264.0	0.267091
6265.0	0.267255
6266.0	0.267441
6267.0	0.267627
6268.0	0.267814
6269.0	0.268
6270.0	0.268187
6271.0	0.26835
6271.734375	0.268487
6272.0	0.268576
6273.0	0.268913
6274.0	0.269249
6275.0	0.269586
6276.0	0.269899
6277.0	0.270236
6278.0	0.270572
6279.0	0.270909
6280.0	0.271246
6281.0	0.271559
6281.736816	0.271807
6282.0	0.271917
6283.0	0.272336
6284.0	0.272755
6285.0	0.273174
6286.0	0.27357
6287.0	0.273989
6288.0	0.274408
6289.0	0.274827
6290.0	0.275246
6291.0	0.275642
6291.739746	0.275952
6292.0	0.276057
6293.0	0.27646
6294.0	0.276864
6295.0	0.277268
6296.0	0.277648
6297.0	0.278051
6298.0	0.278455
6299.0	0.278859
6300.0	0.279263
6301.0	0.279643
6301.742188	0.279942
6302.0	0.280029
6303.0	0.280364
6304.0	0.280699
6305.0	0.281034
6306.0	0.281346
6307.0	0.281681
6308.0	0.282016
6309.0	0.282352
6310.0	0.282687
6311.0	0.282998
6311.745117	0.283248
6312.0	0.283301
6313.0	0.283506
6314.0	0.283712
6315.0	0.283917
6316.0	0.284099
6317.0	0.284304
6318.0	0.28451
6319.0	0.284716
6320.0	0.284897
6321.0	0.285103
6321.747559	0.285256
6322.0	0.28528
6323.0	0.285375
6324.0	0.28547
6325.0	0.285541
6326.0	0.285636
6327.0	0.285731
6328.0	0.285826
6329.0	0.285921
6330.0	0.285992
6331.0	0.286087
6331.750488	0.286158
6332.0	0.286161
6333.0	0.286171
6334.0	0.286181
6335.0	0.286167
6336.0	0.286178
6337.0	0.286188
6338.0	0.286198
6339.0	0.286208
6340.0	0.286194
6341.0	0.286204
6341.75293	0.286212
6342.0	0.286211
6343.0	0.286205
6344.0	0.2862
6345.0	0.28617
6346.0	0.286165
6347.0	0.286159
6348.0	0.286154
6349.0	0.286124
6350.0	0.286118
6351.0	0.286113
6351.755859	0.286109
6352.0	0.286114
6353.0	0.286134
6354.0	0.28613
6355.0	0.286151
6356.0	0.286171
6357.0	0.286192
6358.0	0.286213
6359.0	0.286209
6360.0	0.286229
6361.0	0.28625
6361.758301	0.286265
6362.0	0.286276
6363.0	0.286297
6364.0	0.286343
6365.0	0.286388
6366.0	0.286434
6367.0	0.286479
6368.0	0.2865
6369.0	0.286546
6370.0	0.286591
6371.0	0.286636
6371.76123	0.286671
6372.0	0.286685
6373.0	0.286718
6374.0	0.286776
6375.0	0.286834
6376.0	0.286892
6377.0	0.286926
6378.0	0.286984
6379.0	0.287042
6380.0	0.2871
6381.0	0.287158
6381.763672	0.287183
6382.0	0.287186
6383.0	0.287223
6384.0	0.28726
6385.0	0.287297
6386.0	0.287334
6387.0	0.287346
6388.0	0.287383
6389.0	0.28742
6390.0	0.287457
6391.0	0.287469
6391.766602	0.287497
6392.0	0.287482
6393.0	0.287418
6394.0	0.287354
6395.0	0.28729
6396.0	0.287202
6397.0	0.287138
6398.0	0.287074
6399.0	0.28701
6400.0	0.286921
6401.0	0.286857
6401.769043	0.286808
6402.0	0.286766
6403.0	0.286583
6404.0	0.286399
6405.0	0.286192
6406.0	0.286009
6407.0	0.285826
6408.0	0.285642
6409.0	0.285435
6410.0	0.285252
6411.0	0.285068
6411.771973	0.284927
6412.0	0.284859
6413.0	0.284562
6414.0	0.28424
6415.0	0.283943
6416.0	0.283645
6417.0	0.283348
6418.0	0.283026
6419.0	0.282729
6420.0	0.282431
6421.0	0.282134
6421.774414	0.281903
6422.0	0.281818
6423.0	0.281417
6424.0	0.28104
6425.0	0.280662
6426.0	0.280285
6427.0	0.279884
6428.0	0.279507
6429.0	0.279129
6430.0	0.278752
6431.0	0.278369
6431.777344	0.278054
6432.0	0.277964
6433.0	0.277584
6434.0	0.277204
6435.0	0.276824
6436.0	0.276421
6437.0	0.276041
6438.0	0.275661
6439.0	0.275282
6440.0	0.274878
6441.0	0.274498
6441.779785	0.274202
6442.0	0.274136
6443.0	0.273835
6444.0	0.273534
6445.0	0.27321
6446.0	0.272909
6447.0	0.272608
6448.0	0.272308
6449.0	0.271983
6450.0	0.271683
6451.0	0.271381
6451.782715	0.271146
6452.0	0.271111
6453.0	0.270952
6454.0	0.270769
6455.0	0.27061
6456.0	0.27045
6457.0	0.270291
6458.0	0.270108
6459.0	0.269949
6460.0	0.269789
6461.0	0.26963
6461.785156	0.269486
6462.0	0.269489
6463.0	0.269525
6464.0	0.269561
6465.0	0.269596
6466.0	0.269609
6467.0	0.269645
6468.0	0.269681
6469.0	0.269716
6470.0	0.269752
6471.0	0.269764
6471.788086	0.269792
6472.0	0.269834
6473.0	0.270032
6474.0	0.270229
6475.0	0.270403
6476.0	0.270601
6477.0	0.270798
6478.0	0.270996
6479.0	0.27117
6480.0	0.271367
6481.0	0.271564
6481.790527	0.27172
6482.0	0.271785
6483.0	0.27207
6484.0	0.272379
6485.0	0.272687
6486.0	0.272996
6487.0	0.273304
6488.0	0.273589
6489.0	0.273898
6490.0	0.274207
6491.0	0.274515
6491.793457	0.274741
6492.0	0.274811
6493.0	0.275175
6494.0	0.275538
6495.0	0.275902
6496.0	0.276242
6497.0	0.276605
6498.0	0.276969
6499.0	0.277332
6500.0	0.277672
6501.0	0.277982
6501.795898	0.278229
6502.0	0.278289
6503.0	0.278583
6504.0	0.278852
6505.0	0.279145
6506.0	0.279438
6507.0	0.279731
6508.0	0.280024
6509.0	0.280292
6510.0	0.280585
6511.0	0.280877
6511.798828	0.28111
6512.0	0.281152
6513.0	0.281333
6514.0	0.281539
6515.0	0.281745
6516.0	0.281951
6517.0	0.282132
6518.0	0.282338
6519.0	0.282543
6520.0	0.282749
6521.0	0.282929
6521.80127	0.283093
6522.0	0.283117
6523.0	0.283234
6524.0	0.283351
6525.0	0.283443
6526.0	0.28356
6527.0	0.283677
6528.0	0.283793
6529.0	0.283886
6530.0	0.284002
6531.0	0.284119
6531.804199	0.284212
6532.0	0.28422
6533.0	0.284232
6534.0	0.284269
6535.0	0.284307
6536.0	0.284344
6537.0	0.284356
6538.0	0.284393
6539.0	0.28443
6540.0	0.284467
6541.0	0.28448
6541.806641	0.284509
6542.0	0.284505
6543.0	0.284479
6544.0	0.284453
6545.0	0.284404
6546.0	0.284378
6547.0	0.284353
6548.0	0.284327
6549.0	0.284277
6550.0	0.284251
6551.0	0.284226
6551.80957	0.284205
6552.0	0.284195
6553.0	0.284115
6554.0	0.28406
6555.0	0.284005
6556.0	0.28395
6557.0	0.28387
6558.0	0.283815
6559.0	0.28376
6560.0	0.283705
6561.0	0.283625
6561.812012	0.28358
6562.0	0.283568
6563.0	0.283503
6564.0	0.283437
6565.0	0.283347
6566.0	0.283282
6567.0	0.283216
6568.0	0.283151
6569.0	0.283061
6570.0	0.282996
6571.0	0.28293
6571.814941	0.282876
6572.0	0.282864
6573.0	0.28277
6574.0	0.2827
6575.0	0.282631
6576.0	0.282561
6577.0	0.282467
6578.0	0.282398
6579.0	0.282328
6580.0	0.282259
6581.0	0.282165
6581.817383	0.282108
6582.0	0.28209
6583.0	0.281993
6584.0	0.281895
6585.0	0.281773
6586.0	0.281676
6587.0	0.281578
6588.0	0.281481
6589.0	0.281359
6590.0	0.281262
6591.0	0.281164
6591.820312	0.281084
6592.0	0.281062
6593.0	0.280915
6594.0	0.280791
6595.0	0.280668
6596.0	0.280545
6597.0	0.280397
6598.0	0.280274
6599.0	0.280151
6600.0	0.280028
6601.0	0.27988
6601.822754	0.279779
6602.0	0.279752
6603.0	0.279602
6604.0	0.279427
6605.0	0.279277
6606.0	0.279126
6607.0	0.278976
6608.0	0.278801
6609.0	0.278651
6610.0	0.278501
6611.0	0.27835
6611.825684	0.278206
6612.0	0.278175
6613.0	0.278016
6614.0	0.277857
6615.0	0.277699
6616.0	0.277517
6617.0	0.277358
6618.0	0.2772
6619.0	0.277042
6620.0	0.27686
6621.0	0.276702
6621.828125	0.276571
6622.0	0.276546
6623.0	0.276405
6624.0	0.276239
6625.0	0.276098
6626.0	0.275956
6627.0	0.275791
6628.0	0.27565
6629.0	0.275508
6630.0	0.275367
6631.0	0.275191
6631.831055	0.275065
6632.0	0.275045
6633.0	0.274926
6634.0	0.274807
6635.0	0.274665
6636.0	0.274546
6637.0	0.274427
6638.0	0.274308
6639.0	0.274166
6640.0	0.274047
6641.0	0.273928
6641.833496	0.27381
6642.0	0.273792
6643.0	0.273712
6644.0	0.273632
6645.0	0.273551
6646.0	0.273447
6647.0	0.273367
6648.0	0.273287
6649.0	0.273207
6650.0	0.273103
6651.0	0.273022
6651.836426	0.272955
6652.0	0.272944
6653.0	0.272878
6654.0	0.272789
6655.0	0.272723
6656.0	0.272658
6657.0	0.272568
6658.0	0.272503
6659.0	0.272437
6660.0	0.272371
6661.0	0.272282
6661.838867	0.272226
6662.0	0.272211
6663.0	0.272117
6664.0	0.272023
6665.0	0.271906
6666.0	0.271812
6667.0	0.271718
6668.0	0.271601
6669.0	0.271508
6670.0	0.271414
6671.0	0.27132
6671.841797	0.271221
6672.0	0.271193
6673.0	0.271039
6674.0	0.270884
6675.0	0.27073
6676.0	0.270552
6677.0	0.270398
6678.0	0.270244
6679.0	0.270067
6680.0	0.269913
6681.0	0.269759
6681.844238	0.269629
6682.0	0.2696
6683.0	0.269396
6684.0	0.269214
6685.0	0.269032
6686.0	0.268851
6687.0	0.268646
6688.0	0.268465
6689.0	0.268284
6690.0	0.26808
6691.0	0.267899
6691.847168	0.267745
6692.0	0.267712
6693.0	0.267495
6694.0	0.267256
6695.0	0.267039
6696.0	0.266823
6697.0	0.266606
6698.0	0.266367
6699.0	0.266151
6700.0	0.265935
6701.0	0.265696
6701.849609	0.265512
6702.0	0.265483
6703.0	0.265289
6704.0	0.265095
6705.0	0.264878
6706.0	0.264684
6707.0	0.26449
6708.0	0.264274
6709.0	0.26408
6710.0	0.263887
6711.0	0.263693
6711.852539	0.263509
6712.0	0.263484
6713.0	0.263342
6714.0	0.2632
6715.0	0.263035
6716.0	0.262893
6717.0	0.262751
6718.0	0.262609
6719.0	0.262445
6720.0	0.262303
6721.0	0.262161
6721.85498	0.26204
6722.0	0.262032
6723.0	0.261959
6724.0	0.261907
6725.0	0.261856
6726.0	0.261783
6727.0	0.261731
6728.0	0.26168
6729.0	0.261629
6730.0	0.261555
6731.0	0.261504
6731.85791	0.26146
6732.0	0.261466
6733.0	0.261488
6734.0	0.261533
6735.0	0.261577
6736.0	0.261621
6737.0	0.261643
6738.0	0.261687
6739.0	0.261731
6740.0	0.261752
6741.0	0.261796
6741.860352	0.261834
6742.0	0.26185
6743.0	0.261967
6744.0	0.262061
6745.0	0.262177
6746.0	0.262294
6747.0	0.262387
6748.0	0.262504
6749.0	0.26262
6750.0	0.262736
6751.0	0.262829
6751.863281	0.262929
6752.0	0.262951
6753.0	0.263107
6754.0	0.263241
6755.0	0.263397
6756.0	0.263553
6757.0	0.263709
6758.0	0.263842
6759.0	0.263998
6760.0	0.264153
6761.0	0.264286
6761.865723	0.264421
6762.0	0.264439
6763.0	0.264576
6764.0	0.264691
6765.0	0.264828
6766.0	0.264965
6767.0	0.265102
6768.0	0.265216
6769.0	0.265353
6770.0	0.265489
6771.0	0.265603
6771.868652	0.265721
6772.0	0.265734
6773.0	0.26583
6774.0	0.265926
6775.0	0.265999
6776.0	0.266094
6777.0	0.26619
6778.0	0.266262
6779.0	0.266358
6780.0	0.266453
6781.0	0.266549
6781.871094	0.266612
6782.0	0.266613
6783.0	0.266648
6784.0	0.266682
6785.0	0.266694
6786.0	0.266729
6787.0	0.266763
6788.0	0.266775
6789.0	0.266809
6790.0	0.266844
6791.0	0.266878
6791.874023	0.266888
6792.0	0.266883
6793.0	0.266873
6794.0	0.266862
6795.0	0.266828
6796.0	0.266817
6797.0	0.266806
6798.0	0.266795
6799.0	0.266761
6800.0	0.26675
6801.0	0.266739
6801.876465	0.266709
6802.0	0.2667
6803.0	0.266656
6804.0	0.266612
6805.0	0.266545
6806.0	0.266501
6807.0	0.266457
6808.0	0.266413
6809.0	0.266346
6810.0	0.266302
6811.0	0.266258
6811.879395	0.266199
6812.0	0.266189
6813.0	0.266129
6814.0	0.266068
6815.0	0.265985
6816.0	0.265924
6817.0	0.265864
6818.0	0.265803
6819.0	0.26572
6820.0	0.265659
6821.0	0.265599
6821.882324	0.265526
6822.0	0.265515
6823.0	0.265451
6824.0	0.265386
6825.0	0.265298
6826.0	0.265234
6827.0	0.265169
6828.0	0.265104
6829.0	0.265017
6830.0	0.264952
6831.0	0.264894
6831.884766	0.264822
6832.0	0.26481
6833.0	0.264731
6834.0	0.264652
6835.0	0.264551
6836.0	0.264472
6837.0	0.264393
6838.0	0.264291
6839.0	0.264212
6840.0	0.264134
6841.0	0.264055
6841.887695	0.263965
6842.0	0.263953
6843.0	0.263873
6844.0	0.263794
6845.0	0.263692
6846.0	0.263612
6847.0	0.263533
6848.0	0.263431
6849.0	0.263351
6850.0	0.263272
6851.0	0.263193
6851.890137	0.263102
6852.0	0.26309
6853.0	0.263007
6854.0	0.262924
6855.0	0.262819
6856.0	0.262736
6857.0	0.262653
6858.0	0.262547
6859.0	0.262465
6860.0	0.262382
6861.0	0.262276
6861.892578	0.262202
6862.0	0.262196
6863.0	0.262132
6864.0	0.262046
6865.0	0.261983
6866.0	0.261919
6867.0	0.261856
6868.0	0.26177
6869.0	0.261706
6870.0	0.261643
6871.0	0.261557
6871.895508	0.2615
6872.0	0.261494
6873.0	0.261436
6874.0	0.261356
6875.0	0.261298
6876.0	0.26124
6877.0	0.26116
6878.0	0.261102
6879.0	0.261044
6880.0	0.260986
6881.0	0.260906
6881.898438	0.260854
6882.0	0.260852
6883.0	0.260832
6884.0	0.260789
6885.0	0.260769
6886.0	0.260749
6887.0	0.260706
6888.0	0.260686
6889.0	0.260666
6890.0	0.260623
6891.0	0.260603
6891.900879	0.260585
6892.0	0.26058
6893.0	0.260515
6894.0	0.260471
6895.0	0.260428
6896.0	0.260362
6897.0	0.260319
6898.0	0.260276
6899.0	0.260233
6900.0	0.260167
6901.0	0.260124
6901.903809	0.260085
6902.0	0.260075
6903.0	0.259947
6904.0	0.259842
6905.0	0.259737
6906.0	0.259609
6907.0	0.259504
6908.0	0.259399
6909.0	0.259271
6910.0	0.259166
6911.0	0.259062
6911.90625	0.258946
6912.0	0.258924
6913.0	0.258714
6914.0	0.258505
6915.0	0.258273
6916.0	0.258063
6917.0	0.257853
6918.0	0.257644
6919.0	0.257412
6920.0	0.257203
6921.0	0.256993
6921.90918	0.256783
6922.0	0.256748
6923.0	0.25638
6924.0	0.256013
6925.0	0.255624
6926.0	0.255257
6927.0	0.25489
6928.0	0.254502
6929.0	0.254135
6930.0	0.253769
6931.0	0.253381
6931.911621	0.253047
6932.0	0.253007
6933.0	0.252555
6934.0	0.252081
6935.0	0.251629
6936.0	0.251178
6937.0	0.250705
6938.0	0.250253
6939.0	0.249802
6940.0	0.24933
6941.0	0.248879
6941.914551	0.248467
6942.0	0.248426
6943.0	0.24792
6944.0	0.247436
6945.0	0.246952
6946.0	0.246447
6947.0	0.245964
6948.0	0.24548
6949.0	0.244976
6950.0	0.244493
6951.0	0.24401
6951.916992	0.243568
6952.0	0.243535
6953.0	0.243119
6954.0	0.242724
6955.0	0.242329
6956.0	0.241913
6957.0	0.241519
6958.0	0.241124
6959.0	0.240709
6960.0	0.240315
6961.0	0.239921
6961.919922	0.23954
6962.0	0.239521
6963.0	0.239304
6964.0	0.239088
6965.0	0.238851
6966.0	0.238634
6967.0	0.238418
6968.0	0.238181
6969.0	0.237965
6970.0	0.237749
6971.0	0.237513
6971.922363	0.237314
6972.0	0.237315
6973.0	0.237333
6974.0	0.23733
6975.0	0.237348
6976.0	0.237366
6977.0	0.237363
6978.0	0.237381
6979.0	0.237398
6980.0	0.237396
6981.0	0.237413
6981.925293	0.23743
6982.0	0.237445
6983.0	0.237629
6984.0	0.237834
6985.0	0.238038
6986.0	0.238222
6987.0	0.238426
6988.0	0.23863
6989.0	0.238814
6990.0	0.239018
6991.0	0.239222
6991.927734	0.239391
6992.0	0.239415
6993.0	0.23976
6994.0	0.240105
6995.0	0.240429
6996.0	0.240774
6997.0	0.241119
6998.0	0.241442
6999.0	0.241787
7000.0	0.242131
7001.0	0.24244
7001.930664	0.242748
7002.0	0.242771
7003.0	0.243101
7004.0	0.243411
7005.0	0.243741
7006.0	0.244071
7007.0	0.24438
7008.0	0.244709
7009.0	0.245039
7010.0	0.245347
7011.0	0.245676
7011.933105	0.245982
7012.0	0.245998
7013.0	0.246203
7014.0	0.24643
7015.0	0.246657
7016.0	0.246862
7017.0	0.247088
7018.0	0.247314
7019.0	0.247519
7020.0	0.247744
7021.0	0.24797
7021.936035	0.248162
7022.0	0.248165
7023.0	0.248247
7024.0	0.248328
7025.0	0.248388
7026.0	0.248469
7027.0	0.248529
7028.0	0.24861
7029.0	0.248691
7030.0	0.248751
7031.0	0.248823
7031.938477	0.248891
7032.0	0.248889
7033.0	0.248846
7034.0	0.248824
7035.0	0.248802
7036.0	0.248759
7037.0	0.248737
7038.0	0.248715
7039.0	0.248671
7040.0	0.24865
7041.0	0.248628
7041.941406	0.248587
7042.0	0.248575
7043.0	0.2484
7044.0	0.248225
7045.0	0.248028
7046.0	0.247853
7047.0	0.247678
7048.0	0.247481
7049.0	0.247306
7050.0	0.247132
7051.0	0.246935
7051.943848	0.246771
7052.0	0.246732
7053.0	0.246052
7054.0	0.245351
7055.0	0.244672
7056.0	0.243993
7057.0	0.243293
7058.0	0.242615
7059.0	0.241916
7060.0	0.241239
7061.0	0.240562
7061.946777	0.239902
7062.0	0.239801
7063.0	0.237916
7064.0	0.236033
7065.0	0.23413
7066.0	0.232249
7067.0	0.23037
7068.0	0.228471
7069.0	0.226594
7070.0	0.224717
7071.0	0.222823
7071.949219	0.221044
7072.0	0.220864
7073.0	0.217323
7074.0	0.213766
7075.0	0.21023
7076.0	0.206695
7077.0	0.203145
7078.0	0.199616
7079.0	0.196088
7080.0	0.192546
7081.0	0.189023
7081.952148	0.185655
7082.0	0.185435
7083.0	0.180856
7084.0	0.176281
7085.0	0.171693
7086.0	0.167123
7087.0	0.162556
7088.0	0.157978
7089.0	0.153417
7090.0	0.148858
7091.0	0.14429
7091.95459	0.139944
7092.0	0.139748
7093.0	0.135421
7094.0	0.131085
7095.0	0.126763
7096.0	0.122444
7097.0	0.118117
7098.0	0.113803
7099.0	0.109483
7100.0	0.105175
7101.0	0.100869
7101.95752	0.0967412
7102.0	0.0966034
7103.0	0.0933702
7104.0	0.090139
7105.0	0.0869021
7106.0	0.083675
7107.0	0.0804498
7108.0	0.0772199
7109.0	0.0739989
7110.0	0.0707797
7111.0	0.0675567
7111.959961	0.0644704
7112.0	0.064385
7113.0	0.0622454
7114.0	0.0601127
7115.0	0.0579813
7116.0	0.0558463
7117.0	0.0537176
7118.0	0.0515901
7119.0	0.0494597
7120.0	0.047335
7121.0	0.0452116
7121.962891	0.0431645
7122.0	0.0431146
7123.0	0.0417731
7124.0	0.0404324
7125.0	0.039089
7126.0	0.03775
7127.0	0.0364087
7128.0	0.0350714
7129.0	0.0337349
7130.0	0.0323964
7131.0	0.0310616
7131.965332	0.0297739
7132.0	0.0297443
7133.0	0.0288879
7134.0	0.0280345
7135.0	0.0271817
7136.0	0.0263271
7137.0	0.0254754
7138.0	0.0246221
7139.0	0.0237715
7140.0	0.0229214
7141.0	0.0220698
7141.968262	0.0212478
7142.0	0.0212298
7143.0	0.0206622
7144.0	0.0200931
7145.0	0.0195263
7146.0	0.0189597
7147.0	0.0183919
7148.0	0.0178261
7149.0	0.0172591
7150.0	0.0166941
7151.0	0.0161293
7151.970703	0.0155801
7152.0	0.0155683
7153.0	0.0151673
7154.0	0.0147664
7155.0	0.0143645
7156.0	0.0139642
7157.0	0.0135641
7158.0	0.0131631
7159.0	0.0127635
7160.0	0.0123631
7161.0	0.0119641
7161.973633	0.0115758
7162.0	0.0115679
7163.0	0.0112675
7164.0	0.0109682
7165.0	0.0106692
7166.0	0.0103694
7167.0	0.0100708
7168.0	0.00977232
7169.0	0.0094732
7170.0	0.00917511
7171.0	0.00887642
7171.976074	0.00858583
7172.0	0.00858032
7173.0	0.00835014
7174.0	0.00811938
7175.0	0.00788949
7176.0	0.00765973
7177.0	0.00742947
7178.0	0.00720001
7179.0	0.00697008
7180.0	0.00674091
7181.0	0.00651188
7181.979004	0.00628726
7182.0	0.00628351
7183.0	0.00610556
7184.0	0.00592771
7185.0	0.00574947
7186.0	0.00557186
7187.0	0.00539435
7188.0	0.00521649
7189.0	0.0050392
7190.0	0.0048616
7191.0	0.00468455
7191.981934	0.0045108
7192.0	0.00450837
7193.0	0.00437352
7194.0	0.00423914
7195.0	0.00410484
7196.0	0.00397028
7197.0	0.00383616
7198.0	0.00370179
7199.0	0.00356784
7200.0	0.00343397
7201.0	0.00329989
7201.984375	0.00316828
7202.0	0.00316677
7203.0	0.00307022
7204.0	0.00297347
7205.0	0.00287705
7206.0	0.00278043
7207.0	0.00268413
7208.0	0.00258789
7209.0	0.00249148
7210.0	0.00239536
7211.0	0.0022993
7211.987305	0.00220432
7212.0	0.00220348
7213.0	0.00213702
7214.0	0.00207043
7215.0	0.00200406
7216.0	0.00193773
7217.0	0.00187127
7218.0	0.00180503
7219.0	0.00173882
7220.0	0.00167251
7221.0	0.00160639
7221.989746	0.00154086
7222.0	0.0015404
7223.0	0.00149546
7224.0	0.00145056
7225.0	0.00140556
7226.0	0.00136071
7227.0	0.00131578
7228.0	0.00127099
7229.0	0.00122623
7230.0	0.00118139
7231.0	0.00113664
7231.992676	0.00109225
7232.0	0.00109202
7233.0	0.00106147
7234.0	0.00103104
7235.0	0.00100054
7236.0	0.000970149
7237.0	0.000939779
7238.0	0.000909351
7239.0	0.000879025
7240.0	0.00084872
7241.0	0.000818364
7241.995117	0.00078825
7242.0	0.000788149
7243.0	0.000767353
7244.0	0.00074664
7245.0	0.000725941
7246.0	0.000705194
7247.0	0.000684525
7248.0	0.000663811
7249.0	0.000643172
7250.0	0.000622547
7251.0	0.000601883
7251.998047	0.000581327
7252.0	0.000581301
7253.0	0.000568027
7254.0	0.000554714
7255.0	0.000541459
7256.0	0.000528167
7257.0	0.000514931
7258.0	0.000501704
7259.0	0.000488443
7260.0	0.000475236
7261.0	0.000461997
7262.0	0.000448808
7262.000488	0.000448801
7263.0	0.000438647
7264.0	0.000428456
7265.0	0.000418311
7266.0	0.000408173
7267.0	0.000398007
7268.0	0.000387883
7269.0	0.000377733
7270.0	0.000367624
7271.0	0.000357522
7272.0	0.000347396
7272.003418	0.000347361
7273.0	0.000340997
7274.0	0.000334586
7275.0	0.000328209
7276.0	0.000321837
7277.0	0.000315441
7278.0	0.000309077
7279.0	0.000302718
7280.0	0.000296338
7281.0	0.000289988
7282.0	0.000283617
7282.005859	0.00028358
7283.0	0.000278489
7284.0	0.000273371
7285.0	0.000268233
7286.0	0.000263122
7287.0	0.000257993
7288.0	0.00025289
7289.0	0.00024779
7290.0	0.000242673
7291.0	0.00023758
7292.0	0.000232471
7292.008789	0.000232426
7293.0	0.000227999
7294.0	0.000223535
7295.0	0.000219054
7296.0	0.000214597
7297.0	0.000210124
7298.0	0.000205673
7299.0	0.000201225
7300.0	0.000196762
7301.0	0.00019232
7302.0	0.000187882
7302.01123	0.000187832
7303.0	0.000184753
7304.0	0.000181657
7305.0	0.000178548
7306.0	0.000175456
7307.0	0.000172367
7308.0	0.000169265
7309.0	0.000166181
7310.0	0.000163084
7311.0	0.000160004
7312.0	0.000156926
7312.01416	0.000156882
7313.0	0.000154196
7314.0	0.000151488
7315.0	0.000148768
7316.0	0.000146063
7317.0	0.00014336
7318.0	0.000140647
7319.0	0.000137947
7320.0	0.000135238
7321.0	0.000132543
7322.0	0.00012985
7322.016602	0.000129805
7323.0	0.000128034
7324.0	0.000126246
7325.0	0.000124448
7326.0	0.000122662
7327.0	0.000120878
7328.0	0.000119084
7329.0	0.000117302
7330.0	0.000115511
7331.0	0.000113732
7332.0	0.000111954
7332.019531	0.000111919
7333.0	0.00011039
7334.0	0.000108842
7335.0	0.000107285
7336.0	0.000105739
7337.0	0.000104194
7338.0	0.000102641
7339.0	0.000101098
7340.0	9.95472e-05
7341.0	9.80065e-05
7342.0	9.6467e-05
7342.021973	9.6433e-05
7343.0	9.56166e-05
7344.0	9.4791e-05
7345.0	9.39577e-05
7346.0	9.31332e-05
7347.0	9.23093e-05
7348.0	9.14779e-05
7349.0	9.06551e-05
7350.0	8.9825e-05
7351.0	8.90034e-05
7352.0	8.81824e-05
7352.024902	8.81617e-05
7353.0	8.63864e-05
7354.0	8.45746e-05
7355.0	8.27568e-05
7356.0	8.09477e-05
7357.0	7.91398e-05
7358.0	7.73263e-05
7359.0	7.5521e-05
7360.0	7.37104e-05
7361.0	7.19077e-05
7362.0	7.01063e-05
7362.027344	7.00569e-05
7363.0	6.90451e-05
7364.0	6.80117e-05
7365.0	6.69732e-05
7366.0	6.59413e-05
7367.0	6.49101e-05
7368.0	6.3874e-05
7369.0	6.28443e-05
7370.0	6.18098e-05
7371.0	6.07816e-05
7372.0	5.97488e-05
7372.030273	5.97177e-05
