1990.0	0.000304713
1991.0	0.000305002
1992.0	0.000305278
1993.0	0.000305515
1994.0	0.000305768
1995.0	0.00030601
1996.0	0.000306211
1997.0	0.000306429
1998.0	0.000306606
1999.0	0.000306799
2000.0	0.00030698
2000.648193	0.000306322
2001.0	0.000307747
2002.0	0.000311837
2003.0	0.000315939
2004.0	0.000320024
2005.0	0.000324151
2006.0	0.00032826
2007.0	0.000332412
2008.0	0.000336576
2009.0	0.000340721
2010.0	0.00034491
2010.649902	0.000347618
2011.0	0.000349251
2012.0	0.000353959
2013.0	0.00035868
2014.0	0.000363383
2015.0	0.000368133
2016.0	0.000372897
2017.0	0.000377641
2018.0	0.000382433
2019.0	0.000387204
2020.0	0.000392026
2020.651733	0.000395174
2021.0	0.000396945
2022.0	0.000402001
2023.0	0.00040711
2024.0	0.000412234
2025.0	0.000417334
2026.0	0.000422488
2027.0	0.000427618
2028.0	0.000432803
2029.0	0.000438003
2030.0	0.000443177
2030.653442	0.000446592
2031.0	0.000448535
2032.0	0.000454153
2033.0	0.000459746
2034.0	0.000465397
2035.0	0.000471022
2036.0	0.000476707
2037.0	0.000482408
2038.0	0.000488081
2039.0	0.000493815
2040.0	0.00049952
2040.655273	0.000503296
2041.0	0.000506016
2042.0	0.000513924
2043.0	0.000521807
2044.0	0.000529761
2045.0	0.000537739
2046.0	0.000545691
2047.0	0.000553716
2048.0	0.000561714
2049.0	0.000569786
2050.0	0.000577883
2050.656982	0.000583256
2051.0	0.000586246
2052.0	0.000595037
2053.0	0.000603801
2054.0	0.000612649
2055.0	0.000621527
2056.0	0.000630376
2057.0	0.000639312
2058.0	0.000648277
2059.0	0.000657212
2060.0	0.000666236
2060.658936	0.000672154
2061.0	0.000675085
2062.0	0.000683761
2063.0	0.000692465
2064.0	0.000701132
2065.0	0.000709892
2066.0	0.000718614
2067.0	0.00072743
2068.0	0.000736275
2069.0	0.000745079
2070.0	0.00075398
2070.660889	0.000759827
2071.0	0.000763373
2072.0	0.000773924
2073.0	0.000784508
2074.0	0.000795054
2075.0	0.000805706
2076.0	0.000816393
2077.0	0.000827038
2078.0	0.000837793
2079.0	0.000848505
2080.0	0.000859329
2080.662842	0.000866516
2081.0	0.000870336
2082.0	0.00088161
2083.0	0.000893001
2084.0	0.000904345
2085.0	0.000915808
2086.0	0.000927307
2087.0	0.000938757
2088.0	0.000950328
2089.0	0.000961848
2090.0	0.000973493
2090.664795	0.000981246
2091.0	0.000985779
2092.0	0.000999238
2093.0	0.00101283
2094.0	0.00102637
2095.0	0.00104005
2096.0	0.00105377
2097.0	0.00106744
2098.0	0.00108125
2099.0	0.001095
2100.0	0.00110889
2100.666748	0.00111939
2101.0	0.00112487
2102.0	0.00114125
2103.0	0.00115784
2104.0	0.0011744
2105.0	0.00119117
2106.0	0.00120804
2107.0	0.00122488
2108.0	0.00124193
2109.0	0.00125908
2110.0	0.00127621
2110.668701	0.00128778
2111.0	0.00129381
2112.0	0.00131195
2113.0	0.00133032
2114.0	0.00134879
2115.0	0.00136724
2116.0	0.00138591
2117.0	0.00140455
2118.0	0.00142343
2119.0	0.00144241
2120.0	0.00146136
2120.670654	0.0014742
2121.0	0.0014807
2122.0	0.00150039
2123.0	0.00152031
2124.0	0.00154035
2125.0	0.00156035
2126.0	0.0015806
2127.0	0.00160082
2128.0	0.00162128
2129.0	0.00164186
2130.0	0.00166239
2130.672607	0.00167635
2131.0	0.00168345
2132.0	0.00170506
2133.0	0.00172694
2134.0	0.00174893
2135.0	0.00177088
2136.0	0.0017931
2137.0	0.00181528
2138.0	0.00183774
2139.0	0.00186031
2140.0	0.00188284
2140.674561	0.00189819
2141.0	0.00190578
2142.0	0.00192904
2143.0	0.00195259
2144.0	0.00197626
2145.0	0.00199987
2146.0	0.00202378
2147.0	0.00204763
2148.0	0.00207179
2149.0	0.00209588
2150.0	0.00212029
2150.676514	0.00213684
2151.0	0.0021456
2152.0	0.00217256
2153.0	0.00219986
2154.0	0.00222709
2155.0	0.00225467
2156.0	0.00228238
2157.0	0.00231003
2158.0	0.00233803
2159.0	0.00236596
2160.0	0.00239424
2160.678711	0.00241348
2161.0	0.00242297
2162.0	0.00245239
2163.0	0.00248217
2164.0	0.00251188
2165.0	0.00254196
2166.0	0.0025722
2167.0	0.00260234
2168.0	0.00263288
2169.0	0.00266332
2170.0	0.00269416
2170.680664	0.0027152
2171.0	0.00272597
2172.0	0.00275954
2173.0	0.00279353
2174.0	0.00282744
2175.0	0.00286177
2176.0	0.002896
2177.0	0.00293067
2178.0	0.00296551
2179.0	0.00300025
2180.0	0.00303543
2180.682861	0.00305931
2181.0	0.00307172
2182.0	0.00311127
2183.0	0.00315101
2184.0	0.00319065
2185.0	0.00323078
2186.0	0.00327081
2187.0	0.00331134
2188.0	0.00335206
2189.0	0.00339267
2190.0	0.00343379
2190.684814	0.00346179
2191.0	0.00347555
2192.0	0.00351965
2193.0	0.00356363
2194.0	0.00360816
2195.0	0.0036529
2196.0	0.00369752
2197.0	0.00374269
2198.0	0.00378773
2199.0	0.00383333
2200.0	0.00387916
2200.687012	0.00390979
2201.0	0.00392557
2202.0	0.00397652
2203.0	0.00402733
2204.0	0.00407874
2205.0	0.00413037
2206.0	0.00418185
2207.0	0.00423394
2208.0	0.00428587
2209.0	0.00433842
2210.0	0.0043908
2210.688965	0.00442722
2211.0	0.0044453
2212.0	0.00450361
2213.0	0.00456177
2214.0	0.00462059
2215.0	0.00467924
2216.0	0.00473858
2217.0	0.00479818
2218.0	0.00485759
2219.0	0.00491771
2220.0	0.00497763
2220.691162	0.00501941
2221.0	0.00504125
2222.0	0.00511172
2223.0	0.00518295
2224.0	0.0052545
2225.0	0.00532587
2226.0	0.00539804
2227.0	0.00547002
2228.0	0.00554281
2229.0	0.00561592
2230.0	0.00568883
2230.693115	0.00573771
2231.0	0.0057629
2232.0	0.00584466
2233.0	0.00592723
2234.0	0.00600954
2235.0	0.00609267
2236.0	0.00617609
2237.0	0.00625922
2238.0	0.0063432
2239.0	0.00642688
2240.0	0.00651142
2240.695312	0.00656983
2241.0	0.00659993
2242.0	0.00669955
2243.0	0.00679951
2244.0	0.00689917
2245.0	0.0069998
2246.0	0.00710012
2247.0	0.00720142
2248.0	0.00730239
2249.0	0.00740436
2250.0	0.00750667
2250.69751	0.00757759
2251.0	0.00761326
2252.0	0.00773213
2253.0	0.00785068
2254.0	0.00797033
2255.0	0.00809038
2256.0	0.00821008
2257.0	0.00833091
2258.0	0.00845137
2259.0	0.00857298
2260.0	0.00869421
2260.699707	0.00877963
2261.0	0.00882285
2262.0	0.00896708
2263.0	0.00911095
2264.0	0.00925611
2265.0	0.00940088
2266.0	0.00954697
2267.0	0.00969265
2268.0	0.00983967
2269.0	0.00998717
2270.0	0.0101342
2270.701904	0.0102381
2271.0	0.0102914
2272.0	0.0104694
2273.0	0.010649
2274.0	0.0108281
2275.0	0.0110088
2276.0	0.0111901
2277.0	0.0113709
2278.0	0.0115533
2279.0	0.0117352
2280.0	0.0119187
2280.704102	0.0120473
2281.0	0.0121108
2282.0	0.0123269
2283.0	0.0125437
2284.0	0.0127601
2285.0	0.0129782
2286.0	0.0131959
2287.0	0.0134154
2288.0	0.0136343
2289.0	0.0138551
2290.0	0.0140767
2290.706299	0.0142324
2291.0	0.0143103
2292.0	0.0145776
2293.0	0.0148443
2294.0	0.0151131
2295.0	0.0153814
2296.0	0.0156519
2297.0	0.0159232
2298.0	0.0161938
2299.0	0.0164668
2300.0	0.016739
2300.708496	0.016925
2301.0	0.0170185
2302.0	0.0173381
2303.0	0.0176598
2304.0	0.0179805
2305.0	0.0183033
2306.0	0.0186267
2307.0	0.018949
2308.0	0.0192736
2309.0	0.0195969
2310.0	0.0199226
2310.710449	0.0201527
2311.0	0.0202661
2312.0	0.0206597
2313.0	0.0210541
2314.0	0.0214473
2315.0	0.021843
2316.0	0.0222374
2317.0	0.0226345
2318.0	0.0230302
2319.0	0.0234286
2320.0	0.0238278
2320.712891	0.0241108
2321.0	0.0242502
2322.0	0.0247382
2323.0	0.0252248
2324.0	0.0257145
2325.0	0.0262027
2326.0	0.026694
2327.0	0.0271837
2328.0	0.0276767
2329.0	0.0281705
2330.0	0.0286625
2330.715088	0.0290163
2331.0	0.0291862
2332.0	0.0297803
2333.0	0.0303781
2334.0	0.0309741
2335.0	0.0315739
2336.0	0.0321717
2337.0	0.0327734
2338.0	0.0333761
2339.0	0.0339767
2340.0	0.0345814
2340.717285	0.035013
2341.0	0.0352187
2342.0	0.0359505
2343.0	0.03668
2344.0	0.0374141
2345.0	0.0381493
2346.0	0.0388822
2347.0	0.0396198
2348.0	0.0403549
2349.0	0.0410948
2350.0	0.0418321
2350.719482	0.0423655
2351.0	0.0426098
2352.0	0.0434777
2353.0	0.0443508
2354.0	0.0452254
2355.0	0.0460971
2356.0	0.0469744
2357.0	0.0478487
2358.0	0.0487287
2359.0	0.0496056
2360.0	0.0504883
2360.72168	0.0511223
2361.0	0.0514112
2362.0	0.0524549
2363.0	0.0535003
2364.0	0.0545423
2365.0	0.0555908
2366.0	0.0566359
2367.0	0.0576876
2368.0	0.0587356
2369.0	0.0597905
2370.0	0.0608416
2370.723877	0.0616067
2371.0	0.0619429
2372.0	0.0631559
2373.0	0.0643764
2374.0	0.0655987
2375.0	0.0668169
2376.0	0.0680429
2377.0	0.0692645
2378.0	0.0704941
2379.0	0.0717191
2380.0	0.0729524
2380.726074	0.0738435
2381.0	0.0742192
2382.0	0.0755987
2383.0	0.0769803
2384.0	0.0783569
2385.0	0.0797425
2386.0	0.0811228
2387.0	0.0825125
2388.0	0.0838967
2389.0	0.0852904
2390.0	0.0866783
2390.728516	0.0876956
2391.0	0.0881065
2392.0	0.0896215
2393.0	0.0911304
2394.0	0.0926496
2395.0	0.0941626
2396.0	0.0956862
2397.0	0.0972032
2398.0	0.0987312
2399.0	0.100252
2400.0	0.101785
2400.730713	0.102793
2401.0	0.103183
2402.0	0.10464
2403.0	0.106095
2404.0	0.107538
2405.0	0.108988
2406.0	0.110426
2407.0	0.111873
2408.0	0.113307
2409.0	0.114749
2410.0	0.116178
2410.73291	0.117231
2411.0	0.117613
2412.0	0.119029
2413.0	0.120455
2414.0	0.121878
2415.0	0.123288
2416.0	0.124707
2417.0	0.126112
2418.0	0.127527
2419.0	0.128928
2420.0	0.130338
2420.735107	0.131364
2421.0	0.131713
2422.0	0.13304
2423.0	0.134353
2424.0	0.135676
2425.0	0.136997
2426.0	0.138303
2427.0	0.13962
2428.0	0.140922
2429.0	0.142234
2430.0	0.143532
2430.737549	0.144481
2431.0	0.14478
2432.0	0.145901
2433.0	0.147034
2434.0	0.14815
2435.0	0.149279
2436.0	0.150391
2437.0	0.151514
2438.0	0.152636
2439.0	0.153741
2440.0	0.154858
2440.739746	0.155672
2441.0	0.155911
2442.0	0.156841
2443.0	0.157755
2444.0	0.158682
2445.0	0.159592
2446.0	0.160515
2447.0	0.161421
2448.0	0.16234
2449.0	0.163242
2450.0	0.164157
2450.742188	0.164835
2451.0	0.16501
2452.0	0.165676
2453.0	0.166355
2454.0	0.167017
2455.0	0.167693
2456.0	0.168352
2457.0	0.169025
2458.0	0.169681
2459.0	0.170351
2460.0	0.171004
2460.744385	0.1715
2461.0	0.171618
2462.0	0.172065
2463.0	0.172526
2464.0	0.172986
2465.0	0.173429
2466.0	0.173886
2467.0	0.174327
2468.0	0.174782
2469.0	0.17522
2470.0	0.175673
2470.746582	0.175999
2471.0	0.17606
2472.0	0.176317
2473.0	0.176557
2474.0	0.176813
2475.0	0.177051
2476.0	0.177305
2477.0	0.177542
2478.0	0.177794
2479.0	0.178046
2480.0	0.17828
2480.749023	0.178468
2481.0	0.17849
2482.0	0.178563
2483.0	0.178652
2484.0	0.178725
2485.0	0.178813
2486.0	0.178884
2487.0	0.178971
2488.0	0.179041
2489.0	0.179127
2490.0	0.179196
2490.751221	0.17926
2491.0	0.179252
2492.0	0.179201
2493.0	0.179166
2494.0	0.179114
2495.0	0.179079
2496.0	0.179043
2497.0	0.17899
2498.0	0.178954
2499.0	0.178901
2500.0	0.178864
2500.753662	0.178793
2501.0	0.178744
2502.0	0.178564
2503.0	0.178368
2504.0	0.178188
2505.0	0.177991
2506.0	0.177811
2507.0	0.177614
2508.0	0.177433
2509.0	0.177236
2510.0	0.177055
2510.756104	0.176907
2511.0	0.176846
2512.0	0.176612
2513.0	0.176378
2514.0	0.176128
2515.0	0.175894
2516.0	0.175644
2517.0	0.17541
2518.0	0.17516
2519.0	0.174926
2520.0	0.174676
2520.758301	0.174499
2521.0	0.174435
2522.0	0.174154
2523.0	0.173889
2524.0	0.173608
2525.0	0.173343
2526.0	0.173063
2527.0	0.172798
2528.0	0.172518
2529.0	0.172253
2530.0	0.171973
2530.760498	0.171772
2531.0	0.171699
2532.0	0.171377
2533.0	0.171071
2534.0	0.170766
2535.0	0.170445
2536.0	0.17014
2537.0	0.169819
2538.0	0.169514
2539.0	0.169194
2540.0	0.168889
2540.762939	0.168646
2541.0	0.168568
2542.0	0.168255
2543.0	0.167926
2544.0	0.167614
2545.0	0.167286
2546.0	0.166973
2547.0	0.166646
2548.0	0.166334
2549.0	0.166007
2550.0	0.165695
2550.765381	0.165446
2551.0	0.165369
2552.0	0.165055
2553.0	0.164727
2554.0	0.164414
2555.0	0.164086
2556.0	0.163773
2557.0	0.163446
2558.0	0.163133
2559.0	0.162807
2560.0	0.162495
2560.767578	0.162255
2561.0	0.162185
2562.0	0.161865
2563.0	0.16156
2564.0	0.161241
2565.0	0.160936
2566.0	0.160617
2567.0	0.160313
2568.0	0.159995
2569.0	0.159691
2570.0	0.159373
2570.77002	0.15914
2571.0	0.159068
2572.0	0.158741
2573.0	0.158428
2574.0	0.158101
2575.0	0.157789
2576.0	0.157462
2577.0	0.15715
2578.0	0.156825
2579.0	0.156513
2580.0	0.156188
2580.772461	0.155948
2581.0	0.155879
2582.0	0.155563
2583.0	0.155261
2584.0	0.154946
2585.0	0.154644
2586.0	0.154329
2587.0	0.154028
2588.0	0.153714
2589.0	0.153413
2590.0	0.153099
2590.774902	0.152866
2591.0	0.152803
2592.0	0.152511
2593.0	0.152233
2594.0	0.151941
2595.0	0.151663
2596.0	0.151371
2597.0	0.151094
2598.0	0.150802
2599.0	0.150525
2600.0	0.150247
2600.7771	0.150005
2601.0	0.149934
2602.0	0.149632
2603.0	0.149316
2604.0	0.149014
2605.0	0.148699
2606.0	0.148397
2607.0	0.148082
2608.0	0.147781
2609.0	0.147467
2610.0	0.147166
2610.779541	0.146921
2611.0	0.146858
2612.0	0.146584
2613.0	0.146297
2614.0	0.146024
2615.0	0.145737
2616.0	0.145463
2617.0	0.145177
2618.0	0.144904
2619.0	0.144618
2620.0	0.144345
2620.781982	0.144121
2621.0	0.144057
2622.0	0.143774
2623.0	0.143479
2624.0	0.143197
2625.0	0.142902
2626.0	0.142621
2627.0	0.142326
2628.0	0.142044
2629.0	0.14175
2630.0	0.141469
2630.78418	0.141243
2631.0	0.141183
2632.0	0.140919
2633.0	0.140642
2634.0	0.140378
2635.0	0.140101
2636.0	0.139837
2637.0	0.13956
2638.0	0.139296
2639.0	0.13902
2640.0	0.138756
2640.786621	0.138539
2641.0	0.138483
2642.0	0.138234
2643.0	0.137972
2644.0	0.137723
2645.0	0.137461
2646.0	0.137212
2647.0	0.13695
2648.0	0.136701
2649.0	0.136439
2650.0	0.13619
2650.789062	0.135984
2651.0	0.135931
2652.0	0.135691
2653.0	0.135438
2654.0	0.135198
2655.0	0.134946
2656.0	0.134706
2657.0	0.134454
2658.0	0.134214
2659.0	0.133961
2660.0	0.133721
2660.791504	0.133522
2661.0	0.133467
2662.0	0.133214
2663.0	0.13295
2664.0	0.132698
2665.0	0.132433
2666.0	0.132181
2667.0	0.131917
2668.0	0.131665
2669.0	0.131401
2670.0	0.131148
2670.793701	0.130939
2671.0	0.130888
2672.0	0.13065
2673.0	0.130401
2674.0	0.130163
2675.0	0.129913
2676.0	0.129676
2677.0	0.129426
2678.0	0.129188
2679.0	0.128939
2680.0	0.128701
2680.796143	0.128502
2681.0	0.128452
2682.0	0.128215
2683.0	0.127966
2684.0	0.127729
2685.0	0.12748
2686.0	0.127243
2687.0	0.126994
2688.0	0.126757
2689.0	0.126508
2690.0	0.126271
2690.798584	0.126072
2691.0	0.12602
2692.0	0.125774
2693.0	0.125516
2694.0	0.125259
2695.0	0.125013
2696.0	0.124755
2697.0	0.124509
2698.0	0.124251
2699.0	0.124005
2700.0	0.123748
2700.801025	0.123708
2701.0	0.123699
2702.0	0.123641
2703.0	0.123594
2704.0	0.123537
2705.0	0.12349
2706.0	0.123432
2707.0	0.123385
2708.0	0.123327
2709.0	0.123281
2710.0	0.123223
2710.803467	0.123185
2711.0	0.123175
2712.0	0.123114
2713.0	0.123063
2714.0	0.123001
2715.0	0.12295
2716.0	0.122889
2717.0	0.122838
2718.0	0.122776
2719.0	0.122725
2720.0	0.122664
2720.805908	0.122623
2721.0	0.122612
2722.0	0.122543
2723.0	0.122486
2724.0	0.122417
2725.0	0.12236
2726.0	0.122292
2727.0	0.122234
2728.0	0.122166
2729.0	0.122108
2730.0	0.12204
2730.80835	0.121994
2731.0	0.121981
2732.0	0.121905
2733.0	0.12183
2734.0	0.121765
2735.0	0.121689
2736.0	0.121624
2737.0	0.121548
2738.0	0.121484
2739.0	0.121408
2740.0	0.121343
2740.810791	0.121282
2741.0	0.121267
2742.0	0.1212
2743.0	0.121123
2744.0	0.121056
2745.0	0.120978
2746.0	0.120912
2747.0	0.120834
2748.0	0.120767
2749.0	0.12069
2750.0	0.120623
2750.812988	0.12056
2751.0	0.120542
2752.0	0.12046
2753.0	0.120366
2754.0	0.120284
2755.0	0.12019
2756.0	0.120108
2757.0	0.120015
2758.0	0.119932
2759.0	0.119839
2760.0	0.119745
2760.815674	0.119678
2761.0	0.119661
2762.0	0.119558
2763.0	0.119465
2764.0	0.119362
2765.0	0.119269
2766.0	0.119166
2767.0	0.119073
2768.0	0.11897
2769.0	0.118877
2770.0	0.118774
2770.818115	0.118698
2771.0	0.118681
2772.0	0.118577
2773.0	0.118483
2774.0	0.118379
2775.0	0.118285
2776.0	0.118181
2777.0	0.118088
2778.0	0.117984
2779.0	0.11789
2780.0	0.117786
2780.820312	0.117701
2781.0	0.117679
2782.0	0.117567
2783.0	0.117444
2784.0	0.117331
2785.0	0.117208
2786.0	0.117096
2787.0	0.116973
2788.0	0.116861
2789.0	0.116738
2790.0	0.116626
2790.822998	0.116525
2791.0	0.116503
2792.0	0.116388
2793.0	0.116263
2794.0	0.116149
2795.0	0.116024
2796.0	0.115909
2797.0	0.115785
2798.0	0.11567
2799.0	0.115545
2800.0	0.115421
2800.825195	0.115395
2801.0	0.115388
2802.0	0.115338
2803.0	0.115298
2804.0	0.115248
2805.0	0.115208
2806.0	0.115157
2807.0	0.115117
2808.0	0.115066
2809.0	0.115026
2810.0	0.114975
2810.827881	0.114941
2811.0	0.114932
2812.0	0.114869
2813.0	0.114816
2814.0	0.114753
2815.0	0.11469
2816.0	0.114637
2817.0	0.114573
2818.0	0.11452
2819.0	0.114456
2820.0	0.114403
2820.830078	0.11435
2821.0	0.114338
2822.0	0.11428
2823.0	0.114212
2824.0	0.114154
2825.0	0.114085
2826.0	0.114027
2827.0	0.113958
2828.0	0.113899
2829.0	0.11383
2830.0	0.113761
2830.83252	0.113702
2831.0	0.11369
2832.0	0.113606
2833.0	0.113533
2834.0	0.113449
2835.0	0.113375
2836.0	0.113292
2837.0	0.113218
2838.0	0.113134
2839.0	0.11306
2840.0	0.112976
2840.835205	0.112914
2841.0	0.112901
2842.0	0.112813
2843.0	0.112726
2844.0	0.112648
2845.0	0.11256
2846.0	0.112482
2847.0	0.112394
2848.0	0.112316
2849.0	0.112228
2850.0	0.11215
2850.837646	0.112076
2851.0	0.112059
2852.0	0.111967
2853.0	0.111865
2854.0	0.111772
2855.0	0.11167
2856.0	0.111568
2857.0	0.111475
2858.0	0.111372
2859.0	0.111279
2860.0	0.111176
2860.840088	0.111098
2861.0	0.111085
2862.0	0.110991
2863.0	0.110907
2864.0	0.110814
2865.0	0.11073
2866.0	0.110636
2867.0	0.110551
2868.0	0.110457
2869.0	0.110363
2870.0	0.110278
2870.842529	0.110199
2871.0	0.110183
2872.0	0.11009
2873.0	0.109987
2874.0	0.109894
2875.0	0.109792
2876.0	0.109698
2877.0	0.109595
2878.0	0.109502
2879.0	0.109399
2880.0	0.109295
2880.844971	0.109216
2881.0	0.109202
2882.0	0.109098
2883.0	0.109005
2884.0	0.108901
2885.0	0.108807
2886.0	0.108703
2887.0	0.108609
2888.0	0.108505
2889.0	0.108411
2890.0	0.108307
2890.847412	0.108218
2891.0	0.108202
2892.0	0.108101
2893.0	0.10799
2894.0	0.107889
2895.0	0.107779
2896.0	0.107678
2897.0	0.107567
2898.0	0.107465
2899.0	0.107354
2900.0	0.107253
2900.849854	0.107196
2901.0	0.107186
2902.0	0.107123
2903.0	0.107068
2904.0	0.107004
2905.0	0.106949
2906.0	0.106884
2907.0	0.106829
2908.0	0.106764
2909.0	0.106708
2910.0	0.106643
2910.852295	0.106587
2911.0	0.106576
2912.0	0.106516
2913.0	0.106446
2914.0	0.106386
2915.0	0.106315
2916.0	0.106254
2917.0	0.106183
2918.0	0.106122
2919.0	0.106051
2920.0	0.105989
2920.854736	0.105927
2921.0	0.105918
2922.0	0.105852
2923.0	0.105796
2924.0	0.10573
2925.0	0.105673
2926.0	0.105607
2927.0	0.105549
2928.0	0.105483
2929.0	0.105425
2930.0	0.105358
2930.857422	0.1053
2931.0	0.105287
2932.0	0.105211
2933.0	0.105126
2934.0	0.105049
2935.0	0.104963
2936.0	0.104886
2937.0	0.104799
2938.0	0.104721
2939.0	0.104634
2940.0	0.104547
2940.859863	0.104479
2941.0	0.10447
2942.0	0.104391
2943.0	0.104322
2944.0	0.104244
2945.0	0.104174
2946.0	0.104095
2947.0	0.104025
2948.0	0.103945
2949.0	0.103865
2950.0	0.103794
2950.862305	0.103725
2951.0	0.103713
2952.0	0.103636
2953.0	0.103549
2954.0	0.103471
2955.0	0.103383
2956.0	0.103305
2957.0	0.103217
2958.0	0.103129
2959.0	0.10305
2960.0	0.102961
2960.864746	0.102892
2961.0	0.102881
2962.0	0.102787
2963.0	0.102702
2964.0	0.102607
2965.0	0.102513
2966.0	0.102427
2967.0	0.102332
2968.0	0.102245
2969.0	0.10215
2970.0	0.102063
2970.867188	0.101979
2971.0	0.101967
2972.0	0.10188
2973.0	0.101784
2974.0	0.101688
2975.0	0.1016
2976.0	0.101503
2977.0	0.101415
2978.0	0.101318
2979.0	0.10123
2980.0	0.101132
2980.869629	0.101047
2981.0	0.101033
2982.0	0.100936
2983.0	0.10083
2984.0	0.100733
2985.0	0.100626
2986.0	0.100529
2987.0	0.100422
2988.0	0.100323
2989.0	0.100216
2990.0	0.100108
2990.872314	0.100021
2991.0	0.100009
2992.0	0.099904
2993.0	0.0998075
2994.0	0.0997019
2995.0	0.0996049
2996.0	0.0994988
2997.0	0.0993925
2998.0	0.0992947
2999.0	0.0991879
3000.0	0.0990896
3000.874756	0.0989322
3001.0	0.098909
3002.0	0.0987324
3003.0	0.0985471
3004.0	0.0983617
3005.0	0.0981851
3006.0	0.0979998
3007.0	0.0978231
3008.0	0.0976378
3009.0	0.0974611
3010.0	0.0972758
3010.877197	0.0971132
3011.0	0.0970888
3012.0	0.0968991
3013.0	0.0967008
3014.0	0.096511
3015.0	0.0963126
3016.0	0.0961228
3017.0	0.0959245
3018.0	0.0957262
3019.0	0.0955363
3020.0	0.095338
3020.879639	0.0951709
3021.0	0.095148
3022.0	0.094949
3023.0	0.0947583
3024.0	0.0945593
3025.0	0.0943603
3026.0	0.0941697
3027.0	0.0939707
3028.0	0.09378
3029.0	0.093581
3030.0	0.0933902
3030.88208	0.0932143
3031.0	0.0931902
3032.0	0.0929867
3033.0	0.0927913
3034.0	0.0925877
3035.0	0.0923923
3036.0	0.0921887
3037.0	0.0919933
3038.0	0.0917897
3039.0	0.0915862
3040.0	0.0913907
3040.884766	0.0912105
3041.0	0.0911862
3042.0	0.0909833
3043.0	0.0907724
3044.0	0.0905694
3045.0	0.0903585
3046.0	0.0901476
3047.0	0.0899446
3048.0	0.0897337
3049.0	0.0895307
3050.0	0.0893198
3050.887207	0.0891327
3051.0	0.0891082
3052.0	0.0888991
3053.0	0.0886822
3054.0	0.0884731
3055.0	0.0882562
3056.0	0.0880471
3057.0	0.0878302
3058.0	0.0876133
3059.0	0.0874041
3060.0	0.0871873
3060.889648	0.0870011
3061.0	0.0869783
3062.0	0.086764
3063.0	0.0865572
3064.0	0.0863429
3065.0	0.0861286
3066.0	0.0859218
3067.0	0.0857075
3068.0	0.0855007
3069.0	0.0852864
3070.0	0.0850721
3070.89209	0.0848876
3071.0	0.0848649
3072.0	0.0846466
3073.0	0.0844358
3074.0	0.0842176
3075.0	0.0840068
3076.0	0.0837886
3077.0	0.0835704
3078.0	0.0833595
3079.0	0.0831413
3080.0	0.0829305
3080.894775	0.0827352
3081.0	0.0827117
3082.0	0.0824884
3083.0	0.0822723
3084.0	0.082049
3085.0	0.0818328
3086.0	0.0816095
3087.0	0.0813934
3088.0	0.0811701
3089.0	0.0809468
3090.0	0.0807306
3090.897217	0.0805303
3091.0	0.0805076
3092.0	0.0802943
3093.0	0.0800738
3094.0	0.0798534
3095.0	0.0796401
3096.0	0.0794197
3097.0	0.0792063
3098.0	0.0789859
3099.0	0.0787724
3100.0	0.0785521
3100.899658	0.0783538
3101.0	0.0783322
3102.0	0.0781242
3103.0	0.0779093
3104.0	0.0777012
3105.0	0.0774863
3106.0	0.0772714
3107.0	0.0770633
3108.0	0.0768484
3109.0	0.0766403
3110.0	0.0764254
3110.9021	0.0762315
3111.0	0.0762096
3112.0	0.0759921
3113.0	0.0757679
3114.0	0.0755503
3115.0	0.0753262
3116.0	0.0751086
3117.0	0.0748844
3118.0	0.0746603
3119.0	0.0744427
3120.0	0.0742185
3120.904785	0.0740216
3121.0	0.0740013
3122.0	0.0737816
3123.0	0.0735619
3124.0	0.0733486
3125.0	0.0731289
3126.0	0.0729156
3127.0	0.0726959
3128.0	0.0724762
3129.0	0.0722629
3130.0	0.0720433
3130.907227	0.0718497
3131.0	0.0718304
3132.0	0.0716155
3133.0	0.0714006
3134.0	0.071192
3135.0	0.0709772
3136.0	0.0707686
3137.0	0.0705537
3138.0	0.0703451
3139.0	0.0701303
3140.0	0.0699154
3140.909912	0.0697256
3141.0	0.069708
3142.0	0.069507
3143.0	0.0693121
3144.0	0.0691111
3145.0	0.0689101
3146.0	0.0687152
3147.0	0.0685142
3148.0	0.0683193
3149.0	0.0681183
3150.0	0.0679174
3150.912354	0.0677395
3151.0	0.067722
3152.0	0.067517
3153.0	0.0673179
3154.0	0.067113
3155.0	0.066908
3156.0	0.0667089
3157.0	0.0665039
3158.0	0.0663048
3159.0	0.0660998
3160.0	0.0658949
3160.914795	0.0657127
3161.0	0.065696
3162.0	0.0654937
3163.0	0.0652971
3164.0	0.0650949
3165.0	0.0648926
3166.0	0.0646961
3167.0	0.0644938
3168.0	0.0642973
3169.0	0.064095
3170.0	0.0638928
3170.917236	0.0637125
3171.0	0.0636975
3172.0	0.0635113
3173.0	0.0633307
3174.0	0.0631445
3175.0	0.0629584
3176.0	0.0627777
3177.0	0.0625916
3178.0	0.0624109
3179.0	0.0622247
3180.0	0.0620386
3180.919922	0.0618724
3181.0	0.0618578
3182.0	0.0616706
3183.0	0.0614888
3184.0	0.0613016
3185.0	0.0611144
3186.0	0.0609326
3187.0	0.0607454
3188.0	0.0605636
3189.0	0.0603764
3190.0	0.0601893
3190.922363	0.0600215
3191.0	0.0600082
3192.0	0.0598312
3193.0	0.0596595
3194.0	0.0594826
3195.0	0.0593057
3196.0	0.059134
3197.0	0.0589571
3198.0	0.0587802
3199.0	0.0586084
3200.0	0.0584315
3200.924805	0.0582687
3201.0	0.0582565
3202.0	0.0580899
3203.0	0.0579233
3204.0	0.0577618
3205.0	0.0575953
3206.0	0.0574338
3207.0	0.0572674
3208.0	0.0571009
3209.0	0.0569395
3210.0	0.0567732
3210.92749	0.0566235
3211.0	0.0566112
3212.0	0.0564364
3213.0	0.0562617
3214.0	0.0560919
3215.0	0.0559172
3216.0	0.0557474
3217.0	0.0555728
3218.0	0.0553982
3219.0	0.0552285
3220.0	0.055054
3220.929932	0.0548962
3221.0	0.0548856
3222.0	0.0547296
3223.0	0.0545735
3224.0	0.0544223
3225.0	0.0542663
3226.0	0.0541103
3227.0	0.0539591
3228.0	0.0538032
3229.0	0.0536521
3230.0	0.0534962
3230.932617	0.0533509
3231.0	0.0533408
3232.0	0.0531958
3233.0	0.0530461
3234.0	0.0529011
3235.0	0.0527515
3236.0	0.0526019
3237.0	0.0524569
3238.0	0.0523074
3239.0	0.0521579
3240.0	0.052013
3240.935059	0.0518732
3241.0	0.0518639
3242.0	0.0517252
3243.0	0.051582
3244.0	0.0514388
3245.0	0.0513001
3246.0	0.0511569
3247.0	0.0510183
3248.0	0.0508752
3249.0	0.0507321
3250.0	0.0505935
3250.9375	0.0504594
3251.0	0.0504508
3252.0	0.0503173
3253.0	0.0501794
3254.0	0.0500416
3255.0	0.0499081
3256.0	0.0497703
3257.0	0.0496325
3258.0	0.0494991
3259.0	0.0493614
3260.0	0.049228
3260.940186	0.0490986
3261.0	0.0490911
3262.0	0.0489649
3263.0	0.0488431
3264.0	0.048717
3265.0	0.0485909
3266.0	0.0484691
3267.0	0.0483431
3268.0	0.0482213
3269.0	0.0480953
3270.0	0.0479694
3270.942627	0.0478546
3271.0	0.0478478
3272.0	0.0477244
3273.0	0.0476053
3274.0	0.047482
3275.0	0.0473588
3276.0	0.0472397
3277.0	0.0471165
3278.0	0.0469933
3279.0	0.0468742
3280.0	0.0467511
3280.945312	0.0466386
3281.0	0.0466322
3282.0	0.0465113
3283.0	0.0463905
3284.0	0.0462738
3285.0	0.0461531
3286.0	0.0460323
3287.0	0.0459156
3288.0	0.0457949
3289.0	0.0456783
3290.0	0.0455576
3290.947754	0.0454433
3291.0	0.0454374
3292.0	0.0453274
3293.0	0.0452135
3294.0	0.0450996
3295.0	0.0449896
3296.0	0.0448758
3297.0	0.0447658
3298.0	0.044652
3299.0	0.0445382
3300.0	0.0444283
3300.950195	0.0443203
3301.0	0.044315
3302.0	0.0442088
3303.0	0.0441064
3304.0	0.0440002
3305.0	0.0438979
3306.0	0.0437918
3307.0	0.0436857
3308.0	0.0435834
3309.0	0.0434773
3310.0	0.0433712
3310.952881	0.0432738
3311.0	0.0432691
3312.0	0.0431661
3313.0	0.0430668
3314.0	0.0429638
3315.0	0.0428608
3316.0	0.0427616
3317.0	0.0426586
3318.0	0.0425557
3319.0	0.0424565
3320.0	0.0423536
3320.955322	0.0422588
3321.0	0.0422547
3322.0	0.0421588
3323.0	0.0420629
3324.0	0.0419706
3325.0	0.0418748
3326.0	0.0417789
3327.0	0.0416867
3328.0	0.0415909
3329.0	0.0414951
3330.0	0.041403
3330.958008	0.0413112
3331.0	0.0413073
3332.0	0.0412172
3333.0	0.0411235
3334.0	0.0410299
3335.0	0.0409399
3336.0	0.0408462
3337.0	0.0407527
3338.0	0.0406626
3339.0	0.0405691
3340.0	0.0404791
3340.960449	0.0403893
3341.0	0.0403857
3342.0	0.0402942
3343.0	0.0402063
3344.0	0.0401148
3345.0	0.0400234
3346.0	0.0399355
3347.0	0.0398441
3348.0	0.0397528
3349.0	0.0396649
3350.0	0.0395736
3350.962891	0.039489
3351.0	0.0394857
3352.0	0.0393936
3353.0	0.0393016
3354.0	0.039213
3355.0	0.039121
3356.0	0.039029
3357.0	0.0389405
3358.0	0.0388485
3359.0	0.0387566
3360.0	0.0386681
3360.965576	0.0385794
3361.0	0.0385762
3362.0	0.0384882
3363.0	0.0383969
3364.0	0.0383055
3365.0	0.0382176
3366.0	0.0381263
3367.0	0.038035
3368.0	0.037947
3369.0	0.0378558
3370.0	0.0377646
3370.968018	0.0376795
3371.0	0.0376768
3372.0	0.0375884
3373.0	0.0375034
3374.0	0.037415
3375.0	0.0373267
3376.0	0.0372417
3377.0	0.0371535
3378.0	0.0370652
3379.0	0.0369802
3380.0	0.036892
3380.970703	0.0368064
3381.0	0.036804
3382.0	0.0367251
3383.0	0.0366431
3384.0	0.036561
3385.0	0.0364822
3386.0	0.0364002
3387.0	0.0363213
3388.0	0.0362393
3389.0	0.0361574
3390.0	0.0360786
3390.973145	0.0359988
3391.0	0.0359964
3392.0	0.0359068
3393.0	0.0358204
3394.0	0.0357308
3395.0	0.0356413
3396.0	0.0355549
3397.0	0.0354654
3398.0	0.0353759
3399.0	0.0352895
3400.0	0.0352
3400.97583	0.0350986
3401.0	0.0350961
3402.0	0.0349891
3403.0	0.0348822
3404.0	0.0347784
3405.0	0.0346717
3406.0	0.0345651
3407.0	0.0344616
3408.0	0.0343552
3409.0	0.034249
3410.0	0.0341457
3410.978271	0.034042
3411.0	0.0340397
3412.0	0.0339348
3413.0	0.033833
3414.0	0.0337284
3415.0	0.0336239
3416.0	0.0335223
3417.0	0.033418
3418.0	0.0333167
3419.0	0.0332125
3420.0	0.0331085
3420.980957	0.0330093
3421.0	0.0330074
3422.0	0.0329032
3423.0	0.0327991
3424.0	0.032698
3425.0	0.0325941
3426.0	0.0324903
3427.0	0.0323894
3428.0	0.0322858
3429.0	0.0321823
3430.0	0.0320817
3430.983398	0.03198
3431.0	0.0319782
3432.0	0.0318715
3433.0	0.0317678
3434.0	0.0316613
3435.0	0.0315577
3436.0	0.0314515
3437.0	0.0313454
3438.0	0.0312421
3439.0	0.0311362
3440.0	0.0310303
3440.986084	0.0309288
3441.0	0.0309273
3442.0	0.0308201
3443.0	0.030713
3444.0	0.0306086
3445.0	0.0305017
3446.0	0.0303949
3447.0	0.0302909
3448.0	0.0301843
3449.0	0.0300778
3450.0	0.029974
3450.988525	0.029869
3451.0	0.0298678
3452.0	0.0297603
3453.0	0.0296554
3454.0	0.0295481
3455.0	0.029441
3456.0	0.0293364
3457.0	0.0292295
3458.0	0.0291226
3459.0	0.0290184
3460.0	0.0289117
3460.991211	0.0288086
3461.0	0.0288077
3462.0	0.028704
3463.0	0.0286003
3464.0	0.0284993
3465.0	0.0283958
3466.0	0.0282925
3467.0	0.0281917
3468.0	0.0280886
3469.0	0.0279856
3470.0	0.0278851
3470.993652	0.027783
3471.0	0.0277823
3472.0	0.0276739
3473.0	0.027568
3474.0	0.0274599
3475.0	0.0273519
3476.0	0.0272463
3477.0	0.0271385
3478.0	0.0270308
3479.0	0.0269256
3480.0	0.0268181
3480.996338	0.0267112
3481.0	0.0267108
3482.0	0.0266055
3483.0	0.026498
3484.0	0.0263906
3485.0	0.0262856
3486.0	0.0261784
3487.0	0.0260713
3488.0	0.0259667
3489.0	0.0258598
3490.0	0.0257531
3490.998779	0.0256489
3491.0	0.0256488
3492.0	0.0255412
3493.0	0.0254338
3494.0	0.0253287
3495.0	0.0252215
3496.0	0.0251144
3497.0	0.0250096
3498.0	0.0249027
3499.0	0.024796
3500.0	0.0246915
3501.0	0.0245818
3501.001465	0.0245816
3502.0	0.02447
3503.0	0.0243605
3504.0	0.024249
3505.0	0.0241376
3506.0	0.0240285
3507.0	0.0239174
3508.0	0.0238065
3509.0	0.0236978
3510.0	0.0235871
3511.0	0.0234767
3511.003906	0.0234762
3512.0	0.0233712
3513.0	0.0232638
3514.0	0.0231566
3515.0	0.0230515
3516.0	0.0229445
3517.0	0.0228377
3518.0	0.0227329
3519.0	0.0226264
3520.0	0.02252
3521.0	0.0224157
3521.006592	0.022415
3522.0	0.0223097
3523.0	0.0222039
3524.0	0.0221001
3525.0	0.0219945
3526.0	0.0218891
3527.0	0.0217857
3528.0	0.0216805
3529.0	0.0215755
3530.0	0.0214725
3531.0	0.0213678
3531.009033	0.0213669
3532.0	0.0212642
3533.0	0.0211626
3534.0	0.0210593
3535.0	0.0209561
3536.0	0.0208548
3537.0	0.0207519
3538.0	0.0206492
3539.0	0.0205483
3540.0	0.0204458
3541.0	0.0203435
3541.011719	0.0203423
3542.0	0.0202437
3543.0	0.0201424
3544.0	0.0200412
3545.0	0.0199418
3546.0	0.0198409
3547.0	0.01974
3548.0	0.0196411
3549.0	0.0195405
3550.0	0.0194401
3551.0	0.0193415
3551.014404	0.0193401
3552.0	0.0192414
3553.0	0.0191414
3554.0	0.0190432
3555.0	0.0189435
3556.0	0.0188439
3557.0	0.0187461
3558.0	0.0186468
3559.0	0.0185476
3560.0	0.0184502
3561.0	0.0183513
3561.016846	0.0183497
3562.0	0.018255
3563.0	0.0181605
3564.0	0.0180645
3565.0	0.0179686
3566.0	0.0178744
3567.0	0.0177788
3568.0	0.0176834
3569.0	0.0175895
3570.0	0.0174943
3571.0	0.0173993
3571.019287	0.0173974
3572.0	0.0173062
3573.0	0.0172147
3574.0	0.0171219
3575.0	0.0170292
3576.0	0.0169381
3577.0	0.0168456
3578.0	0.0167533
3579.0	0.0166626
3580.0	0.0165705
3581.0	0.0164786
3581.021973	0.0164766
3582.0	0.0163917
3583.0	0.0163035
3584.0	0.0162154
3585.0	0.0161289
3586.0	0.0160411
3587.0	0.0159534
3588.0	0.0158672
3589.0	0.0157798
3590.0	0.0156925
3591.0	0.0156066
3591.024658	0.0156045
3592.0	0.0155218
3593.0	0.0154371
3594.0	0.0153539
3595.0	0.0152694
3596.0	0.0151851
3597.0	0.0151009
3598.0	0.0150181
3599.0	0.0149342
3600.0	0.0148503
3601.0	0.0147838
3601.0271	0.014782
3602.0	0.0147164
3603.0	0.014649
3604.0	0.0145828
3605.0	0.0145153
3606.0	0.0144478
3607.0	0.0143815
3608.0	0.0143139
3609.0	0.0142463
3610.0	0.0141799
3611.0	0.0141122
3611.029785	0.0141102
3612.0	0.0140464
3613.0	0.0139819
3614.0	0.0139161
3615.0	0.0138502
3616.0	0.0137844
3617.0	0.0137197
3618.0	0.0136537
3619.0	0.0135878
3620.0	0.013523
3621.0	0.0134569
3621.032227	0.0134548
3622.0	0.0133961
3623.0	0.0133366
3624.0	0.0132759
3625.0	0.0132152
3626.0	0.0131555
3627.0	0.0130948
3628.0	0.0130339
3629.0	0.0129742
3630.0	0.0129133
3631.0	0.0128522
3631.034912	0.0128501
3632.0	0.0127936
3633.0	0.0127362
3634.0	0.0126777
3635.0	0.0126191
3636.0	0.0125616
3637.0	0.0125029
3638.0	0.0124443
3639.0	0.0123867
3640.0	0.0123279
3641.0	0.0122692
3641.037598	0.012267
3642.0	0.0122152
3643.0	0.0121603
3644.0	0.0121054
3645.0	0.0120505
3646.0	0.0119965
3647.0	0.0119415
3648.0	0.0118865
3649.0	0.0118325
3650.0	0.0117774
3651.0	0.0117223
3651.040039	0.0117201
3652.0	0.0116704
3653.0	0.0116175
3654.0	0.0115646
3655.0	0.0115126
3656.0	0.0114597
3657.0	0.0114067
3658.0	0.0113537
3659.0	0.0113017
3660.0	0.0112486
3661.0	0.0111956
3661.04248	0.0111934
3662.0	0.0111456
3663.0	0.0110948
3664.0	0.011044
3665.0	0.010994
3666.0	0.0109432
3667.0	0.0108922
3668.0	0.0108422
3669.0	0.0107913
3670.0	0.0107403
3671.0	0.0106893
3671.045166	0.010687
3672.0	0.0106418
3673.0	0.0105935
3674.0	0.0105451
3675.0	0.0104977
3676.0	0.0104493
3677.0	0.0104009
3678.0	0.0103534
3679.0	0.010305
3680.0	0.0102565
3681.0	0.010208
3681.047852	0.0102057
3682.0	0.0101645
3683.0	0.0101202
3684.0	0.010076
3685.0	0.0100325
3686.0	0.00998823
3687.0	0.0099439
3688.0	0.00990041
3689.0	0.00985605
3690.0	0.00981166
3691.0	0.00976726
3691.050293	0.00976507
3692.0	0.00972517
3693.0	0.0096823
3694.0	0.00963941
3695.0	0.00959733
3696.0	0.0095544
3697.0	0.00951146
3698.0	0.00946931
3699.0	0.00942632
3700.0	0.00938332
3701.0	0.0093403
3701.052979	0.00933806
3702.0	0.00929963
3703.0	0.00925823
3704.0	0.00921681
3705.0	0.00917617
3706.0	0.00913471
3707.0	0.00909324
3708.0	0.00905253
3709.0	0.00901102
3710.0	0.00896949
3711.0	0.00892794
3711.055664	0.00892567
3712.0	0.00889108
3713.0	0.00885365
3714.0	0.00881622
3715.0	0.00877952
3716.0	0.00874205
3717.0	0.00870457
3718.0	0.00866707
3719.0	0.0086303
3720.0	0.00859276
3721.0	0.00855521
3721.058105	0.00855307
3722.0	0.00852039
3723.0	0.00848495
3724.0	0.00844949
3725.0	0.00841474
3726.0	0.00837924
3727.0	0.00834374
3728.0	0.00830821
3729.0	0.00827339
3730.0	0.00823784
3731.0	0.00820227
3731.060791	0.00820015
3732.0	0.00816819
3733.0	0.00813345
3734.0	0.00809869
3735.0	0.00806392
3736.0	0.00802982
3737.0	0.00799502
3738.0	0.0079602
3739.0	0.00792605
3740.0	0.0078912
3741.0	0.00785633
3741.063232	0.00785412
3742.0	0.00782347
3743.0	0.00779142
3744.0	0.00775867
3745.0	0.00772591
3746.0	0.0076938
3747.0	0.00766101
3748.0	0.00762821
3749.0	0.00759604
3750.0	0.00756321
3751.0	0.00753037
3751.065918	0.0075282
3752.0	0.00749964
3753.0	0.00746969
3754.0	0.00743908
3755.0	0.00740846
3756.0	0.00737847
3757.0	0.00734782
3758.0	0.00731716
3759.0	0.00728649
3760.0	0.00725643
3761.0	0.00722573
3761.068604	0.00722363
3762.0	0.00719647
3763.0	0.00716792
3764.0	0.00713873
3765.0	0.00710953
3766.0	0.00708032
3767.0	0.00705171
3768.0	0.00702248
3769.0	0.00699323
3770.0	0.00696457
3771.0	0.0069353
3771.071045	0.00693321
3772.0	0.00690768
3773.0	0.00688018
3774.0	0.00685326
3775.0	0.00682573
3776.0	0.0067982
3777.0	0.00677123
3778.0	0.00674367
3779.0	0.0067161
3780.0	0.00668851
3781.0	0.00666149
3781.07373	0.00665946
3782.0	0.00663587
3783.0	0.0066104
3784.0	0.00658492
3785.0	0.00655999
3786.0	0.00653448
3787.0	0.00650897
3788.0	0.006484
3789.0	0.00645846
3790.0	0.00643291
3791.0	0.00640735
3791.076416	0.00640544
3792.0	0.00638226
3793.0	0.0063566
3794.0	0.00633094
3795.0	0.0063058
3796.0	0.00628011
3797.0	0.00625441
3798.0	0.0062287
3799.0	0.00620351
3800.0	0.00617777
3801.0	0.00615407
3801.078857	0.00615224
3802.0	0.0061325
3803.0	0.00611051
3804.0	0.0060885
3805.0	0.00606646
3806.0	0.00604492
3807.0	0.00602283
3808.0	0.00600071
3809.0	0.00597856
3810.0	0.0059569
3811.0	0.0059347
3811.081543	0.00593289
3812.0	0.00591608
3813.0	0.00589827
3814.0	0.00587993
3815.0	0.00586157
3816.0	0.00584318
3817.0	0.00582528
3818.0	0.00580684
3819.0	0.00578839
3820.0	0.00576991
3821.0	0.00575191
3821.083984	0.00575035
3822.0	0.00573218
3823.0	0.00571231
3824.0	0.00569291
3825.0	0.005673
3826.0	0.00565306
3827.0	0.0056331
3828.0	0.0056136
3829.0	0.00559359
3830.0	0.00557355
3831.0	0.00555397
3831.08667	0.00555223
3832.0	0.00553387
3833.0	0.00551375
3834.0	0.00549361
3835.0	0.00547391
3836.0	0.00545372
3837.0	0.00543351
3838.0	0.00541327
3839.0	0.00539347
3840.0	0.00537318
3841.0	0.00535287
3841.089355	0.00535105
3842.0	0.00533507
3843.0	0.00531795
3844.0	0.00530036
3845.0	0.00528275
3846.0	0.00526557
3847.0	0.00524791
3848.0	0.00523023
3849.0	0.00521254
3850.0	0.00519527
3851.0	0.00517752
3851.091797	0.00517589
3852.0	0.00516044
3853.0	0.00514341
3854.0	0.0051268
3855.0	0.00510973
3856.0	0.00509263
3857.0	0.00507596
3858.0	0.00505882
3859.0	0.00504167
3860.0	0.00502449
3861.0	0.00500773
3861.094482	0.0050061
3862.0	0.004991
3863.0	0.0049743
3864.0	0.00495758
3865.0	0.00494127
3866.0	0.00492451
3867.0	0.00490773
3868.0	0.00489093
3869.0	0.00487453
3870.0	0.0048577
3871.0	0.00484084
3871.097168	0.00483924
3872.0	0.00482526
3873.0	0.00480933
3874.0	0.00479339
3875.0	0.00477744
3876.0	0.00476187
3877.0	0.00474587
3878.0	0.00472986
3879.0	0.00471382
3880.0	0.00469818
3881.0	0.0046821
3881.099609	0.0046805
3882.0	0.00466573
3883.0	0.00464931
3884.0	0.00463327
3885.0	0.00461681
3886.0	0.00460033
3887.0	0.00458383
3888.0	0.00456771
3889.0	0.00455117
3890.0	0.00453461
3891.0	0.00451842
3891.102295	0.00451673
3892.0	0.00450284
3893.0	0.00448736
3894.0	0.00447185
3895.0	0.00445672
3896.0	0.00444118
3897.0	0.00442562
3898.0	0.00441005
3899.0	0.00439483
3900.0	0.00437922
3901.0	0.00436359
3901.10498	0.00436195
3902.0	0.00434851
3903.0	0.00433385
3904.0	0.00431879
3905.0	0.00430373
3906.0	0.00428864
3907.0	0.00427391
3908.0	0.00425879
3909.0	0.00424365
3910.0	0.00422849
3911.0	0.00421368
3911.107422	0.00421205
3912.0	0.00419875
3913.0	0.00418384
3914.0	0.00416892
3915.0	0.00415433
3916.0	0.00413937
3917.0	0.00412439
3918.0	0.00410975
3919.0	0.00409474
3920.0	0.00407971
3921.0	0.00406466
3921.110107	0.00406304
3922.0	0.00405019
3923.0	0.00403538
3924.0	0.00402055
3925.0	0.00400571
3926.0	0.0039912
3927.0	0.00397633
3928.0	0.00396144
3929.0	0.00394653
3930.0	0.00393194
3931.0	0.003917
3931.112793	0.00391531
3932.0	0.00390312
3933.0	0.00388936
3934.0	0.00387592
3935.0	0.00386214
3936.0	0.00384833
3937.0	0.00383451
3938.0	0.00382101
3939.0	0.00380716
3940.0	0.00379329
3941.0	0.00377941
3941.115479	0.00377784
3942.0	0.00376535
3943.0	0.00375089
3944.0	0.00373641
3945.0	0.00372192
3946.0	0.00370773
3947.0	0.0036932
3948.0	0.00367866
3949.0	0.0036641
3950.0	0.00364984
3951.0	0.00363525
3951.11792	0.00363353
3952.0	0.00362106
3953.0	0.00360691
3954.0	0.00359305
3955.0	0.00357886
3956.0	0.00356467
3957.0	0.00355045
3958.0	0.00353653
3959.0	0.00352228
3960.0	0.00350802
3961.0	0.00349375
3961.120605	0.00349206
3962.0	0.00348092
3963.0	0.00346794
3964.0	0.00345495
3965.0	0.00344195
3966.0	0.00342922
3967.0	0.00341619
3968.0	0.00340314
3969.0	0.00339008
3970.0	0.00337729
3971.0	0.0033642
3971.123291	0.00336258
3972.0	0.00335112
3973.0	0.00333804
3974.0	0.00332524
3975.0	0.00331213
3976.0	0.003299
3977.0	0.00328587
3978.0	0.003273
3979.0	0.00325983
3980.0	0.00324666
3981.0	0.00323346
3981.125732	0.0032318
3982.0	0.00321944
3983.0	0.00320556
3984.0	0.00319139
3985.0	0.0031772
3986.0	0.003163
3987.0	0.00314906
3988.0	0.00313483
3989.0	0.00312059
3990.0	0.00310633
3991.0	0.00309231
3991.128418	0.00309048
3992.0	0.00307933
3993.0	0.00306653
3994.0	0.00305371
3995.0	0.00304114
3996.0	0.0030283
3997.0	0.00301544
3998.0	0.00300257
3999.0	0.00298995
4000.0	0.00297705
4001.0	0.00296309
4001.131104	0.00296126
4002.0	0.00294915
4003.0	0.00293547
4004.0	0.00292153
4005.0	0.00290758
4006.0	0.00289364
4007.0	0.00287993
4008.0	0.00286598
4009.0	0.00285202
4010.0	0.00283806
4011.0	0.0028241
4011.133545	0.00282226
4012.0	0.00281048
4013.0	0.00279664
4014.0	0.00278279
4015.0	0.00276895
4016.0	0.00275533
4017.0	0.00274147
4018.0	0.00272762
4019.0	0.00271375
4020.0	0.00270012
4021.0	0.00268625
4021.13623	0.00268436
4022.0	0.00267252
4023.0	0.00265882
4024.0	0.00264533
4025.0	0.00263162
4026.0	0.00261791
4027.0	0.00260419
4028.0	0.00259047
4029.0	0.00257696
4030.0	0.00256323
4031.0	0.00254966
4031.138916	0.00254777
4032.0	0.00253594
4033.0	0.00252241
4034.0	0.00250867
4035.0	0.00249491
4036.0	0.00248115
4037.0	0.0024676
4038.0	0.00245383
4039.0	0.00244006
4040.0	0.00242628
4041.0	0.0024127
4041.141602	0.00241075
4042.0	0.00240061
4043.0	0.00238879
4044.0	0.00237696
4045.0	0.00236513
4046.0	0.0023535
4047.0	0.00234166
4048.0	0.00232982
4049.0	0.00231797
4050.0	0.00230632
4051.0	0.00229446
4051.144043	0.00229276
4052.0	0.00228263
4053.0	0.00227079
4054.0	0.00225914
4055.0	0.0022473
4056.0	0.00223545
4057.0	0.0022236
4058.0	0.00221174
4059.0	0.00220007
4060.0	0.0021882
4061.0	0.00217633
4061.146729	0.00217459
4062.0	0.00216462
4063.0	0.00215312
4064.0	0.00214143
4065.0	0.00212974
4066.0	0.00211804
4067.0	0.00210634
4068.0	0.00209482
4069.0	0.00208311
4070.0	0.0020714
4071.0	0.00205968
4071.149414	0.00205795
4072.0	0.00204831
4073.0	0.00203679
4074.0	0.00202526
4075.0	0.00201374
4076.0	0.00200238
4077.0	0.00199084
4078.0	0.0019793
4079.0	0.00196776
4080.0	0.00195621
4081.0	0.00194482
4081.151855	0.00194307
4082.0	0.00193367
4083.0	0.0019226
4084.0	0.00191151
4085.0	0.00190059
4086.0	0.0018895
4087.0	0.00187841
4088.0	0.00186731
4089.0	0.00185621
4090.0	0.00184526
4091.0	0.00183415
4091.154541	0.00183243
4092.0	0.00182341
4093.0	0.00181273
4094.0	0.0018022
4095.0	0.00179151
4096.0	0.00178082
4097.0	0.00177012
4098.0	0.00175942
4099.0	0.00174887
4100.0	0.00173816
4101.0	0.00172745
4101.157227	0.00172577
4102.0	0.00171702
4103.0	0.00170679
4104.0	0.00169641
4105.0	0.00168602
4106.0	0.00167563
4107.0	0.00166524
4108.0	0.00165499
4109.0	0.00164459
4110.0	0.00163418
4111.0	0.00162377
4111.159668	0.00162213
4112.0	0.0016142
4113.0	0.00160463
4114.0	0.00159505
4115.0	0.00158546
4116.0	0.00157588
4117.0	0.00156642
4118.0	0.00155683
4119.0	0.00154723
4120.0	0.00153763
4121.0	0.00152803
4121.162598	0.00152649
4122.0	0.00151987
4123.0	0.00151184
4124.0	0.0015038
4125.0	0.00149576
4126.0	0.00148785
4127.0	0.0014798
4128.0	0.00147176
4129.0	0.00146371
4130.0	0.00145565
4131.0	0.00144772
4131.165039	0.00144639
4132.0	0.00143861
4133.0	0.00142928
4134.0	0.00141996
4135.0	0.00141075
4136.0	0.00140141
4137.0	0.00139207
4138.0	0.00138273
4139.0	0.00137339
4140.0	0.00136416
4141.0	0.00135481
4141.16748	0.00135325
4142.0	0.00134602
4143.0	0.00133735
4144.0	0.00132867
4145.0	0.0013201
4146.0	0.00131141
4147.0	0.00130272
4148.0	0.00129403
4149.0	0.00128534
4150.0	0.00127675
4151.0	0.00126805
4151.17041	0.00126656
4152.0	0.00125966
4153.0	0.00125134
4154.0	0.00124311
4155.0	0.00123478
4156.0	0.00122645
4157.0	0.00121812
4158.0	0.00120978
4159.0	0.00120154
4160.0	0.0011932
4161.0	0.00118485
4161.172852	0.00118341
4162.0	0.00117739
4163.0	0.00117012
4164.0	0.00116294
4165.0	0.00115566
4166.0	0.00114838
4167.0	0.0011411
4168.0	0.00113381
4169.0	0.00112662
4170.0	0.00111933
4171.0	0.00111203
4171.175293	0.00111075
4172.0	0.00110485
4173.0	0.00109778
4174.0	0.00109061
4175.0	0.00108345
4176.0	0.00107628
4177.0	0.0010691
4178.0	0.00106202
4179.0	0.00105484
4180.0	0.00104766
4181.0	0.00104048
4181.178223	0.0010392
4182.0	0.00103386
4183.0	0.00102745
4184.0	0.00102094
4185.0	0.00101444
4186.0	0.00100793
4187.0	0.00100142
4188.0	0.000994993
4189.0	0.000988478
4190.0	0.000981962
4191.0	0.000975443
4191.180664	0.000974265
4192.0	0.000969116
4193.0	0.000962913
4194.0	0.000956625
4195.0	0.000950334
4196.0	0.000944043
4197.0	0.000937749
4198.0	0.000931533
4199.0	0.000925234
4200.0	0.000918934
4201.0	0.000912632
4201.183594	0.000911474
4202.0	0.000906923
4203.0	0.000901424
4204.0	0.000895846
4205.0	0.000890267
4206.0	0.000884685
4207.0	0.000879102
4208.0	0.000873592
4209.0	0.000868005
4210.0	0.000862417
4211.0	0.000856826
4211.186035	0.000855786
4212.0	0.000851305
4213.0	0.000845871
4214.0	0.000840363
4215.0	0.000834853
4216.0	0.000829341
4217.0	0.000823828
4218.0	0.000818383
4219.0	0.000812866
4220.0	0.000807348
4221.0	0.000801827
4221.188477	0.000800786
4222.0	0.000796527
4223.0	0.000791346
4224.0	0.000786094
4225.0	0.000780841
4226.0	0.000775586
4227.0	0.00077033
4228.0	0.000765138
4229.0	0.000759878
4230.0	0.000754617
4231.0	0.000749325
4231.191406	0.000748312
4232.0	0.000744482
4233.0	0.000739808
4234.0	0.00073507
4235.0	0.00073033
4236.0	0.00072559
4237.0	0.000720848
4238.0	0.000716167
4239.0	0.000711423
4240.0	0.000706678
4241.0	0.000701932
4241.193848	0.000701011
4242.0	0.00069729
4243.0	0.000692732
4244.0	0.000688114
4245.0	0.000683495
4246.0	0.000678875
4247.0	0.000674253
4248.0	0.000669631
4249.0	0.000665065
4250.0	0.00066044
4251.0	0.000655814
4251.196289	0.000654906
4252.0	0.000651507
4253.0	0.000647278
4254.0	0.000643103
4255.0	0.000638872
4256.0	0.000634639
4257.0	0.000630406
4258.0	0.000626172
4259.0	0.00062199
4260.0	0.000617754
4261.0	0.000613516
4261.199219	0.000612672
4262.0	0.000609481
4263.0	0.000605495
4264.0	0.000601559
4265.0	0.000597572
4266.0	0.000593583
4267.0	0.000589593
4268.0	0.000585603
4269.0	0.000581612
4270.0	0.000577669
4271.0	0.000573675
4271.20166	0.00057287
4272.0	0.000569674
4273.0	0.000565669
4274.0	0.000561664
4275.0	0.000557706
4276.0	0.000553699
4277.0	0.000549691
4278.0	0.000545682
4279.0	0.000541672
4280.0	0.000537707
4281.0	0.000533695
4281.20459	0.000532874
4282.0	0.000529854
4283.0	0.000526057
4284.0	0.000522258
4285.0	0.000518459
4286.0	0.000514703
4287.0	0.000510902
4288.0	0.0005071
4289.0	0.000503297
4290.0	0.000499494
4291.0	0.000495732
4291.207031	0.000494944
4292.0	0.00049355
4293.0	0.000491792
4294.0	0.000490033
4295.0	0.000488275
4296.0	0.000486557
4297.0	0.000484797
4298.0	0.000483037
4299.0	0.000481277
4300.0	0.000479516
4301.0	0.000477755
4301.209473	0.000477394
4302.0	0.000474812
4303.0	0.000471505
4304.0	0.000468197
4305.0	0.000464889
4306.0	0.00046158
4307.0	0.000458309
4308.0	0.000454998
4309.0	0.000451686
4310.0	0.000448374
4311.0	0.000445061
4311.212402	0.000444357
4312.0	0.000441528
4313.0	0.000437972
4314.0	0.000434377
4315.0	0.000430782
4316.0	0.000427186
4317.0	0.00042359
4318.0	0.000420028
4319.0	0.00041643
4320.0	0.000412831
4321.0	0.000409231
4321.214844	0.000408457
4322.0	0.000407381
4323.0	0.000406011
4324.0	0.000404674
4325.0	0.000403303
4326.0	0.000401931
4327.0	0.000400559
4328.0	0.000399187
4329.0	0.000397815
4330.0	0.000396476
4331.0	0.000395102
4331.217773	0.000394803
4332.0	0.000392419
4333.0	0.00038937
4334.0	0.00038632
4335.0	0.000383303
4336.0	0.000380252
4337.0	0.0003772
4338.0	0.000374148
4339.0	0.000371095
4340.0	0.000368042
4341.0	0.000365018
4341.220215	0.000364346
4342.0	0.000362991
4343.0	0.000361252
4344.0	0.000359514
4345.0	0.000357775
4346.0	0.000356036
4347.0	0.000354326
4348.0	0.000352586
4349.0	0.000350846
4350.0	0.000349105
4351.0	0.000347364
4351.222656	0.000346976
4352.0	0.000344626
4353.0	0.000341633
4354.0	0.000338609
4355.0	0.000335584
4356.0	0.000332559
4357.0	0.000329534
4358.0	0.000326535
4359.0	0.000323508
4360.0	0.00032048
4361.0	0.000317452
4361.225586	0.000316768
4362.0	0.000315416
4363.0	0.000313668
4364.0	0.000311948
4365.0	0.000310199
4366.0	0.000308451
4367.0	0.000306702
4368.0	0.000304953
4369.0	0.000303204
4370.0	0.00030148
4371.0	0.000299729
4371.228027	0.00029933
4372.0	0.000298091
4373.0	0.000296485
4374.0	0.000294879
4375.0	0.000293273
4376.0	0.000291691
4377.0	0.000290084
4378.0	0.000288477
4379.0	0.000286869
4380.0	0.000285261
4381.0	0.000283653
4381.230469	0.000283288
4382.0	0.000281951
4383.0	0.000280189
4384.0	0.000278428
4385.0	0.000276665
4386.0	0.000274903
4387.0	0.00027314
4388.0	0.0002714
4389.0	0.000269636
4390.0	0.000267872
4391.0	0.000266107
4391.233398	0.000265695
4392.0	0.000264872
4393.0	0.000263798
4394.0	0.000262747
4395.0	0.000261672
4396.0	0.000260598
4397.0	0.000259523
4398.0	0.000258448
4399.0	0.000257373
4400.0	0.000256319
4401.0	0.000255243
4401.23584	0.00025499
4402.0	0.000254145
4403.0	0.00025304
4404.0	0.000251935
4405.0	0.00025083
4406.0	0.000249746
4407.0	0.00024864
4408.0	0.000247534
4409.0	0.000246427
4410.0	0.000245321
4411.0	0.000244214
4411.23877	0.00024395
4412.0	0.000242292
4413.0	0.000240135
4414.0	0.000237957
4415.0	0.000235779
4416.0	0.0002336
4417.0	0.000231421
4418.0	0.000229241
4419.0	0.00022708
4420.0	0.000224899
4421.0	0.000222718
4421.241211	0.000222191
4422.0	0.000221274
4423.0	0.000220065
4424.0	0.000218855
4425.0	0.000217664
4426.0	0.000216453
4427.0	0.000215243
4428.0	0.000214032
4429.0	0.000212821
4430.0	0.00021161
4431.0	0.000210425
4431.244141	0.000210131
4432.0	0.000209456
4433.0	0.000208564
4434.0	0.000207671
4435.0	0.000206777
4436.0	0.000205884
4437.0	0.00020499
4438.0	0.000204114
4439.0	0.00020322
4440.0	0.000202325
4441.0	0.00020143
4441.246582	0.00020121
4442.0	0.000200209
4443.0	0.000198881
4444.0	0.000197569
4445.0	0.00019624
4446.0	0.00019491
4447.0	0.00019358
4448.0	0.00019225
4449.0	0.000190919
4450.0	0.000189588
4451.0	0.000188273
4451.249023	0.000187941
4452.0	0.000187536
4453.0	0.000186998
4454.0	0.000186459
4455.0	0.00018592
4456.0	0.000185381
4457.0	0.000184857
4458.0	0.000184318
4459.0	0.000183778
4460.0	0.000183239
4461.0	0.000182699
4461.251953	0.000182563
4462.0	0.00018161
4463.0	0.000180337
4464.0	0.000179078
4465.0	0.000177804
4466.0	0.000176529
4467.0	0.000175254
4468.0	0.000173979
4469.0	0.000172704
4470.0	0.000171442
4471.0	0.000170166
4471.254395	0.000169841
4472.0	0.000169298
4473.0	0.000168569
4474.0	0.00016784
4475.0	0.000167111
4476.0	0.000166382
4477.0	0.000165666
4478.0	0.000164937
4479.0	0.000164207
4480.0	0.000163476
4481.0	0.000162746
4481.257324	0.000162558
4482.0	0.000162008
4483.0	0.000161266
4484.0	0.000160539
4485.0	0.000159797
4486.0	0.000159055
4487.0	0.000158313
4488.0	0.00015757
4489.0	0.000156828
4490.0	0.000156085
4491.0	0.000155355
4491.259766	0.000155162
4492.0	0.000154498
4493.0	0.000153601
4494.0	0.000152704
4495.0	0.000151807
4496.0	0.00015091
4497.0	0.000150012
4498.0	0.000149127
4499.0	0.000148228
4500.0	0.00014733
4501.0	0.000146422
4501.262207	0.000146184
4502.0	0.000144972
4503.0	0.00014333
4504.0	0.0001417
4505.0	0.000140057
4506.0	0.000138414
4507.0	0.00013677
4508.0	0.000135127
4509.0	0.000133483
4510.0	0.000131839
4511.0	0.000130206
4511.265137	0.00012977
4512.0	0.000129612
4513.0	0.000129398
4514.0	0.000129184
4515.0	0.00012897
4516.0	0.000128756
4517.0	0.000128542
4518.0	0.000128328
4519.0	0.000128125
4520.0	0.00012791
4521.0	0.000127696
4521.267578	0.000127639
4522.0	0.000127273
4523.0	0.000126773
4524.0	0.000126274
4525.0	0.000125774
4526.0	0.000125285
4527.0	0.000124785
4528.0	0.000124285
4529.0	0.000123785
4530.0	0.000123285
4531.0	0.000122785
4531.270508	0.00012265
4532.0	0.000122239
4533.0	0.000121687
4534.0	0.000121124
4535.0	0.000120561
4536.0	0.000119998
4537.0	0.000119435
4538.0	0.000118872
4539.0	0.000118308
4540.0	0.000117755
4541.0	0.000117191
4541.272949	0.000117038
4542.0	0.000117835
4543.0	0.000118932
4544.0	0.000120029
4545.0	0.000121127
4546.0	0.000122224
4547.0	0.000123322
4548.0	0.000124431
4549.0	0.000125529
4550.0	0.000126627
4551.0	0.000127725
4551.275391	0.000128028
4552.0	0.000126786
4553.0	0.000125073
4554.0	0.000123359
4555.0	0.000121655
4556.0	0.000119941
4557.0	0.000118226
4558.0	0.000116511
4559.0	0.000114796
4560.0	0.00011308
4561.0	0.000111364
4561.27832	0.000110889
4562.0	0.000110094
4563.0	0.000108983
4564.0	0.000107871
4565.0	0.000106759
4566.0	0.000105648
4567.0	0.000104535
4568.0	0.000103423
4569.0	0.000102311
4570.0	0.000101207
4571.0	0.000100094
4571.280762	9.97816e-05
4572.0	9.9348e-05
4573.0	9.87449e-05
4574.0	9.81418e-05
4575.0	9.75387e-05
4576.0	9.69354e-05
4577.0	9.6332e-05
4578.0	9.57367e-05
4579.0	9.51331e-05
4580.0	9.45295e-05
4581.0	9.39258e-05
4581.283691	9.37545e-05
4582.0	9.31178e-05
4583.0	9.2229e-05
4584.0	9.134e-05
4585.0	9.04509e-05
4586.0	8.95692e-05
4587.0	8.86798e-05
4588.0	8.77902e-05
4589.0	8.69005e-05
4590.0	8.60107e-05
4591.0	8.51208e-05
4591.286133	8.48661e-05
4592.0	8.50558e-05
4593.0	8.53287e-05
4594.0	8.55944e-05
4595.0	8.58602e-05
4596.0	8.6126e-05
4597.0	8.63918e-05
4598.0	8.66577e-05
4599.0	8.69236e-05
4600.0	8.71896e-05
4601.0	8.7463e-05
4601.288574	8.75397e-05
4602.0	8.75204e-05
4603.0	8.74932e-05
4604.0	8.7466e-05
4605.0	8.74389e-05
4606.0	8.74117e-05
4607.0	8.73845e-05
4608.0	8.73573e-05
4609.0	8.73375e-05
4610.0	8.73103e-05
4611.0	8.7283e-05
4611.291504	8.72751e-05
4612.0	8.68931e-05
4613.0	8.63538e-05
4614.0	8.58145e-05
4615.0	8.5275e-05
4616.0	8.47356e-05
4617.0	8.4196e-05
4618.0	8.36634e-05
4619.0	8.31237e-05
4620.0	8.25838e-05
4621.0	8.20439e-05
4621.293945	8.18851e-05
4622.0	8.14132e-05
4623.0	8.07447e-05
4624.0	8.00761e-05
4625.0	7.94075e-05
4626.0	7.87454e-05
4627.0	7.80765e-05
4628.0	7.74075e-05
4629.0	7.67384e-05
4630.0	7.60692e-05
4631.0	7.53983e-05
4631.296875	7.51991e-05
4632.0	7.49976e-05
4633.0	7.47111e-05
4634.0	7.44309e-05
4635.0	7.41443e-05
4636.0	7.38577e-05
4637.0	7.35711e-05
4638.0	7.32844e-05
4639.0	7.29977e-05
4640.0	7.2711e-05
4641.0	7.24242e-05
4641.299316	7.23384e-05
4642.0	7.08314e-05
4643.0	6.86862e-05
4644.0	6.65349e-05
4645.0	6.43834e-05
4646.0	6.22316e-05
4647.0	6.00797e-05
4648.0	5.79275e-05
4649.0	5.57752e-05
4650.0	5.36226e-05
4651.0	5.14742e-05
4651.301758	5.08245e-05
4652.0	5.18816e-05
4653.0	5.33956e-05
4654.0	5.49097e-05
4655.0	5.6424e-05
4656.0	5.79384e-05
4657.0	5.9453e-05
4658.0	6.09677e-05
4659.0	6.24826e-05
4660.0	6.4003e-05
4661.0	6.55183e-05
4661.304688	6.598e-05
4662.0	6.57354e-05
4663.0	6.53836e-05
4664.0	6.50317e-05
4665.0	6.46798e-05
4666.0	6.43279e-05
4667.0	6.39759e-05
4668.0	6.36239e-05
4669.0	6.32773e-05
4670.0	6.29252e-05
4671.0	6.25731e-05
4671.307129	6.24649e-05
4672.0	6.26444e-05
4673.0	6.29035e-05
4674.0	6.31627e-05
4675.0	6.34218e-05
4676.0	6.3681e-05
4677.0	6.39402e-05
4678.0	6.42049e-05
4679.0	6.44641e-05
4680.0	6.47234e-05
4681.0	6.49828e-05
4681.310059	6.50632e-05
4682.0	6.40649e-05
4683.0	6.26179e-05
4684.0	6.11708e-05
4685.0	5.97235e-05
4686.0	5.82761e-05
4687.0	5.68334e-05
4688.0	5.53856e-05
4689.0	5.39376e-05
4690.0	5.24896e-05
4691.0	5.10413e-05
4691.3125	5.05887e-05
4692.0	5.1764e-05
4693.0	5.34737e-05
4694.0	5.51835e-05
4695.0	5.68934e-05
4696.0	5.86085e-05
4697.0	6.0319e-05
4698.0	6.20296e-05
4699.0	6.37403e-05
4700.0	6.54512e-05
4701.0	6.71623e-05
4701.31543	6.7702e-05
4702.0	6.70189e-05
4703.0	6.60209e-05
4704.0	6.50228e-05
4705.0	6.40246e-05
4706.0	6.30317e-05
4707.0	6.20332e-05
4708.0	6.10347e-05
4709.0	6.0036e-05
4710.0	5.90373e-05
4711.0	5.80385e-05
4711.317871	5.77209e-05
4712.0	5.71726e-05
4713.0	5.63686e-05
4714.0	5.55646e-05
4715.0	5.47605e-05
4716.0	5.39609e-05
4717.0	5.31566e-05
4718.0	5.23522e-05
4719.0	5.15478e-05
4720.0	5.07432e-05
4721.0	4.99386e-05
4721.320312	4.96809e-05
4722.0	4.94193e-05
4723.0	4.90345e-05
4724.0	4.86496e-05
4725.0	4.82687e-05
4726.0	4.78837e-05
4727.0	4.74987e-05
4728.0	4.71136e-05
4729.0	4.67285e-05
4730.0	4.63433e-05
4731.0	4.59582e-05
4731.323242	4.58336e-05
4732.0	4.60091e-05
4733.0	4.62684e-05
4734.0	4.65278e-05
4735.0	4.67911e-05
4736.0	4.70506e-05
4737.0	4.731e-05
4738.0	4.75695e-05
4739.0	4.7829e-05
4740.0	4.80885e-05
4741.0	4.8348e-05
4741.325684	4.84326e-05
4742.0	4.839e-05
4743.0	4.83269e-05
4744.0	4.82639e-05
4745.0	4.82008e-05
4746.0	4.81418e-05
4747.0	4.80787e-05
4748.0	4.80155e-05
4749.0	4.79524e-05
4750.0	4.78893e-05
4751.0	4.78262e-05
4751.328613	4.78054e-05
4752.0	4.71775e-05
4753.0	4.62422e-05
4754.0	4.53068e-05
4755.0	4.43713e-05
4756.0	4.34394e-05
4757.0	4.25037e-05
4758.0	4.15679e-05
4759.0	4.0632e-05
4760.0	3.9696e-05
4761.0	3.87599e-05
4761.331055	3.845e-05
4762.0	3.92289e-05
4763.0	4.03935e-05
4764.0	4.15582e-05
4765.0	4.2723e-05
4766.0	4.38879e-05
4767.0	4.50568e-05
4768.0	4.6222e-05
4769.0	4.73873e-05
4770.0	4.85528e-05
4771.0	4.97183e-05
4771.333984	5.01076e-05
4772.0	4.92262e-05
4773.0	4.79026e-05
4774.0	4.65789e-05
4775.0	4.52551e-05
4776.0	4.39311e-05
4777.0	4.26107e-05
4778.0	4.12864e-05
4779.0	3.99619e-05
4780.0	3.86374e-05
4781.0	3.73127e-05
4781.336426	3.6867e-05
4782.0	3.69104e-05
4783.0	3.69757e-05
4784.0	3.70411e-05
4785.0	3.71064e-05
4786.0	3.71718e-05
4787.0	3.72372e-05
4788.0	3.73025e-05
4789.0	3.73711e-05
4790.0	3.74365e-05
4791.0	3.75019e-05
4791.338867	3.7524e-05
4792.0	3.7534e-05
4793.0	3.75492e-05
4794.0	3.75643e-05
4795.0	3.75795e-05
4796.0	3.75946e-05
4797.0	3.76098e-05
4798.0	3.76249e-05
4799.0	3.76401e-05
4800.0	3.76584e-05
4801.0	3.76736e-05
4801.341797	3.76787e-05
4802.0	3.75952e-05
4803.0	3.74683e-05
4804.0	3.73414e-05
4805.0	3.72145e-05
4806.0	3.70876e-05
4807.0	3.69606e-05
4808.0	3.68337e-05
4809.0	3.67067e-05
4810.0	3.65797e-05
4811.0	3.64527e-05
4812.0	3.63288e-05
4813.0	3.62018e-05
4814.0	3.60748e-05
4815.0	3.59477e-05
