1990.0	0.0145473
1990.646362	0.0147083
1991.0	0.0147869
1992.0	0.0150106
1993.0	0.0152346
1994.0	0.0154618
1995.0	0.0156908
1996.0	0.0159201
1997.0	0.0161527
1998.0	0.0163855
1999.0	0.0166217
2000.0	0.0168597
2000.648193	0.0169723
2001.0	0.0170303
2002.0	0.0171969
2003.0	0.017364
2004.0	0.01753
2005.0	0.0176981
2006.0	0.017865
2007.0	0.0180341
2008.0	0.0182037
2009.0	0.018372
2010.0	0.0185426
2010.649902	0.0186525
2011.0	0.018712
2012.0	0.0188841
2013.0	0.0190567
2014.0	0.0192281
2015.0	0.0194017
2016.0	0.0195758
2017.0	0.0197485
2018.0	0.0199236
2019.0	0.0200974
2020.0	0.0202735
2020.651733	0.0203885
2021.0	0.020455
2022.0	0.0206445
2023.0	0.0208365
2024.0	0.0210291
2025.0	0.0212202
2026.0	0.0214139
2027.0	0.0216061
2028.0	0.0218008
2029.0	0.0219961
2030.0	0.0221899
2030.653442	0.0223181
2031.0	0.0223894
2032.0	0.0225954
2033.0	0.0228
2034.0	0.0230072
2035.0	0.0232128
2036.0	0.0234212
2037.0	0.0236302
2038.0	0.0238376
2039.0	0.0240477
2040.0	0.0242562
2040.655273	0.0243945
2041.0	0.0244713
2042.0	0.0246944
2043.0	0.0249158
2044.0	0.0251402
2045.0	0.0253652
2046.0	0.0255885
2047.0	0.0258147
2048.0	0.0260392
2049.0	0.0262668
2050.0	0.0264949
2050.656982	0.0266471
2051.0	0.0267277
2052.0	0.0269659
2053.0	0.0272023
2054.0	0.0274419
2055.0	0.0276822
2056.0	0.0279208
2057.0	0.0281627
2058.0	0.0284053
2059.0	0.028646
2060.0	0.0288901
2060.658936	0.0290495
2061.0	0.0291286
2062.0	0.029364
2063.0	0.0296
2064.0	0.029834
2065.0	0.0300715
2066.0	0.0303069
2067.0	0.0305458
2068.0	0.0307855
2069.0	0.031023
2070.0	0.0312641
2070.660889	0.0314217
2071.0	0.0314988
2072.0	0.0317294
2073.0	0.0319607
2074.0	0.0321898
2075.0	0.0324225
2076.0	0.0326559
2077.0	0.032887
2078.0	0.0331217
2079.0	0.0333541
2080.0	0.0335903
2080.662842	0.0337469
2081.0	0.0338167
2082.0	0.0340208
2083.0	0.0342286
2084.0	0.0344339
2085.0	0.0346429
2086.0	0.0348525
2087.0	0.0350595
2088.0	0.0352702
2089.0	0.0354784
2090.0	0.0356903
2090.664795	0.0358313
2091.0	0.0358958
2092.0	0.0360854
2093.0	0.0362789
2094.0	0.0364695
2095.0	0.036664
2096.0	0.036859
2097.0	0.0370512
2098.0	0.0372472
2099.0	0.0374404
2100.0	0.0376376
2100.666748	0.0378102
2101.0	0.0378874
2102.0	0.0381162
2103.0	0.0383494
2104.0	0.0385801
2105.0	0.0388154
2106.0	0.0390516
2107.0	0.0392852
2108.0	0.0395234
2109.0	0.0397626
2110.0	0.0399991
2110.668701	0.0401599
2111.0	0.0402313
2112.0	0.0404438
2113.0	0.0406608
2114.0	0.0408787
2115.0	0.0410936
2116.0	0.0413132
2117.0	0.0415297
2118.0	0.041751
2119.0	0.041973
2120.0	0.0421921
2120.670654	0.0423416
2121.0	0.0424075
2122.0	0.0426041
2123.0	0.0428053
2124.0	0.0430071
2125.0	0.0432058
2126.0	0.0434091
2127.0	0.0436091
2128.0	0.0438138
2129.0	0.0440192
2130.0	0.0442212
2130.672607	0.0443597
2131.0	0.0444197
2132.0	0.0445989
2133.0	0.0447829
2134.0	0.0449674
2135.0	0.0451483
2136.0	0.0453339
2137.0	0.0455159
2138.0	0.0457026
2139.0	0.0458899
2140.0	0.0460736
2140.674561	0.0462001
2141.0	0.0462552
2142.0	0.0464207
2143.0	0.046591
2144.0	0.0467616
2145.0	0.0469285
2146.0	0.0471
2147.0	0.0472677
2148.0	0.0474402
2149.0	0.0476088
2150.0	0.0477822
2150.676514	0.0478991
2151.0	0.0479494
2152.0	0.0481006
2153.0	0.0482565
2154.0	0.0484083
2155.0	0.048565
2156.0	0.0487219
2157.0	0.0488748
2158.0	0.0490324
2159.0	0.0491859
2160.0	0.0493443
2160.678711	0.0494513
2161.0	0.0494931
2162.0	0.0496187
2163.0	0.049749
2164.0	0.0498749
2165.0	0.0500056
2166.0	0.0501364
2167.0	0.0502628
2168.0	0.050394
2169.0	0.0505208
2170.0	0.0506523
2170.680664	0.0507413
2171.0	0.0507786
2172.0	0.0508911
2173.0	0.0510083
2174.0	0.0511209
2175.0	0.0512383
2176.0	0.0513511
2177.0	0.0514687
2178.0	0.0515864
2179.0	0.0516994
2180.0	0.0518173
2180.682861	0.0518938
2181.0	0.0519212
2182.0	0.0520125
2183.0	0.0521038
2184.0	0.0521902
2185.0	0.0522813
2186.0	0.0523676
2187.0	0.0524586
2188.0	0.0525495
2189.0	0.0526356
2190.0	0.0527264
2190.684814	0.0527844
2191.0	0.0528032
2192.0	0.0528677
2193.0	0.0529272
2194.0	0.0529912
2195.0	0.0530551
2196.0	0.0531139
2197.0	0.0531773
2198.0	0.0532356
2199.0	0.0532986
2200.0	0.0533614
2200.687012	0.053391
2201.0	0.0533978
2202.0	0.0534244
2203.0	0.0534457
2204.0	0.0534716
2205.0	0.0534972
2206.0	0.0535176
2207.0	0.0535425
2208.0	0.0535622
2209.0	0.0535865
2210.0	0.0536055
2210.688965	0.0536209
2211.0	0.0536191
2212.0	0.0536132
2213.0	0.0536018
2214.0	0.0535949
2215.0	0.0535827
2216.0	0.0535748
2217.0	0.0535665
2218.0	0.0535528
2219.0	0.0535435
2220.0	0.0535288
2220.691162	0.0535207
2221.0	0.0535109
2222.0	0.0534738
2223.0	0.053441
2224.0	0.0534076
2225.0	0.0533687
2226.0	0.0533341
2227.0	0.0532941
2228.0	0.0532583
2229.0	0.0532219
2230.0	0.0531801
2230.693115	0.0531338
2231.0	0.0531065
2232.0	0.0530125
2233.0	0.0529228
2234.0	0.0528276
2235.0	0.0527366
2236.0	0.0526449
2237.0	0.0525479
2238.0	0.052455
2239.0	0.0523567
2240.0	0.0522626
2240.695312	0.0521924
2241.0	0.0521578
2242.0	0.0520486
2243.0	0.0519388
2244.0	0.0518236
2245.0	0.0517124
2246.0	0.0515959
2247.0	0.0514834
2248.0	0.0513656
2249.0	0.0512517
2250.0	0.0511372
2250.69751	0.0510526
2251.0	0.051014
2252.0	0.0508904
2253.0	0.0507615
2254.0	0.0506366
2255.0	0.050511
2256.0	0.0503801
2257.0	0.050253
2258.0	0.0501208
2259.0	0.0499924
2260.0	0.0498587
2260.699707	0.0497669
2261.0	0.0497246
2262.0	0.0495835
2263.0	0.0494371
2264.0	0.0492945
2265.0	0.0491466
2266.0	0.0490026
2267.0	0.0488533
2268.0	0.0487078
2269.0	0.0485615
2270.0	0.0484101
2270.701904	0.0483055
2271.0	0.0482604
2272.0	0.0481039
2273.0	0.0479512
2274.0	0.0477933
2275.0	0.0476391
2276.0	0.0474841
2277.0	0.0473241
2278.0	0.0471677
2279.0	0.0470062
2280.0	0.0468483
2280.704102	0.0467328
2281.0	0.0466848
2282.0	0.0465262
2283.0	0.046367
2284.0	0.0462028
2285.0	0.0460421
2286.0	0.0458765
2287.0	0.0457143
2288.0	0.0455473
2289.0	0.0453836
2290.0	0.0452193
2290.706299	0.045099
2291.0	0.0450503
2292.0	0.0448879
2293.0	0.0447207
2294.0	0.0445569
2295.0	0.0443883
2296.0	0.0442231
2297.0	0.0440572
2298.0	0.0438865
2299.0	0.0437191
2300.0	0.043547
2300.708496	0.0434058
2301.0	0.0433477
2302.0	0.0431442
2303.0	0.0429443
2304.0	0.04274
2305.0	0.0425392
2306.0	0.042338
2307.0	0.0421326
2308.0	0.0419305
2309.0	0.0417243
2310.0	0.0415214
2310.710449	0.0413737
2311.0	0.0413149
2312.0	0.0411155
2313.0	0.0409157
2314.0	0.0407118
2315.0	0.0405112
2316.0	0.0403065
2317.0	0.0401051
2318.0	0.0398997
2319.0	0.0396975
2320.0	0.0394949
2320.712891	0.0393471
2321.0	0.0392894
2322.0	0.0390919
2323.0	0.0388904
2324.0	0.0386922
2325.0	0.03849
2326.0	0.0382909
2327.0	0.0380881
2328.0	0.0378883
2329.0	0.0376881
2330.0	0.0374841
2330.715088	0.0373399
2331.0	0.0372813
2332.0	0.0370719
2333.0	0.0368655
2334.0	0.0366554
2335.0	0.0364483
2336.0	0.0362375
2337.0	0.0360296
2338.0	0.0358213
2339.0	0.0356094
2340.0	0.0354003
2340.717285	0.0352474
2341.0	0.0351882
2342.0	0.0349818
2343.0	0.0347718
2344.0	0.0345646
2345.0	0.0343571
2346.0	0.034146
2347.0	0.0339377
2348.0	0.033726
2349.0	0.0335169
2350.0	0.0333045
2350.719482	0.0331532
2351.0	0.0330955
2352.0	0.0328867
2353.0	0.0326804
2354.0	0.0324739
2355.0	0.032264
2356.0	0.0320567
2357.0	0.0318461
2358.0	0.0316381
2359.0	0.0314268
2360.0	0.0312181
2360.72168	0.0310648
2361.0	0.0310039
2362.0	0.0307874
2363.0	0.0305706
2364.0	0.0303507
2365.0	0.0301332
2366.0	0.0299126
2367.0	0.0296943
2368.0	0.029473
2369.0	0.029254
2370.0	0.029032
2370.723877	0.0288726
2371.0	0.028811
2372.0	0.0285849
2373.0	0.0283611
2374.0	0.0281369
2375.0	0.0279098
2376.0	0.0276849
2377.0	0.0274571
2378.0	0.0272314
2379.0	0.0270029
2380.0	0.0267765
2380.726074	0.0266099
2381.0	0.0265463
2382.0	0.0263164
2383.0	0.0260862
2384.0	0.0258531
2385.0	0.0256221
2386.0	0.0253884
2387.0	0.0251567
2388.0	0.0249223
2389.0	0.0246898
2390.0	0.0244547
2390.728516	0.0242847
2391.0	0.0242214
2392.0	0.0239882
2393.0	0.0237525
2394.0	0.0235186
2395.0	0.0232822
2396.0	0.0230476
2397.0	0.0228105
2398.0	0.0225751
2399.0	0.0223374
2400.0	0.0221013
2400.730713	0.0219046
2401.0	0.0218327
2402.0	0.021568
2403.0	0.0213036
2404.0	0.0210376
2405.0	0.0207738
2406.0	0.0205085
2407.0	0.0202454
2408.0	0.0199808
2409.0	0.0197184
2410.0	0.0194545
2410.73291	0.0192624
2411.0	0.0191947
2412.0	0.0189397
2413.0	0.0186867
2414.0	0.018434
2415.0	0.01818
2416.0	0.0179279
2417.0	0.0176746
2418.0	0.0174232
2419.0	0.0171705
2420.0	0.0169198
2420.735107	0.0167345
2421.0	0.0166709
2422.0	0.0164328
2423.0	0.0161935
2424.0	0.015956
2425.0	0.0157188
2426.0	0.0154805
2427.0	0.0152439
2428.0	0.0150063
2429.0	0.0147703
2430.0	0.0145334
2430.737549	0.0143582
2431.0	0.0142998
2432.0	0.014076
2433.0	0.0138539
2434.0	0.0136309
2435.0	0.0134095
2436.0	0.0131873
2437.0	0.0129666
2438.0	0.0127463
2439.0	0.0125252
2440.0	0.0123056
2440.739746	0.0121425
2441.0	0.0120904
2442.0	0.0118914
2443.0	0.0116917
2444.0	0.0114933
2445.0	0.0112943
2446.0	0.0110966
2447.0	0.0108982
2448.0	0.0107012
2449.0	0.0105035
2450.0	0.0103072
2450.742188	0.0101616
2451.0	0.010117
2452.0	0.00994329
2453.0	0.00977076
2454.0	0.00959765
2455.0	0.00942571
2456.0	0.00925322
2457.0	0.00908185
2458.0	0.00890997
2459.0	0.00873919
2460.0	0.00856792
2460.744385	0.00844119
2461.0	0.00840341
2462.0	0.00825503
2463.0	0.00810766
2464.0	0.00796053
2465.0	0.00781294
2466.0	0.00766631
2467.0	0.00751926
2468.0	0.00737314
2469.0	0.00722661
2470.0	0.00708099
2470.746582	0.00697197
2471.0	0.00694007
2472.0	0.00681498
2473.0	0.00668949
2474.0	0.00656483
2475.0	0.0064398
2476.0	0.00631557
2477.0	0.006191
2478.0	0.00606721
2479.0	0.00594363
2480.0	0.00581973
2480.749023	0.00572747
2481.0	0.00570136
2482.0	0.00559693
2483.0	0.00549318
2484.0	0.00538913
2485.0	0.00528575
2486.0	0.00518209
2487.0	0.00507907
2488.0	0.00497579
2489.0	0.00487314
2490.0	0.00477024
2490.751221	0.00469339
2491.0	0.00467173
2492.0	0.00458431
2493.0	0.00449747
2494.0	0.00441039
2495.0	0.00432385
2496.0	0.00423747
2497.0	0.00415087
2498.0	0.0040648
2499.0	0.00397852
2500.0	0.00389275
2500.753662	0.0038273
2501.0	0.00380983
2502.0	0.00373937
2503.0	0.00366873
2504.0	0.00359857
2505.0	0.00352825
2506.0	0.00345841
2507.0	0.00338841
2508.0	0.00331888
2509.0	0.00324921
2510.0	0.00317999
2510.756104	0.00312755
2511.0	0.0031133
2512.0	0.00305525
2513.0	0.00299733
2514.0	0.00293928
2515.0	0.00288162
2516.0	0.00282383
2517.0	0.00276643
2518.0	0.00270891
2519.0	0.00265177
2520.0	0.00259452
2520.758301	0.00255138
2521.0	0.00253962
2522.0	0.00249082
2523.0	0.00244236
2524.0	0.00239378
2525.0	0.00234554
2526.0	0.00229719
2527.0	0.00224917
2528.0	0.00220105
2529.0	0.00215325
2530.0	0.00210536
2530.760498	0.00206917
2531.0	0.00206036
2532.0	0.00202344
2533.0	0.00198679
2534.0	0.00195022
2535.0	0.00191356
2536.0	0.00187716
2537.0	0.00184068
2538.0	0.00180445
2539.0	0.00176814
2540.0	0.00173207
2540.762939	0.00170449
2541.0	0.00169724
2542.0	0.00166682
2543.0	0.00163633
2544.0	0.00160605
2545.0	0.00157571
2546.0	0.00154557
2547.0	0.00151537
2548.0	0.00148537
2549.0	0.00145532
2550.0	0.00142546
2550.765381	0.00140257
2551.0	0.00139666
2552.0	0.00137166
2553.0	0.00134659
2554.0	0.0013217
2555.0	0.00129676
2556.0	0.00127199
2557.0	0.00124717
2558.0	0.00122251
2559.0	0.00119781
2560.0	0.00117327
2560.767578	0.00115448
2561.0	0.00114972
2562.0	0.00112917
2563.0	0.00110877
2564.0	0.00108832
2565.0	0.00106802
2566.0	0.00104767
2567.0	0.00102746
2568.0	0.00100721
2569.0	0.000987099
2570.0	0.00096695
2570.77002	0.000951536
2571.0	0.0009479
2572.0	0.000932029
2573.0	0.00091628
2574.0	0.000900486
2575.0	0.000884812
2576.0	0.000869097
2577.0	0.000853498
2578.0	0.000837861
2579.0	0.000822338
2580.0	0.000806779
2580.772461	0.000794844
2581.0	0.000791885
2582.0	0.000778829
2583.0	0.000765874
2584.0	0.000752882
2585.0	0.00073999
2586.0	0.000727064
2587.0	0.000714234
2588.0	0.000701373
2589.0	0.000688606
2590.0	0.00067581
2590.774902	0.000665964
2591.0	0.000663364
2592.0	0.000651774
2593.0	0.00064027
2594.0	0.000628738
2595.0	0.000617291
2596.0	0.000605818
2597.0	0.000594428
2598.0	0.000583014
2599.0	0.000571681
2600.0	0.000560376
2600.7771	0.000551509
2601.0	0.000549553
2602.0	0.000540841
2603.0	0.000532104
2604.0	0.000523439
2605.0	0.000514751
2606.0	0.000506133
2607.0	0.000497494
2608.0	0.000488923
2609.0	0.000480333
2610.0	0.00047181
2610.779541	0.000465149
2611.0	0.000463501
2612.0	0.000456078
2613.0	0.000448635
2614.0	0.000441253
2615.0	0.000433852
2616.0	0.000426511
2617.0	0.000419152
2618.0	0.000411852
2619.0	0.000404535
2620.0	0.000397276
2620.781982	0.000391587
2621.0	0.000390443
2622.0	0.000385239
2623.0	0.000380016
2624.0	0.000374841
2625.0	0.000369647
2626.0	0.0003645
2627.0	0.000359335
2628.0	0.000354217
2629.0	0.000349082
2630.0	0.000343992
2630.78418	0.000339999
2631.0	0.000338759
2632.0	0.000333052
2633.0	0.000327331
2634.0	0.000321655
2635.0	0.000315967
2636.0	0.000310323
2637.0	0.000304667
2638.0	0.000299055
2639.0	0.000293433
2640.0	0.000287852
2640.786621	0.000283454
2641.0	0.000282561
2642.0	0.000278407
2643.0	0.00027424
2644.0	0.00027011
2645.0	0.000265967
2646.0	0.000261859
2647.0	0.00025774
2648.0	0.000253655
2649.0	0.00024956
2650.0	0.000245499
2650.789062	0.000242285
2651.0	0.000241475
2652.0	0.000237662
2653.0	0.000233839
2654.0	0.000230048
2655.0	0.000226248
2656.0	0.000222479
2657.0	0.000218701
2658.0	0.000214953
2659.0	0.000211198
2660.0	0.000207472
2660.791504	0.000204517
2661.0	0.000203937
2662.0	0.000201181
2663.0	0.000198414
2664.0	0.000195674
2665.0	0.000192924
2666.0	0.000190199
2667.0	0.000187465
2668.0	0.000184755
2669.0	0.000182038
2670.0	0.000179344
2670.793701	0.000177199
2671.0	0.000176795
2672.0	0.000174857
2673.0	0.000172908
2674.0	0.00017098
2675.0	0.000169042
2676.0	0.000167125
2677.0	0.000165198
2678.0	0.000163291
2679.0	0.000161376
2680.0	0.00015948
2680.796143	0.000157964
2681.0	0.00015732
2682.0	0.000154181
2683.0	0.000151038
2684.0	0.000147919
2685.0	0.000144796
2686.0	0.000141696
2687.0	0.000138593
2688.0	0.000135513
2689.0	0.00013243
2690.0	0.000129369
2690.798584	0.000126923
2691.0	0.000126641
2692.0	0.000125258
2693.0	0.000123868
2694.0	0.000122481
2695.0	0.00012111
2696.0	0.000119732
2697.0	0.000118368
2698.0	0.000116998
2699.0	0.000115643
2700.0	0.000114281
2700.801025	0.000113346
2701.0	0.000113208
2702.0	0.000112502
2703.0	0.000111806
2704.0	0.0001111
2705.0	0.000110405
2706.0	0.0001097
2707.0	0.000109005
2708.0	0.000108301
2709.0	0.000107606
2710.0	0.000106902
2710.803467	0.000106345
2711.0	0.000106036
2712.0	0.000104457
2713.0	0.000102888
2714.0	0.00010131
2715.0	9.97414e-05
2716.0	9.81649e-05
2717.0	9.65978e-05
2718.0	9.50227e-05
2719.0	9.34568e-05
2720.0	9.18832e-05
2720.805908	9.06221e-05
2721.0	9.03936e-05
2722.0	8.92084e-05
2723.0	8.80317e-05
2724.0	8.68476e-05
2725.0	8.56717e-05
2726.0	8.44886e-05
2727.0	8.33136e-05
2728.0	8.21316e-05
2729.0	8.09575e-05
2730.0	7.97766e-05
2730.80835	7.88282e-05
2731.0	7.87458e-05
2732.0	7.83089e-05
2733.0	7.78723e-05
2734.0	7.74428e-05
2735.0	7.70065e-05
2736.0	7.65773e-05
2737.0	7.61414e-05
2738.0	7.57124e-05
2739.0	7.52769e-05
2740.0	7.48483e-05
2740.810791	7.44955e-05
2741.0	7.41911e-05
2742.0	7.2589e-05
2743.0	7.09811e-05
2744.0	6.93802e-05
2745.0	6.77738e-05
2746.0	6.61741e-05
2747.0	6.45692e-05
2748.0	6.29707e-05
2749.0	6.13673e-05
2750.0	5.97701e-05
2750.812988	5.84677e-05
2751.0	5.83549e-05
2752.0	5.77567e-05
2753.0	5.71537e-05
2754.0	5.6556e-05
2755.0	5.59535e-05
2756.0	5.53562e-05
2757.0	5.47542e-05
2758.0	5.41574e-05
2759.0	5.3556e-05
2760.0	5.29549e-05
2760.815674	5.24687e-05
2761.0	5.24479e-05
2762.0	5.23307e-05
2763.0	5.22182e-05
2764.0	5.21011e-05
2765.0	5.19886e-05
2766.0	5.18715e-05
2767.0	5.17592e-05
2768.0	5.16422e-05
2769.0	5.15299e-05
2770.0	5.1413e-05
2770.818115	5.13212e-05
2771.0	5.13144e-05
2772.0	5.1273e-05
2773.0	5.12361e-05
2774.0	5.11947e-05
2775.0	5.11578e-05
2776.0	5.11164e-05
2777.0	5.10795e-05
2778.0	5.10381e-05
2779.0	5.10013e-05
2780.0	5.09599e-05
2780.820312	5.0926e-05
2781.0	5.07414e-05
2782.0	4.97187e-05
2783.0	4.86921e-05
2784.0	4.76702e-05
2785.0	4.66445e-05
2786.0	4.56234e-05
2787.0	4.45987e-05
2788.0	4.35784e-05
2789.0	4.25547e-05
2790.0	4.15352e-05
2790.822998	4.06935e-05
2791.0	4.0584e-05
2792.0	3.99692e-05
2793.0	3.9351e-05
2794.0	3.87367e-05
2795.0	3.81192e-05
2796.0	3.75053e-05
2797.0	3.68883e-05
2798.0	3.62749e-05
2799.0	3.56585e-05
2800.0	3.50425e-05
2800.825195	3.45576e-05
2801.0	3.45562e-05
2802.0	3.4545e-05
2803.0	3.4537e-05
2804.0	3.45258e-05
2805.0	3.45177e-05
2806.0	3.45065e-05
2807.0	3.44984e-05
2808.0	3.44871e-05
2809.0	3.44789e-05
2810.0	3.44676e-05
2810.827881	3.44608e-05
2811.0	3.43724e-05
2812.0	3.38549e-05
2813.0	3.334e-05
2814.0	3.28216e-05
2815.0	3.23026e-05
2816.0	3.17861e-05
2817.0	3.12661e-05
2818.0	3.07484e-05
2819.0	3.02275e-05
2820.0	2.97087e-05
2820.830078	2.92755e-05
2821.0	2.9217e-05
2822.0	2.88751e-05
2823.0	2.85304e-05
2824.0	2.81878e-05
2825.0	2.78423e-05
2826.0	2.7499e-05
2827.0	2.71529e-05
2828.0	2.68088e-05
2829.0	2.6462e-05
2830.0	2.61149e-05
2830.83252	2.58253e-05
2831.0	2.58956e-05
2832.0	2.63131e-05
2833.0	2.67333e-05
2834.0	2.71514e-05
2835.0	2.75723e-05
2836.0	2.79911e-05
2837.0	2.84126e-05
2838.0	2.8832e-05
2839.0	2.92542e-05
2840.0	2.96742e-05
2840.835205	3.00274e-05
2841.0	3.00463e-05
2842.0	3.01583e-05
2843.0	3.02703e-05
2844.0	3.03851e-05
2845.0	3.04972e-05
2846.0	3.06122e-05
2847.0	3.07245e-05
2848.0	3.08396e-05
2849.0	3.09521e-05
2850.0	3.10674e-05
2850.837646	3.11617e-05
2851.0	3.11258e-05
2852.0	3.09073e-05
2853.0	3.06858e-05
2854.0	3.04669e-05
2855.0	3.02451e-05
2856.0	3.00231e-05
2857.0	2.98036e-05
2858.0	2.95813e-05
2859.0	2.93614e-05
2860.0	2.91388e-05
2860.840088	2.89537e-05
2861.0	2.88813e-05
2862.0	2.84254e-05
2863.0	2.79717e-05
2864.0	2.75152e-05
2865.0	2.70607e-05
2866.0	2.66034e-05
2867.0	2.61482e-05
2868.0	2.56903e-05
2869.0	2.5232e-05
2870.0	2.47756e-05
2870.842529	2.4389e-05
2871.0	2.4333e-05
2872.0	2.39797e-05
2873.0	2.36239e-05
2874.0	2.32699e-05
2875.0	2.29136e-05
2876.0	2.25591e-05
2877.0	2.22022e-05
2878.0	2.18471e-05
2879.0	2.14897e-05
2880.0	2.11321e-05
2880.844971	2.08312e-05
2881.0	2.08528e-05
2882.0	2.09897e-05
2883.0	2.11287e-05
2884.0	2.12659e-05
2885.0	2.14051e-05
2886.0	2.15424e-05
2887.0	2.16818e-05
2888.0	2.18194e-05
2889.0	2.1959e-05
2890.0	2.20968e-05
2890.847412	2.22136e-05
2891.0	2.21788e-05
2892.0	2.19525e-05
2893.0	2.17242e-05
2894.0	2.14975e-05
2895.0	2.12688e-05
2896.0	2.10418e-05
2897.0	2.08127e-05
2898.0	2.05853e-05
2899.0	2.03559e-05
2900.0	2.01281e-05
2900.849854	1.99399e-05
2901.0	1.98869e-05
2902.0	1.95339e-05
2903.0	1.9182e-05
2904.0	1.88278e-05
2905.0	1.84747e-05
2906.0	1.81193e-05
2907.0	1.7765e-05
2908.0	1.74085e-05
2909.0	1.7053e-05
2910.0	1.66954e-05
2910.852295	1.63901e-05
2911.0	1.63958e-05
2912.0	1.64354e-05
2913.0	1.64736e-05
2914.0	1.65133e-05
2915.0	1.65516e-05
2916.0	1.65914e-05
2917.0	1.66298e-05
2918.0	1.66697e-05
2919.0	1.67082e-05
2920.0	1.67482e-05
2920.854736	1.67811e-05
2921.0	1.67519e-05
2922.0	1.65506e-05
2923.0	1.63504e-05
2924.0	1.61484e-05
2925.0	1.59475e-05
2926.0	1.57449e-05
2927.0	1.55433e-05
2928.0	1.53401e-05
2929.0	1.51378e-05
2930.0	1.49338e-05
2930.857422	1.47587e-05
2931.0	1.47258e-05
2932.0	1.4496e-05
2933.0	1.42645e-05
2934.0	1.40339e-05
2935.0	1.38016e-05
2936.0	1.35702e-05
2937.0	1.33373e-05
2938.0	1.31051e-05
2939.0	1.28714e-05
2940.0	1.26373e-05
2940.859863	1.24367e-05
2941.0	1.24685e-05
2942.0	1.2694e-05
2943.0	1.2921e-05
2944.0	1.31472e-05
2945.0	1.33749e-05
2946.0	1.36018e-05
2947.0	1.38302e-05
2948.0	1.40577e-05
2949.0	1.42856e-05
2950.0	1.4515e-05
2950.862305	1.4712e-05
2951.0	1.4676e-05
2952.0	1.44151e-05
2953.0	1.41526e-05
2954.0	1.38909e-05
2955.0	1.36275e-05
2956.0	1.3365e-05
2957.0	1.31008e-05
2958.0	1.28362e-05
2959.0	1.25724e-05
2960.0	1.2307e-05
2960.864746	1.20781e-05
2961.0	1.20828e-05
2962.0	1.21168e-05
2963.0	1.2152e-05
2964.0	1.21861e-05
2965.0	1.22202e-05
2966.0	1.22555e-05
2967.0	1.22897e-05
2968.0	1.23251e-05
2969.0	1.23594e-05
2970.0	1.23948e-05
2971.0	1.24292e-05
2972.0	1.24647e-05
2973.0	1.24991e-05
2974.0	1.25336e-05
2975.0	1.25693e-05
2976.0	1.26038e-05
2977.0	1.26395e-05
2978.0	1.26742e-05
2979.0	1.271e-05
2980.0	1.27447e-05
2980.869629	1.27749e-05
2981.0	1.27693e-05
2982.0	1.27274e-05
2983.0	1.26843e-05
2984.0	1.26423e-05
2985.0	1.2599e-05
2986.0	1.25568e-05
2987.0	1.25134e-05
2988.0	1.24711e-05
2989.0	1.24275e-05
2990.0	1.23839e-05
2991.0	1.23413e-05
2992.0	1.22975e-05
2993.0	1.22547e-05
2994.0	1.22108e-05
2995.0	1.21679e-05
2996.0	1.21238e-05
2997.0	1.20796e-05
2998.0	1.20365e-05
2999.0	1.19921e-05
3000.0	1.19488e-05
3000.874756	1.19023e-05
3001.0	1.18951e-05
3002.0	1.18388e-05
3003.0	1.17815e-05
3004.0	1.17242e-05
3005.0	1.1668e-05
3006.0	1.16106e-05
3007.0	1.15544e-05
3008.0	1.14971e-05
3009.0	1.14408e-05
3010.0	1.13835e-05
3011.0	1.13262e-05
3012.0	1.12698e-05
3013.0	1.12125e-05
3014.0	1.11562e-05
3015.0	1.10989e-05
3016.0	1.10426e-05
3017.0	1.09853e-05
3018.0	1.0928e-05
3019.0	1.08716e-05
3020.0	1.08143e-05
3020.879639	1.07647e-05
3021.0	1.07595e-05
