6505.0	5.08731e-05
6505.796875	5.38158e-05
6506.0	5.47389e-05
6506.797363	5.83616e-05
6507.0	5.91095e-05
6507.797363	6.20519e-05
6508.0	6.28568e-05
6508.797852	6.60209e-05
6509.0	6.65924e-05
6509.79834	6.88536e-05
6510.0	7.04003e-05
6510.79834	7.65223e-05
6511.0	7.7437e-05
6511.798828	8.10597e-05
6512.0	8.19151e-05
6512.798828	8.53053e-05
6513.0	8.67302e-05
6513.799316	9.23964e-05
6514.0	9.35913e-05
6514.799316	9.83495e-05
6515.0	0.000100171
6515.799805	0.000107427
6516.0	0.000108732
6516.799805	0.000113936
6517.0	0.000115635
6517.800293	0.000122436
6518.0	0.00012487
6518.800781	0.000134628
6519.0	0.000136207
6519.800781	0.000142556
6520.0	0.000145265
6520.80127	0.000156149
6521.0	0.000158679
6521.80127	0.000168892
6522.0	0.00017131
6522.801758	0.000181066
6523.0	0.000183591
6523.801758	0.000193803
6524.0	0.000197001
6524.802246	0.000209926
6525.0	0.000213055
6525.802734	0.000225768
6526.0	0.000230348
6526.802734	0.000248982
6527.0	0.000252328
6527.803223	0.00026595
6528.0	0.000270516
6528.803223	0.000289129
6529.0	0.000293909
6529.803711	0.000313446
6530.0	0.000318665
6530.803711	0.000340027
6531.0	0.000345519
6531.804199	0.000368014
6532.0	0.00037427
6532.804199	0.00039993
6533.0	0.000406727
6533.804688	0.000434684
6534.0	0.00044291
6534.804688	0.000476794
6535.0	0.000486395
6535.805176	0.000525967
6536.0	0.000535876
6536.805176	0.00057678
6537.0	0.000584796
6537.805664	0.000617981
6538.0	0.000629831
6538.806152	0.00067898
6539.0	0.000690912
6539.806152	0.000740524
6540.0	0.00075535
6540.806641	0.000816978
6541.0	0.000831371
6541.806641	0.000891462
6542.0	0.000906239
6542.807129	0.000967912
6543.0	0.000986797
6543.807129	0.00106581
6544.0	0.00108349
6544.807617	0.00115739
6545.0	0.00117793
6545.807617	0.00126423
6546.0	0.00128972
6546.808105	0.00139677
6547.0	0.00142635
6547.808594	0.001551
6548.0	0.00158208
6548.808594	0.00171325
6549.0	0.00174865
6549.809082	0.00189838
6550.0	0.00193517
6550.809082	0.00209109
6551.0	0.00213373
6551.80957	0.00231449
6552.0	0.00235998
6552.80957	0.00255316
6553.0	0.00260522
6553.810059	0.00282683
6554.0	0.00288379
6554.810059	0.00312667
6555.0	0.00318508
6555.810547	0.0034343
6556.0	0.00350578
6556.811035	0.00381147
6557.0	0.00388026
6557.811035	0.00417571
6558.0	0.00426516
6558.811523	0.00464922
6559.0	0.00474546
6559.811523	0.00515975
6560.0	0.00527506
6560.812012	0.00577138
6561.0	0.00589886
6561.812012	0.00644979
6562.0	0.00659027
6562.8125	0.00719732
6563.0	0.00735413
6563.8125	0.00803354
6564.0	0.00821148
6564.812988	0.00898226
6565.0	0.00917829
6565.812988	0.0100309
6566.0	0.0102499
6566.813477	0.0112021
6567.0	0.011447
6567.813965	0.0125159
6568.0	0.0127734
6568.813965	0.0138989
6569.0	0.0141955
6569.814453	0.0154944
6570.0	0.0158107
6570.814453	0.0171991
6571.0	0.0175811
6571.814941	0.0192584
6572.0	0.019676
6572.814941	0.0215128
6573.0	0.0219953
6573.81543	0.0241225
6574.0	0.0246889
6574.81543	0.0271908
6575.0	0.0278082
6575.815918	0.0305369
6576.0	0.0312145
6576.816406	0.0342171
6577.0	0.0349266
6577.816406	0.0380834
6578.0	0.0388887
6578.816895	0.0424712
6579.0	0.043358
6579.816895	0.0473137
6580.0	0.048297
6580.817383	0.0526818
6581.0	0.0537023
6581.817383	0.0582728
6582.0	0.0593708
6582.817871	0.0642874
6583.0	0.0653565
6583.817871	0.0701564
6584.0	0.0714764
6584.818359	0.0774009
6585.0	0.0787797
6585.818359	0.0849959
6586.0	0.086476
6586.818848	0.093147
6587.0	0.0947109
6587.819336	0.101783
6588.0	0.103448
6588.819336	0.110988
6589.0	0.112684
6589.819824	0.120384
6590.0	0.122028
6590.819824	0.129506
6591.0	0.131145
6591.820312	0.138607
6592.0	0.14021
6592.820312	0.147514
6593.0	0.14919
6593.820801	0.156854
6594.0	0.158443
6594.820801	0.165722
6595.0	0.167186
6595.821289	0.173893
6596.0	0.175247
6596.821777	0.181459
6597.0	0.182763
6597.821777	0.188788
6598.0	0.190008
6598.822266	0.195639
6599.0	0.196953
6599.822266	0.20303
6600.0	0.204192
6600.822754	0.209556
6601.0	0.210548
6601.822754	0.215168
6602.0	0.216125
6602.823242	0.220567
6603.0	0.221394
6603.823242	0.225228
6604.0	0.225972
6604.82373	0.229455
6605.0	0.230033
6605.824219	0.232736
6606.0	0.233308
6606.824219	0.235987
6607.0	0.236461
6607.824707	0.238669
6608.0	0.239126
6608.824707	0.241298
6609.0	0.241639
6609.825195	0.243246
6610.0	0.24351
6610.825195	0.244756
6611.0	0.245005
6611.825684	0.246166
6612.0	0.246442
6612.825684	0.247768
6613.0	0.247923
6613.826172	0.248657
6614.0	0.248793
6614.826172	0.249441
6615.0	0.249577
6615.82666	0.250202
6616.0	0.250321
6616.82666	0.250906
6617.0	0.250974
6617.827148	0.251296
6618.0	0.25133
6618.827637	0.251494
6619.0	0.251481
6619.827637	0.251403
6620.0	0.25142
6620.828125	0.251516
6621.0	0.251547
6621.828125	0.251694
6622.0	0.25162
6622.828613	0.251265
6623.0	0.251292
6623.828613	0.251404
6624.0	0.251344
6624.829102	0.25107
6625.0	0.251031
6625.829102	0.250841
6626.0	0.250806
6626.82959	0.250615
6627.0	0.250561
6627.830078	0.250315
6628.0	0.250229
6628.830078	0.249806
6629.0	0.249762
6629.830566	0.249548
6630.0	0.249508
6630.830566	0.249287
6631.0	0.249197
6631.831055	0.248772
6632.0	0.248688
6632.831055	0.248276
6633.0	0.248188
6633.831543	0.247755
6634.0	0.247769
6634.832031	0.247821
6635.0	0.247682
6635.832031	0.24701
6636.0	0.246928
6636.83252	0.24652
6637.0	0.246436
6637.83252	0.246017
6638.0	0.245952
6638.833008	0.245609
6639.0	0.245535
6639.833008	0.245185
6640.0	0.245119
6640.833496	0.24479
6641.0	0.244742
6641.833496	0.24448
6642.0	0.244373
6642.833984	0.243858
6643.0	0.243858
6643.833984	0.24386
6644.0	0.243764
6644.834473	0.243284
6645.0	0.243251
6645.834473	0.243065
6646.0	0.242996
6646.834961	0.242664
6647.0	0.242721
6647.835449	0.243014
6648.0	0.242907
6648.835449	0.242364
6649.0	0.242292
6649.835938	0.241911
6650.0	0.241967
6650.835938	0.242272
6651.0	0.242253
6651.836426	0.242157
6652.0	0.242139
6652.836426	0.24205
6653.0	0.242059
6653.836914	0.242089
6654.0	0.242061
6654.836914	0.241939
6655.0	0.24191
6655.837402	0.241759
6656.0	0.241785
6656.837891	0.241898
6657.0	0.241959
6657.837891	0.242291
6658.0	0.242327
6658.838379	0.242511
6659.0	0.24251
6659.838379	0.242508
6660.0	0.242515
6660.838867	0.242533
6661.0	0.242598
6661.838867	0.242953
6662.0	0.242985
6662.839355	0.243155
6663.0	0.243219
6663.839844	0.243554
6664.0	0.243566
6664.839844	0.243612
6665.0	0.243621
6665.840332	0.243687
6666.0	0.243674
6666.840332	0.243603
6667.0	0.243704
6667.84082	0.24422
6668.0	0.244218
6668.84082	0.24423
6669.0	0.244236
6669.841309	0.244268
6670.0	0.244301
6670.841309	0.244475
6671.0	0.244463
6671.841797	0.24438
6672.0	0.24436
6672.841797	0.244272
6673.0	0.244327
6673.842285	0.244622
6674.0	0.244615
6674.842285	0.244579
6675.0	0.244498
6675.842773	0.244049
6676.0	0.244054
6676.843262	0.244098
6677.0	0.244016
6677.843262	0.243573
6678.0	0.243531
6678.84375	0.243286
6679.0	0.243226
6679.84375	0.242922
6680.0	0.242838
6680.844238	0.242388
6681.0	0.242326
6681.844238	0.241989
6682.0	0.241946
6682.844727	0.241696
6683.0	0.24158
6683.844727	0.240968
6684.0	0.240847
6684.845215	0.240191
6685.0	0.240113
6685.845703	0.239689
6686.0	0.239549
6686.845703	0.238766
6687.0	0.238715
6687.846191	0.238453
6688.0	0.23833
6688.846191	0.237649
6689.0	0.237553
6689.84668	0.237008
6690.0	0.236905
6690.84668	0.236358
6691.0	0.236279
6691.847168	0.235845
6692.0	0.235824
6692.847168	0.235709
6693.0	0.235593
6693.847656	0.234936
6694.0	0.234901
6694.847656	0.234723
6695.0	0.234654
6695.848145	0.234266
6696.0	0.234249
6696.848633	0.234159
6697.0	0.234163
6697.848633	0.234169
6698.0	0.234202
6698.849121	0.234408
6699.0	0.234431
6699.849121	0.234564
6700.0	0.234616
6700.849609	0.234891
6701.0	0.234895
6701.849609	0.234936
6702.0	0.235006
6702.850098	0.235398
6703.0	0.235462
6703.850098	0.235821
6704.0	0.23586
6704.850586	0.236062
6705.0	0.236085
6705.851074	0.23623
6706.0	0.236222
6706.851074	0.236181
6707.0	0.236122
6707.851562	0.235771
6708.0	0.235608
6708.851562	0.234688
6709.0	0.234508
6709.852051	0.233474
6710.0	0.233162
6710.852051	0.231367
6711.0	0.230907
6711.852539	0.228243
6712.0	0.227658
6712.852539	0.22429
6713.0	0.223503
6713.853027	0.218948
6714.0	0.218049
6714.853516	0.212814
6715.0	0.211593
6715.853516	0.204496
6716.0	0.203261
6716.854004	0.196061
6717.0	0.194726
6717.854004	0.186919
6718.0	0.185343
6718.854492	0.176111
6719.0	0.174384
6719.854492	0.16426
6720.0	0.162263
6720.85498	0.150535
6721.0	0.148572
6721.85498	0.137001
6722.0	0.135192
6722.855469	0.124509
6723.0	0.122701
6723.855469	0.11201
6724.0	0.110246
6724.855957	0.0998055
6725.0	0.0982133
6725.855957	0.0887471
6726.0	0.0873238
6726.856445	0.0788693
6727.0	0.0775161
6727.856934	0.0694404
6728.0	0.068322
6728.856934	0.0616245
6729.0	0.0605682
6729.857422	0.0542356
6730.0	0.053355
6730.857422	0.0480644
6731.0	0.0472463
6731.85791	0.0423246
6732.0	0.0415954
6732.85791	0.037191
6733.0	0.0365162
6733.858398	0.0324433
6734.0	0.0318536
6734.858887	0.028278
6735.0	0.0277646
6735.858887	0.0246402
6736.0	0.0242168
6736.859375	0.021637
6737.0	0.0212622
6737.859375	0.0189736
6738.0	0.0186519
6738.859863	0.0166855
6739.0	0.0164112
6739.859863	0.0147271
6740.0	0.0144887
6740.860352	0.0130267
6741.0	0.0128215
6741.860352	0.0115579
6742.0	0.0113781
6742.86084	0.0102697
6743.0	0.0101179
6743.861328	0.00917814
6744.0	0.00903808
6744.861328	0.008169
6745.0	0.00805679
6745.861816	0.00735956
6746.0	0.00724278
6746.861816	0.00651413
6747.0	0.00641453
6747.862305	0.00579362
6748.0	0.0057071
6748.862305	0.00516545
6749.0	0.00508826
6749.862793	0.00460468
6750.0	0.00453956
6750.862793	0.00412983
6751.0	0.00407326
6751.863281	0.00371773
6752.0	0.00366682
6752.863281	0.00334546
6753.0	0.00330225
6753.86377	0.00302914
6754.0	0.0029898
6754.86377	0.00274064
6755.0	0.00270474
6755.864258	0.00247707
6756.0	0.0024472
6756.864746	0.00225694
6757.0	0.00223012
6757.864746	0.00205855
6758.0	0.00203228
6758.865234	0.00186443
6759.0	0.00184132
6759.865234	0.00169301
6760.0	0.00167401
6760.865723	0.00155192
6761.0	0.00153298
6761.865723	0.00141101
6762.0	0.00139308
6762.866211	0.00127743
6763.0	0.00126234
6763.866699	0.00116451
6764.0	0.00115086
6764.866699	0.0010622
6765.0	0.00105208
6765.867188	0.000986256
6766.0	0.000974247
6766.867188	0.000895853
6767.0	0.00088553
6767.867676	0.000818042
6768.0	0.000809523
6768.867676	0.000753736
6769.0	0.00074715
6769.868164	0.000703951
6770.0	0.000696152
6770.868164	0.000644756
6771.0	0.000639077
6771.868652	0.000601716
6772.0	0.000595259
6772.869141	0.00055254
6773.0	0.000547369
6773.869141	0.000513031
6774.0	0.000507305
6774.869629	0.00046922
6775.0	0.000464662
6775.869629	0.000434298
6776.0	0.000429471
6776.870117	0.000397257
6777.0	0.00039342
6777.870117	0.000367698
6778.0	0.000364695
6778.870605	0.0003446
6779.0	0.000341716
6779.870605	0.000322319
6780.0	0.000319023
6780.871094	0.00029684
6781.0	0.000294039
6781.871094	0.000275094
6782.0	0.000272741
6782.871582	0.000256853
6783.0	0.000254683
6783.871582	0.000239959
6784.0	0.0002381
6784.87207	0.00022546
6785.0	0.000223504
6785.872559	0.000210183
6786.0	0.000208407
6786.872559	0.00019625
6787.0	0.000194748
6787.873047	0.000184445
6788.0	0.000182642
6788.873047	0.000170257
6789.0	0.00016866
6789.873535	0.000157678
6790.0	0.000156526
6790.873535	0.000148572
6791.0	0.000147321
6791.874023	0.000138661
6792.0	0.000137379
6792.874512	0.000128496
6793.0	0.00012769
6793.874512	0.00012207
6794.0	0.000121164
6794.875	0.000114839
6795.0	0.000114334
6795.875	0.000110815
6796.0	0.00010958
6796.875488	0.000100935
6797.0	0.000100269
6797.875488	9.55869e-05
6798.0	9.51203e-05
6798.875977	9.18311e-05
6799.0	9.10022e-05
6799.875977	8.5156e-05
6800.0	8.43949e-05
6800.876465	7.90171e-05
6801.0	7.87519e-05
6801.876465	7.68651e-05
6802.0	7.59097e-05
6802.876953	6.91352e-05
6803.0	6.87082e-05
6803.877441	6.56633e-05
6804.0	6.54008e-05
6804.877441	6.3517e-05
6805.0	6.31565e-05
6805.87793	6.0579e-05
6806.0	5.99286e-05
6806.87793	5.52522e-05
6807.0	5.48293e-05
6807.878418	5.1787e-05
6808.0	5.14949e-05
