5834.0	5.75911e-05
5835.0	5.82754e-05
5836.0	5.89646e-05
5837.0	5.96538e-05
5838.0	6.03429e-05
5839.0	6.10319e-05
5840.0	6.17208e-05
5841.0	6.24097e-05
5841.619141	6.28362e-05
5842.0	6.44375e-05
5843.0	6.86359e-05
5844.0	7.28394e-05
5845.0	7.70425e-05
5846.0	8.12452e-05
5847.0	8.54476e-05
5848.0	8.96496e-05
5849.0	9.38512e-05
5850.0	9.80524e-05
5851.0	0.000102253
5851.621582	0.000104859
5852.0	0.000107077
5853.0	0.000112947
5854.0	0.000118816
5855.0	0.000124685
5856.0	0.000130553
5857.0	0.000136421
5858.0	0.000142288
5859.0	0.000148155
5860.0	0.000154021
5861.0	0.000159873
5861.624512	0.000163536
5862.0	0.000166689
5863.0	0.000175087
5864.0	0.000183483
5865.0	0.000191879
5866.0	0.000200274
5867.0	0.000208669
5868.0	0.000217063
5869.0	0.000225437
5870.0	0.000233828
5871.0	0.000242219
5871.626953	0.000247479
5872.0	0.000252713
5873.0	0.00026674
5874.0	0.000280766
5875.0	0.000294791
5876.0	0.000308814
5877.0	0.000322837
5878.0	0.000336829
5879.0	0.000350848
5880.0	0.000364866
5881.0	0.000378882
5881.629883	0.00038771
5882.0	0.000395356
5883.0	0.000416012
5884.0	0.000436667
5885.0	0.00045732
5886.0	0.00047793
5887.0	0.000498578
5888.0	0.000519224
5889.0	0.000539868
5890.0	0.00056051
5891.0	0.000581151
5891.632324	0.000594202
5892.0	0.000607369
5893.0	0.00064318
5894.0	0.000678929
5895.0	0.000714731
5896.0	0.000750529
5897.0	0.000786324
5898.0	0.000822116
5899.0	0.000857906
5900.0	0.000893692
5901.0	0.000929475
5901.634766	0.000952135
5902.0	0.000971686
5903.0	0.00102529
5904.0	0.0010789
5905.0	0.00113249
5906.0	0.00118609
5907.0	0.00123967
5908.0	0.00129326
5909.0	0.00134684
5910.0	0.00140029
5911.0	0.00145386
5911.637695	0.00148802
5912.0	0.00151703
5913.0	0.00159711
5914.0	0.00167718
5915.0	0.00175725
5916.0	0.00183731
5917.0	0.00191736
5918.0	0.00199724
5919.0	0.00207727
5920.0	0.0021573
5921.0	0.00223732
5921.640625	0.00228858
5922.0	0.0023333
5923.0	0.00245776
5924.0	0.0025822
5925.0	0.00270663
5926.0	0.00283081
5927.0	0.00295521
5928.0	0.0030796
5929.0	0.00320398
5930.0	0.00332835
5931.0	0.00345271
5931.643066	0.00353268
5932.0	0.00359746
5933.0	0.00377863
5934.0	0.00396009
5935.0	0.00414154
5936.0	0.00432297
5937.0	0.00450438
5938.0	0.00468578
5939.0	0.00486717
5940.0	0.00504854
5941.0	0.00522945
5941.645508	0.0053465
5942.0	0.00543721
5943.0	0.00569308
5944.0	0.00594893
5945.0	0.00620475
5946.0	0.00646056
5947.0	0.00671635
5948.0	0.00697211
5949.0	0.00722724
5950.0	0.00748294
5951.0	0.00773862
5951.648438	0.0079044
5952.0	0.00802859
5953.0	0.00838181
5954.0	0.00873499
5955.0	0.00908815
5956.0	0.00944048
5957.0	0.00979355
5958.0	0.0101466
5959.0	0.0104996
5960.0	0.0108526
5961.0	0.0112055
5961.650879	0.0114353
5962.0	0.0116011
5963.0	0.0120749
5964.0	0.0125498
5965.0	0.0130245
5966.0	0.0134993
5967.0	0.013974
5968.0	0.0144487
5969.0	0.0149233
5970.0	0.0153979
5971.0	0.0158711
5971.653809	0.0161813
5972.0	0.0163953
5973.0	0.0170134
5974.0	0.0176314
5975.0	0.0182493
5976.0	0.0188673
5977.0	0.0194851
5978.0	0.0201012
5979.0	0.020719
5980.0	0.0213366
5981.0	0.0219542
5981.656738	0.0223598
5982.0	0.0226202
5983.0	0.0233788
5984.0	0.0241374
5985.0	0.0248938
5986.0	0.0256521
5987.0	0.0264104
5988.0	0.0271686
5989.0	0.0279268
5990.0	0.0286849
5991.0	0.029443
5991.65918	0.0299409
5992.0	0.0302437
5993.0	0.0311347
5994.0	0.0320255
5995.0	0.0329163
5996.0	0.033807
5997.0	0.0346976
5998.0	0.0355882
5999.0	0.0364756
6000.0	0.0373659
6001.0	0.03826
6001.661621	0.0388516
6002.0	0.0392105
6003.0	0.0402714
6004.0	0.0413324
6005.0	0.0423936
6006.0	0.0434511
6007.0	0.0445124
6008.0	0.0455738
6009.0	0.0466354
6010.0	0.0476971
6011.0	0.0487589
6011.664551	0.0494646
6012.0	0.0498719
6013.0	0.0510817
6014.0	0.052296
6015.0	0.0535104
6016.0	0.054725
6017.0	0.0559397
6018.0	0.0571546
6019.0	0.0583695
6020.0	0.0595796
6021.0	0.0607948
6021.666992	0.0616054
6022.0	0.0620367
6023.0	0.0633321
6024.0	0.0646276
6025.0	0.0659232
6026.0	0.0672133
6027.0	0.0685091
6028.0	0.0698051
6029.0	0.0711013
6030.0	0.0723975
6031.0	0.0736932
6031.669922	0.0745612
6032.0	0.075012
6033.0	0.0763713
6034.0	0.077737
6035.0	0.0791029
6036.0	0.080469
6037.0	0.0818351
6038.0	0.0832014
6039.0	0.0845679
6040.0	0.0859271
6041.0	0.0872937
6041.672363	0.0882126
6042.0	0.088687
6043.0	0.090135
6044.0	0.0915831
6045.0	0.0930313
6046.0	0.0944716
6047.0	0.09592
6048.0	0.0973686
6049.0	0.0988172
6050.0	0.100266
6051.0	0.101715
6051.675293	0.102694
6052.0	0.103165
6053.0	0.104608
6054.0	0.10606
6055.0	0.107512
6056.0	0.108964
6057.0	0.110416
6058.0	0.111868
6059.0	0.113311
6060.0	0.114764
6061.0	0.116216
6061.677734	0.117201
6062.0	0.117658
6063.0	0.119077
6064.0	0.120496
6065.0	0.121915
6066.0	0.123323
6067.0	0.124742
6068.0	0.126162
6069.0	0.127581
6070.0	0.129001
6071.0	0.13042
6071.680664	0.131379
6072.0	0.131817
6073.0	0.133198
6074.0	0.13458
6075.0	0.135962
6076.0	0.137344
6077.0	0.138727
6078.0	0.140109
6079.0	0.141479
6080.0	0.142862
6081.0	0.144245
6081.683105	0.145189
6082.0	0.145614
6083.0	0.146953
6084.0	0.148293
6085.0	0.14962
6086.0	0.15096
6087.0	0.152301
6088.0	0.153641
6089.0	0.154981
6090.0	0.156322
6091.0	0.157649
6091.686035	0.158568
6092.0	0.158963
6093.0	0.160219
6094.0	0.161474
6095.0	0.162731
6096.0	0.163987
6097.0	0.165229
6098.0	0.166485
6099.0	0.167742
6100.0	0.168998
6101.0	0.170255
6101.688477	0.17112
6102.0	0.171481
6103.0	0.172626
6104.0	0.173786
6105.0	0.174946
6106.0	0.176106
6107.0	0.177266
6108.0	0.178426
6109.0	0.179571
6110.0	0.180731
6111.0	0.181892
6111.691406	0.182694
6112.0	0.183028
6113.0	0.184108
6114.0	0.185189
6115.0	0.18627
6116.0	0.187335
6117.0	0.188416
6118.0	0.189497
6119.0	0.190578
6120.0	0.191659
6121.0	0.19274
6121.693848	0.193479
6122.0	0.193778
6123.0	0.194772
6124.0	0.195766
6125.0	0.196761
6126.0	0.197755
6127.0	0.198732
6128.0	0.199727
6129.0	0.200721
6130.0	0.201715
6131.0	0.20271
6131.696777	0.203403
6132.0	0.203675
6133.0	0.204553
6134.0	0.205449
6135.0	0.206345
6136.0	0.207241
6137.0	0.208137
6138.0	0.209033
6139.0	0.209912
6140.0	0.210808
6141.0	0.211705
6141.699219	0.212331
6142.0	0.212573
6143.0	0.213376
6144.0	0.214179
6145.0	0.214964
6146.0	0.215767
6147.0	0.216571
6148.0	0.217374
6149.0	0.218178
6150.0	0.218981
6151.0	0.219766
6151.702148	0.22033
6152.0	0.220547
6153.0	0.221277
6154.0	0.222006
6155.0	0.222736
6156.0	0.223465
6157.0	0.224176
6158.0	0.224906
6159.0	0.225635
6160.0	0.226365
6161.0	0.227095
6161.70459	0.227596
6162.0	0.227783
6163.0	0.228435
6164.0	0.229088
6165.0	0.22974
6166.0	0.230393
6167.0	0.231045
6168.0	0.231678
6169.0	0.232331
6170.0	0.232984
6171.0	0.233637
6171.70752	0.234099
6172.0	0.234269
6173.0	0.23485
6174.0	0.235411
6175.0	0.235991
6176.0	0.236572
6177.0	0.237153
6178.0	0.237734
6179.0	0.238295
6180.0	0.238876
6181.0	0.239457
6181.709961	0.23987
6182.0	0.24002
6183.0	0.240536
6184.0	0.241053
6185.0	0.241549
6186.0	0.242066
6187.0	0.242582
6188.0	0.243099
6189.0	0.243616
6190.0	0.244132
6191.0	0.244628
6191.712891	0.244997
6192.0	0.245131
6193.0	0.245601
6194.0	0.24607
6195.0	0.24654
6196.0	0.246988
6197.0	0.247458
6198.0	0.247927
6199.0	0.248397
6200.0	0.248867
6201.0	0.249336
6201.715332	0.249657
6202.0	0.24977
6203.0	0.250189
6204.0	0.250608
6205.0	0.251027
6206.0	0.251446
6207.0	0.251844
6208.0	0.252263
6209.0	0.252682
6210.0	0.253101
6211.0	0.25352
6211.718262	0.253822
6212.0	0.253925
6213.0	0.25427
6214.0	0.254636
6215.0	0.255003
6216.0	0.255369
6217.0	0.255736
6218.0	0.256081
6219.0	0.256448
6220.0	0.256814
6221.0	0.257181
6221.720703	0.257445
6222.0	0.257534
6223.0	0.25783
6224.0	0.258148
6225.0	0.258466
6226.0	0.258784
6227.0	0.259102
6228.0	0.25942
6229.0	0.259716
6230.0	0.260034
6231.0	0.260354
6231.723633	0.260586
6232.0	0.260664
6233.0	0.260948
6234.0	0.26121
6235.0	0.261495
6236.0	0.261779
6237.0	0.262063
6238.0	0.262348
6239.0	0.26261
6240.0	0.262894
6241.0	0.263178
6241.726074	0.263385
6242.0	0.26346
6243.0	0.263736
6244.0	0.264011
6245.0	0.264264
6246.0	0.26454
6247.0	0.264815
6248.0	0.265091
6249.0	0.265367
6250.0	0.26562
6251.0	0.265895
6251.729004	0.266096
6252.0	0.266156
6253.0	0.266376
6254.0	0.266596
6255.0	0.266794
6256.0	0.267014
6257.0	0.267234
6258.0	0.267455
6259.0	0.267675
6260.0	0.267873
6261.0	0.268093
6261.731445	0.268254
6262.0	0.26831
6263.0	0.268517
6264.0	0.268725
6265.0	0.26891
6266.0	0.269117
6267.0	0.269325
6268.0	0.269532
6269.0	0.26974
6270.0	0.269948
6271.0	0.270132
6271.734375	0.270285
6272.0	0.270334
6273.0	0.270517
6274.0	0.270701
6275.0	0.270885
6276.0	0.271045
6277.0	0.271229
6278.0	0.271412
6279.0	0.271596
6280.0	0.27178
6281.0	0.27194
6281.736816	0.272076
6282.0	0.27212
6283.0	0.272289
6284.0	0.272457
6285.0	0.272626
6286.0	0.272771
6287.0	0.27294
6288.0	0.273108
6289.0	0.273277
6290.0	0.273446
6291.0	0.273591
6291.739746	0.273716
6292.0	0.273755
6293.0	0.273907
6294.0	0.274059
6295.0	0.274211
6296.0	0.27434
6297.0	0.274492
6298.0	0.274644
6299.0	0.274796
6300.0	0.274948
6301.0	0.275077
6301.742188	0.27519
6302.0	0.275225
6303.0	0.27536
6304.0	0.275495
6305.0	0.27563
6306.0	0.275742
6307.0	0.275877
6308.0	0.276013
6309.0	0.276148
6310.0	0.276283
6311.0	0.276395
6311.745117	0.276496
6312.0	0.276525
6313.0	0.276641
6314.0	0.276757
6315.0	0.276874
6316.0	0.276966
6317.0	0.277082
6318.0	0.277198
6319.0	0.277314
6320.0	0.277407
6321.0	0.277523
6321.747559	0.27761
6322.0	0.277635
6323.0	0.277734
6324.0	0.277832
6325.0	0.277908
6326.0	0.278007
6327.0	0.278105
6328.0	0.278204
6329.0	0.278303
6330.0	0.278378
6331.0	0.278477
6331.750488	0.278551
6332.0	0.278577
6333.0	0.278681
6334.0	0.278784
6335.0	0.278864
6336.0	0.278968
6337.0	0.279071
6338.0	0.279175
6339.0	0.279278
6340.0	0.279358
6341.0	0.279461
6341.75293	0.279539
6342.0	0.27956
6343.0	0.279642
6344.0	0.279725
6345.0	0.279784
6346.0	0.279867
6347.0	0.279949
6348.0	0.280032
6349.0	0.280091
6350.0	0.280174
6351.0	0.280256
6351.755859	0.280319
6352.0	0.280338
6353.0	0.280418
6354.0	0.280473
6355.0	0.280553
6356.0	0.280632
6357.0	0.280712
6358.0	0.280791
6359.0	0.280847
6360.0	0.280926
6361.0	0.281006
6361.758301	0.281066
6362.0	0.281083
6363.0	0.281129
6364.0	0.281199
6365.0	0.281269
6366.0	0.281339
6367.0	0.281409
6368.0	0.281455
6369.0	0.281525
6370.0	0.281595
6371.0	0.281665
6371.76123	0.281718
6372.0	0.281736
6373.0	0.281788
6374.0	0.281863
6375.0	0.281939
6376.0	0.282015
6377.0	0.282066
6378.0	0.282142
6379.0	0.282218
6380.0	0.282294
6381.0	0.282369
6381.763672	0.282408
6382.0	0.282415
6383.0	0.282468
6384.0	0.28252
6385.0	0.282573
6386.0	0.282626
6387.0	0.282654
6388.0	0.282707
6389.0	0.282759
6390.0	0.282812
6391.0	0.28284
6391.766602	0.282881
6392.0	0.282895
6393.0	0.282956
6394.0	0.283018
6395.0	0.283079
6396.0	0.283117
6397.0	0.283178
6398.0	0.283239
6399.0	0.283301
6400.0	0.283338
6401.0	0.283399
6401.769043	0.283446
6402.0	0.283456
6403.0	0.2835
6404.0	0.283543
6405.0	0.283562
6406.0	0.283605
6407.0	0.283648
6408.0	0.283691
6409.0	0.28371
6410.0	0.283753
6411.0	0.283796
6411.771973	0.283829
6412.0	0.28384
6413.0	0.283885
6414.0	0.283907
6415.0	0.283953
6416.0	0.283999
6417.0	0.284045
6418.0	0.284066
6419.0	0.284112
6420.0	0.284158
6421.0	0.284204
6421.774414	0.284239
6422.0	0.284249
6423.0	0.284269
6424.0	0.284313
6425.0	0.284357
6426.0	0.284401
6427.0	0.284421
6428.0	0.284465
6429.0	0.284509
6430.0	0.284553
6431.0	0.284592
6431.777344	0.284603
6432.0	0.284604
6433.0	0.284633
6434.0	0.284662
6435.0	0.28469
6436.0	0.284694
6437.0	0.284723
6438.0	0.284752
6439.0	0.28478
6440.0	0.284784
6441.0	0.284813
6441.779785	0.284835
6442.0	0.284841
6443.0	0.28487
6444.0	0.284898
6445.0	0.284902
6446.0	0.28493
6447.0	0.284958
6448.0	0.284987
6449.0	0.284991
6450.0	0.285019
6451.0	0.285047
6451.782715	0.285069
6452.0	0.285077
6453.0	0.285112
6454.0	0.285123
6455.0	0.285158
6456.0	0.285193
6457.0	0.285229
6458.0	0.28524
6459.0	0.285275
6460.0	0.28531
6461.0	0.285345
6461.785156	0.285353
6462.0	0.285353
6463.0	0.285374
6464.0	0.285396
6465.0	0.285417
6466.0	0.285414
6467.0	0.285436
6468.0	0.285457
6469.0	0.285479
6470.0	0.2855
6471.0	0.285497
6471.788086	0.285514
6472.0	0.285518
6473.0	0.285539
6474.0	0.285561
6475.0	0.285558
6476.0	0.285579
6477.0	0.2856
6478.0	0.285622
6479.0	0.285618
6480.0	0.28564
6481.0	0.285661
6481.790527	0.285677
6482.0	0.285679
6483.0	0.285666
6484.0	0.285676
6485.0	0.285687
6486.0	0.285698
6487.0	0.285709
6488.0	0.285695
6489.0	0.285706
6490.0	0.285716
6491.0	0.285727
6491.793457	0.285716
6492.0	0.285718
6493.0	0.285752
6494.0	0.285785
6495.0	0.285819
6496.0	0.285829
6497.0	0.285863
6498.0	0.285896
6499.0	0.28593
6500.0	0.28594
6501.0	0.285919
6501.795898	0.285902
6502.0	0.285892
6503.0	0.28584
6504.0	0.285763
6505.0	0.285711
6506.0	0.285659
6507.0	0.285607
6508.0	0.285555
6509.0	0.285478
6510.0	0.285426
6511.0	0.285374
6511.798828	0.285332
6512.0	0.285325
6513.0	0.285262
6514.0	0.285225
6515.0	0.285187
6516.0	0.285149
6517.0	0.285087
6518.0	0.285049
6519.0	0.285012
6520.0	0.284974
6521.0	0.284912
6521.80127	0.284881
6522.0	0.284873
6523.0	0.28483
6524.0	0.284787
6525.0	0.284719
6526.0	0.284676
6527.0	0.284633
6528.0	0.28459
6529.0	0.284523
6530.0	0.28448
6531.0	0.284437
6531.804199	0.284402
6532.0	0.284394
6533.0	0.28433
6534.0	0.28429
6535.0	0.28425
6536.0	0.28421
6537.0	0.284146
6538.0	0.284106
6539.0	0.284066
6540.0	0.284026
6541.0	0.283961
6541.806641	0.283929
6542.0	0.28392
6543.0	0.283875
6544.0	0.283829
6545.0	0.283759
6546.0	0.283714
6547.0	0.283669
6548.0	0.283623
6549.0	0.283553
6550.0	0.283508
6551.0	0.283462
6551.80957	0.283426
6552.0	0.283417
6553.0	0.283345
6554.0	0.283299
6555.0	0.283252
6556.0	0.283205
6557.0	0.283134
6558.0	0.283087
6559.0	0.28304
6560.0	0.282993
6561.0	0.282922
6561.812012	0.282884
6562.0	0.282876
6563.0	0.282835
6564.0	0.282794
6565.0	0.282729
6566.0	0.282688
6567.0	0.282647
6568.0	0.282606
6569.0	0.282541
6570.0	0.2825
6571.0	0.282459
6571.814941	0.282426
6572.0	0.282415
6573.0	0.282336
6574.0	0.282281
6575.0	0.282226
6576.0	0.282172
6577.0	0.282092
6578.0	0.282038
6579.0	0.281983
6580.0	0.281928
6581.0	0.281848
6581.817383	0.281803
6582.0	0.281794
6583.0	0.281743
6584.0	0.281692
6585.0	0.281617
6586.0	0.281567
6587.0	0.281516
6588.0	0.281465
6589.0	0.28139
6590.0	0.281339
6591.0	0.281288
6591.820312	0.281246
6592.0	0.281239
6593.0	0.281172
6594.0	0.281129
6595.0	0.281086
6596.0	0.281044
6597.0	0.280977
6598.0	0.280934
6599.0	0.280891
6600.0	0.280848
6601.0	0.280781
6601.822754	0.280746
6602.0	0.280737
6603.0	0.280687
6604.0	0.280612
6605.0	0.280562
6606.0	0.280511
6607.0	0.280461
6608.0	0.280386
6609.0	0.280336
6610.0	0.280285
6611.0	0.280235
6611.825684	0.280173
6612.0	0.280162
6613.0	0.28012
6614.0	0.280078
6615.0	0.280036
6616.0	0.27997
6617.0	0.279928
6618.0	0.279886
6619.0	0.279844
6620.0	0.279778
6621.0	0.279736
6621.828125	0.279701
6622.0	0.27969
6623.0	0.279629
6624.0	0.279544
6625.0	0.279483
6626.0	0.279422
6627.0	0.279337
6628.0	0.279276
6629.0	0.279215
6630.0	0.279154
6631.0	0.279058
6631.831055	0.278998
6632.0	0.278987
6633.0	0.278924
6634.0	0.278861
6635.0	0.278774
6636.0	0.278711
6637.0	0.278648
6638.0	0.278585
6639.0	0.278498
6640.0	0.278435
6641.0	0.278371
6641.833496	0.278299
6642.0	0.278284
6643.0	0.278217
6644.0	0.278151
6645.0	0.278084
6646.0	0.277994
6647.0	0.277928
6648.0	0.277861
6649.0	0.277795
6650.0	0.277705
6651.0	0.277638
6651.836426	0.277582
6652.0	0.277573
6653.0	0.277518
6654.0	0.277439
6655.0	0.277383
6656.0	0.277328
6657.0	0.277249
6658.0	0.277194
6659.0	0.277138
6660.0	0.277083
6661.0	0.277004
6661.838867	0.276957
6662.0	0.276947
6663.0	0.276884
6664.0	0.276821
6665.0	0.276735
6666.0	0.276672
6667.0	0.276609
6668.0	0.276523
6669.0	0.27646
6670.0	0.276397
6671.0	0.276335
6671.841797	0.276262
6672.0	0.276246
6673.0	0.27617
6674.0	0.276094
6675.0	0.276018
6676.0	0.275918
6677.0	0.275842
6678.0	0.275766
6679.0	0.275666
6680.0	0.27559
6681.0	0.275514
6681.844238	0.27545
6682.0	0.27544
6683.0	0.275356
6684.0	0.275296
6685.0	0.275236
6686.0	0.275176
6687.0	0.275092
6688.0	0.275032
6689.0	0.274972
6690.0	0.274888
6691.0	0.274828
6691.847168	0.274777
6692.0	0.274765
6693.0	0.274689
6694.0	0.274589
6695.0	0.274512
6696.0	0.274436
6697.0	0.274359
6698.0	0.274259
6699.0	0.274183
6700.0	0.274106
6701.0	0.274006
6701.849609	0.273941
6702.0	0.273935
6703.0	0.273889
6704.0	0.273844
6705.0	0.273774
6706.0	0.273729
6707.0	0.273683
6708.0	0.273614
6709.0	0.273569
6710.0	0.273523
6711.0	0.273478
6711.852539	0.273419
6712.0	0.273405
6713.0	0.273331
6714.0	0.273256
6715.0	0.273159
6716.0	0.273085
6717.0	0.273011
6718.0	0.272937
6719.0	0.27284
6720.0	0.272766
6721.0	0.272692
6721.85498	0.272628
6722.0	0.272618
6723.0	0.272521
6724.0	0.272448
6725.0	0.272375
6726.0	0.272278
6727.0	0.272205
6728.0	0.272132
6729.0	0.272059
6730.0	0.271963
6731.0	0.27189
6731.85791	0.271827
6732.0	0.271819
6733.0	0.271739
6734.0	0.271683
6735.0	0.271626
6736.0	0.27157
6737.0	0.27149
6738.0	0.271433
6739.0	0.271377
6740.0	0.271297
6741.0	0.27124
6741.860352	0.271191
6742.0	0.271183
6743.0	0.271119
6744.0	0.271032
6745.0	0.270968
6746.0	0.270905
6747.0	0.270818
6748.0	0.270754
6749.0	0.27069
6750.0	0.270627
6751.0	0.27054
6751.863281	0.270485
6752.0	0.270476
6753.0	0.270413
6754.0	0.270326
6755.0	0.270263
6756.0	0.2702
6757.0	0.270136
6758.0	0.27005
6759.0	0.269987
6760.0	0.269924
6761.0	0.269837
6761.865723	0.269782
6762.0	0.269773
6763.0	0.269707
6764.0	0.269618
6765.0	0.269552
6766.0	0.269486
6767.0	0.269419
6768.0	0.26933
6769.0	0.269264
6770.0	0.269198
6771.0	0.269109
6771.868652	0.269051
6772.0	0.269043
6773.0	0.268976
6774.0	0.26891
6775.0	0.268821
6776.0	0.268754
6777.0	0.268688
6778.0	0.268599
6779.0	0.268532
6780.0	0.268466
6781.0	0.2684
6781.871094	0.268322
6782.0	0.268312
6783.0	0.268254
6784.0	0.268197
6785.0	0.268116
6786.0	0.268059
6787.0	0.268001
6788.0	0.267921
6789.0	0.267863
6790.0	0.267806
6791.0	0.267749
6791.874023	0.267678
6792.0	0.267666
6793.0	0.267593
6794.0	0.267519
6795.0	0.267422
6796.0	0.267349
6797.0	0.267275
6798.0	0.267202
6799.0	0.267105
6800.0	0.267032
6801.0	0.266959
6801.876465	0.266874
6802.0	0.266864
6803.0	0.266802
6804.0	0.26674
6805.0	0.266655
6806.0	0.266594
6807.0	0.266532
6808.0	0.26647
6809.0	0.266386
6810.0	0.266324
6811.0	0.266262
6811.879395	0.266188
6812.0	0.266177
6813.0	0.266108
6814.0	0.266039
6815.0	0.265947
6816.0	0.265878
6817.0	0.265809
6818.0	0.26574
6819.0	0.265648
6820.0	0.265579
6821.0	0.26551
6821.882324	0.265429
6822.0	0.265418
6823.0	0.265352
6824.0	0.265286
6825.0	0.265197
6826.0	0.265131
6827.0	0.265065
6828.0	0.264999
6829.0	0.26491
6830.0	0.264843
6831.0	0.264784
6831.884766	0.26471
6832.0	0.2647
6833.0	0.264632
6834.0	0.264565
6835.0	0.264475
6836.0	0.264407
6837.0	0.26434
6838.0	0.26425
6839.0	0.264182
6840.0	0.264115
6841.0	0.264048
6841.887695	0.263968
6842.0	0.263959
6843.0	0.263901
6844.0	0.263844
6845.0	0.263764
6846.0	0.263706
6847.0	0.263649
6848.0	0.263568
6849.0	0.263511
6850.0	0.263454
6851.0	0.263396
6851.890137	0.263325
6852.0	0.263317
6853.0	0.263271
6854.0	0.263225
6855.0	0.263156
6856.0	0.26311
6857.0	0.263064
6858.0	0.262995
6859.0	0.262949
6860.0	0.262903
6861.0	0.262834
6861.892578	0.262793
6862.0	0.262786
6863.0	0.262726
6864.0	0.262644
6865.0	0.262584
6866.0	0.262524
6867.0	0.262464
6868.0	0.262382
6869.0	0.262322
6870.0	0.262262
6871.0	0.262179
6871.895508	0.262126
6872.0	0.262119
6873.0	0.262056
6874.0	0.26197
6875.0	0.261907
6876.0	0.261844
6877.0	0.261758
6878.0	0.261695
6879.0	0.261632
6880.0	0.261568
6881.0	0.261483
6881.898438	0.261426
6882.0	0.261421
6883.0	0.261368
6884.0	0.261294
6885.0	0.261241
6886.0	0.261189
6887.0	0.261114
6888.0	0.261062
6889.0	0.26101
6890.0	0.260935
6891.0	0.260883
6891.900879	0.260836
6892.0	0.260829
6893.0	0.260735
6894.0	0.260664
6895.0	0.260592
6896.0	0.260498
6897.0	0.260427
6898.0	0.260355
6899.0	0.260284
6900.0	0.26019
6901.0	0.260119
6901.903809	0.260054
6902.0	0.260048
6903.0	0.259968
6904.0	0.259909
6905.0	0.259851
6906.0	0.25977
6907.0	0.259712
6908.0	0.259653
6909.0	0.259573
6910.0	0.259514
6911.0	0.259456
6911.90625	0.259383
6912.0	0.259376
6913.0	0.259322
6914.0	0.259269
6915.0	0.259193
6916.0	0.25914
6917.0	0.259086
6918.0	0.259033
6919.0	0.258957
6920.0	0.258904
6921.0	0.258851
6921.90918	0.258782
6922.0	0.258775
6923.0	0.258716
6924.0	0.258657
6925.0	0.258576
6926.0	0.258518
6927.0	0.258459
6928.0	0.258378
6929.0	0.258319
6930.0	0.258261
6931.0	0.25818
6931.911621	0.258126
6932.0	0.258122
6933.0	0.258066
6934.0	0.257988
6935.0	0.257932
6936.0	0.257877
6937.0	0.257799
6938.0	0.257743
6939.0	0.257688
6940.0	0.25761
6941.0	0.257554
6941.914551	0.257503
6942.0	0.257499
6943.0	0.257427
6944.0	0.257378
6945.0	0.257328
6946.0	0.257256
6947.0	0.257207
6948.0	0.257157
6949.0	0.257086
6950.0	0.257036
6951.0	0.256987
6951.916992	0.256941
6952.0	0.256936
6953.0	0.256844
6954.0	0.256775
6955.0	0.256706
6956.0	0.256615
6957.0	0.256546
6958.0	0.256477
6959.0	0.256386
6960.0	0.256317
6961.0	0.256249
6961.919922	0.256165
6962.0	0.256159
6963.0	0.25611
6964.0	0.256061
6965.0	0.255989
6966.0	0.25594
6967.0	0.255891
6968.0	0.25582
6969.0	0.255771
6970.0	0.255721
6971.0	0.25565
6971.922363	0.255605
6972.0	0.255601
6973.0	0.255544
6974.0	0.255465
6975.0	0.255408
6976.0	0.255351
6977.0	0.255272
6978.0	0.255215
6979.0	0.255158
6980.0	0.255079
6981.0	0.255022
6981.925293	0.25497
6982.0	0.254966
6983.0	0.25489
6984.0	0.254836
6985.0	0.254783
6986.0	0.254707
6987.0	0.254654
6988.0	0.254601
6989.0	0.254525
6990.0	0.254472
6991.0	0.254418
6991.927734	0.254348
6992.0	0.254343
6993.0	0.254287
6994.0	0.254231
6995.0	0.254153
6996.0	0.254097
6997.0	0.254041
6998.0	0.253964
6999.0	0.253908
7000.0	0.253852
7001.0	0.25376
7001.930664	0.253695
7002.0	0.25369
7003.0	0.253616
7004.0	0.253521
7005.0	0.253447
7006.0	0.253374
7007.0	0.253278
7008.0	0.253205
7009.0	0.253132
7010.0	0.253036
7011.0	0.252963
7011.933105	0.252894
7012.0	0.25289
7013.0	0.252797
7014.0	0.252727
7015.0	0.252657
7016.0	0.252565
7017.0	0.252495
7018.0	0.252424
7019.0	0.252332
7020.0	0.252262
7021.0	0.252192
7021.936035	0.252106
7022.0	0.2521
7023.0	0.252028
7024.0	0.251955
7025.0	0.251861
7026.0	0.251788
7027.0	0.251694
7028.0	0.251622
7029.0	0.251549
7030.0	0.251455
7031.0	0.251374
7031.938477	0.251297
7032.0	0.251293
7033.0	0.251193
7034.0	0.251115
7035.0	0.251037
7036.0	0.250938
7037.0	0.25086
7038.0	0.250782
7039.0	0.250682
7040.0	0.250605
7041.0	0.250527
7041.941406	0.250433
7042.0	0.250428
7043.0	0.250355
7044.0	0.250282
7045.0	0.250187
7046.0	0.250114
7047.0	0.25004
7048.0	0.249946
7049.0	0.249873
7050.0	0.2498
7051.0	0.249705
7051.943848	0.249636
7052.0	0.249632
7053.0	0.249555
7054.0	0.249457
7055.0	0.249381
7056.0	0.249304
7057.0	0.249206
7058.0	0.24913
7059.0	0.249032
7060.0	0.248956
7061.0	0.24888
7061.946777	0.248787
7062.0	0.248782
7063.0	0.24871
7064.0	0.248638
7065.0	0.248545
7066.0	0.248473
7067.0	0.248401
7068.0	0.248308
7069.0	0.248236
7070.0	0.248165
7071.0	0.248071
7071.949219	0.248003
7072.0	0.247999
7073.0	0.247921
7074.0	0.247821
7075.0	0.247743
7076.0	0.247664
7077.0	0.247564
7078.0	0.247486
7079.0	0.247408
7080.0	0.247308
7081.0	0.24723
7081.952148	0.247135
7082.0	0.24713
7083.0	0.247054
7084.0	0.246977
7085.0	0.246879
7086.0	0.246803
7087.0	0.246726
7088.0	0.246628
7089.0	0.246552
7090.0	0.246476
7091.0	0.246378
7091.95459	0.246305
7092.0	0.246302
7093.0	0.246226
7094.0	0.246128
7095.0	0.246052
7096.0	0.245976
7097.0	0.245879
7098.0	0.245803
7099.0	0.245705
7100.0	0.245629
7101.0	0.245553
7101.95752	0.24546
7102.0	0.245456
7103.0	0.245382
7104.0	0.245308
7105.0	0.245212
7106.0	0.245138
7107.0	0.245064
7108.0	0.244969
7109.0	0.244895
7110.0	0.244821
7111.0	0.244726
7111.959961	0.244655
7112.0	0.244652
7113.0	0.244561
7114.0	0.244492
7115.0	0.244422
7116.0	0.244332
7117.0	0.244262
7118.0	0.244193
7119.0	0.244102
7120.0	0.244033
7121.0	0.243963
7121.962891	0.243876
7122.0	0.243872
7123.0	0.243797
7124.0	0.243722
7125.0	0.243626
7126.0	0.243551
7127.0	0.243454
7128.0	0.243379
7129.0	0.243304
7130.0	0.243208
7131.0	0.243133
7131.965332	0.243061
7132.0	0.243058
7133.0	0.242964
7134.0	0.24289
7135.0	0.242816
7136.0	0.242722
7137.0	0.242648
7138.0	0.242553
7139.0	0.24248
7140.0	0.242406
7141.0	0.242312
7141.968262	0.242241
7142.0	0.242238
7143.0	0.242157
7144.0	0.242054
7145.0	0.241973
7146.0	0.241892
7147.0	0.241789
7148.0	0.241708
7149.0	0.241606
7150.0	0.241524
7151.0	0.241443
7151.970703	0.241344
7152.0	0.241341
7153.0	0.241267
7154.0	0.241192
7155.0	0.241097
7156.0	0.241022
7157.0	0.240948
7158.0	0.240852
7159.0	0.240778
7160.0	0.240682
7161.0	0.240608
7161.973633	0.240536
7162.0	0.240534
7163.0	0.240445
7164.0	0.240377
7165.0	0.240308
7166.0	0.240219
7167.0	0.240151
7168.0	0.240083
7169.0	0.239994
7170.0	0.239926
7171.0	0.239837
7171.976074	0.23977
7172.0	0.239769
7173.0	0.239696
7174.0	0.239603
7175.0	0.239531
7176.0	0.239459
7177.0	0.239366
7178.0	0.239294
7179.0	0.239201
7180.0	0.239129
7181.0	0.239057
7181.979004	0.238966
7182.0	0.238964
7183.0	0.238884
7184.0	0.238804
7185.0	0.238702
7186.0	0.238622
7187.0	0.238542
7188.0	0.238441
7189.0	0.238361
7190.0	0.238259
7191.0	0.238179
7191.981934	0.238101
7192.0	0.238099
7193.0	0.238009
7194.0	0.23794
7195.0	0.237871
7196.0	0.237781
7197.0	0.237712
7198.0	0.237622
7199.0	0.237553
7200.0	0.237484
7201.0	0.237394
7201.984375	0.237327
7202.0	0.237326
7203.0	0.237263
7204.0	0.23718
7205.0	0.237118
7206.0	0.237035
7207.0	0.236972
7208.0	0.23691
7209.0	0.236827
7210.0	0.236765
7211.0	0.236702
7211.987305	0.236621
7212.0	0.236619
7213.0	0.236541
7214.0	0.236443
7215.0	0.236365
7216.0	0.236287
7217.0	0.236189
7218.0	0.236111
7219.0	0.236033
7220.0	0.235935
7221.0	0.235857
7221.989746	0.23576
7222.0	0.235759
7223.0	0.235686
7224.0	0.235613
7225.0	0.235519
7226.0	0.235446
7227.0	0.235352
7228.0	0.235279
7229.0	0.235206
7230.0	0.235113
7231.0	0.235031
7231.992676	0.234949
7232.0	0.234949
7233.0	0.234853
7234.0	0.234778
7235.0	0.234682
7236.0	0.234606
7237.0	0.234531
7238.0	0.234435
7239.0	0.23436
7240.0	0.234285
7241.0	0.234189
7241.995117	0.234114
7242.0	0.234114
7243.0	0.234007
7244.0	0.233921
7245.0	0.233834
7246.0	0.233727
7247.0	0.233641
7248.0	0.233534
7249.0	0.233448
7250.0	0.233362
7251.0	0.233255
7251.998047	0.233169
7252.0	0.233169
7253.0	0.233094
7254.0	0.232998
7255.0	0.232923
7256.0	0.232828
7257.0	0.232753
7258.0	0.232678
7259.0	0.232583
7260.0	0.232508
7261.0	0.232413
7262.0	0.232338
7262.000488	0.232338
7263.0	0.23226
7264.0	0.232161
7265.0	0.232083
7266.0	0.232005
7267.0	0.231906
7268.0	0.231828
7269.0	0.23173
7270.0	0.231651
7271.0	0.231573
7272.0	0.231475
7272.003418	0.231475
7273.0	0.231395
7274.0	0.231294
7275.0	0.231214
7276.0	0.231134
7277.0	0.231033
7278.0	0.230953
7279.0	0.230873
7280.0	0.230772
7281.0	0.230692
7282.0	0.230592
7282.005859	0.230591
7283.0	0.230514
7284.0	0.230436
7285.0	0.230338
7286.0	0.23026
7287.0	0.230162
7288.0	0.230084
7289.0	0.230007
7290.0	0.229909
7291.0	0.229831
7292.0	0.229734
7292.008789	0.229733
7293.0	0.229654
7294.0	0.229574
7295.0	0.229475
7296.0	0.229395
7297.0	0.229296
7298.0	0.229216
7299.0	0.229137
7300.0	0.229037
7301.0	0.228958
7302.0	0.228879
7302.01123	0.228877
7303.0	0.228783
7304.0	0.228708
7305.0	0.228613
7306.0	0.228538
7307.0	0.228462
7308.0	0.228367
7309.0	0.228292
7310.0	0.228197
7311.0	0.228122
7312.0	0.228047
7312.01416	0.228046
7313.0	0.227951
7314.0	0.227875
7315.0	0.227778
7316.0	0.227702
7317.0	0.227626
7318.0	0.22753
7319.0	0.227454
7320.0	0.227358
7321.0	0.227282
7322.0	0.227205
7322.016602	0.227204
7323.0	0.227105
7324.0	0.227024
7325.0	0.226923
7326.0	0.226842
7327.0	0.226761
7328.0	0.22666
7329.0	0.226579
7330.0	0.226478
7331.0	0.226397
7332.0	0.226316
7332.019531	0.226314
7333.0	0.226215
7334.0	0.226133
7335.0	0.226031
7336.0	0.22595
7337.0	0.225868
7338.0	0.225766
7339.0	0.225685
7340.0	0.225583
7341.0	0.225502
7342.0	0.22542
7342.021973	0.225418
7343.0	0.225327
7344.0	0.225254
7345.0	0.225161
7346.0	0.225088
7347.0	0.225016
7348.0	0.224923
7349.0	0.22485
7350.0	0.224757
7351.0	0.224684
7352.0	0.224611
7352.024902	0.224609
7353.0	0.224509
7354.0	0.224425
7355.0	0.224322
7356.0	0.224239
7357.0	0.224156
7358.0	0.224053
7359.0	0.22397
7360.0	0.223867
7361.0	0.223784
7362.0	0.223701
7362.027344	0.223699
7363.0	0.223611
7364.0	0.22354
7365.0	0.22345
7366.0	0.223379
7367.0	0.223309
7368.0	0.223218
7369.0	0.223148
7370.0	0.223058
7371.0	0.222987
7372.0	0.222897
7372.030273	0.222895
7373.0	0.222826
7374.0	0.222755
7375.0	0.222665
7376.0	0.222594
7377.0	0.222504
7378.0	0.222434
7379.0	0.222363
7380.0	0.222273
7381.0	0.222202
7382.0	0.222112
7382.032715	0.22211
7383.0	0.222037
7384.0	0.221962
7385.0	0.221868
7386.0	0.221793
7387.0	0.221698
7388.0	0.221623
7389.0	0.221548
7390.0	0.221454
7391.0	0.221379
7392.0	0.221285
7392.035645	0.221282
7393.0	0.221207
7394.0	0.221111
7395.0	0.221033
7396.0	0.220956
7397.0	0.220859
7398.0	0.220782
7399.0	0.220685
7400.0	0.220608
7401.0	0.220531
7402.0	0.220434
7402.038086	0.220431
7403.0	0.220365
7404.0	0.220277
7405.0	0.220208
7406.0	0.220139
7407.0	0.220051
7408.0	0.219983
7409.0	0.219895
7410.0	0.219826
7411.0	0.219738
7412.0	0.21967
7412.041016	0.219667
7413.0	0.21959
7414.0	0.219491
7415.0	0.219411
7416.0	0.219312
7417.0	0.219232
7418.0	0.219152
7419.0	0.219053
7420.0	0.218973
7421.0	0.218874
7422.0	0.218795
7422.043457	0.218791
7423.0	0.218706
7424.0	0.218636
7425.0	0.218566
7426.0	0.218478
7427.0	0.218408
7428.0	0.218319
7429.0	0.21825
7430.0	0.218181
7431.0	0.218103
7432.0	0.218045
7432.046387	0.218042
7433.0	0.217962
7434.0	0.217897
7435.0	0.217814
7436.0	0.217749
7437.0	0.217684
7438.0	0.217601
7439.0	0.217536
7440.0	0.217453
7441.0	0.217388
7442.0	0.217324
7442.049316	0.21732
7443.0	0.217243
7444.0	0.217181
7445.0	0.217099
7446.0	0.217037
7447.0	0.216956
7448.0	0.216894
7449.0	0.216832
7450.0	0.216751
7451.0	0.216689
7452.0	0.216608
7452.051758	0.216605
7453.0	0.21655
7454.0	0.216472
7455.0	0.216414
7456.0	0.216356
7457.0	0.216278
7458.0	0.21622
7459.0	0.216142
7460.0	0.216084
7461.0	0.216007
7462.0	0.215949
7462.054688	0.215945
7463.0	0.215884
7464.0	0.2158
7465.0	0.215735
7466.0	0.215651
7467.0	0.215586
7468.0	0.215522
7469.0	0.215438
7470.0	0.215373
7471.0	0.215289
7472.0	0.215224
7472.057129	0.215219
7473.0	0.215153
7474.0	0.215101
7475.0	0.215049
7476.0	0.214978
7477.0	0.214926
7478.0	0.214856
7479.0	0.214804
7480.0	0.214733
7481.0	0.214681
7482.0	0.21463
7482.060059	0.214626
7483.0	0.214538
7484.0	0.214464
7485.0	0.214371
7486.0	0.214297
7487.0	0.214204
7488.0	0.21413
7489.0	0.214056
7490.0	0.213963
7491.0	0.213889
7492.0	0.213797
7492.0625	0.213792
7493.0	0.213735
7494.0	0.213656
7495.0	0.213595
7496.0	0.213534
7497.0	0.213455
7498.0	0.213394
7499.0	0.213315
7500.0	0.213254
7501.0	0.213148
7502.0	0.213061
7502.06543	0.213056
7503.0	0.212977
7504.0	0.212874
7505.0	0.212789
7506.0	0.212686
7507.0	0.212602
7508.0	0.212499
7509.0	0.212415
7510.0	0.212312
7511.0	0.212228
7512.0	0.212144
7512.067871	0.212137
7513.0	0.212039
7514.0	0.211952
7515.0	0.211847
7516.0	0.211761
7517.0	0.211655
7518.0	0.211569
7519.0	0.211482
7520.0	0.211377
7521.0	0.211291
7522.0	0.211186
7522.070801	0.21118
7523.0	0.211096
7524.0	0.210988
7525.0	0.210897
7526.0	0.210807
7527.0	0.210699
7528.0	0.210608
7529.0	0.2105
7530.0	0.21041
7531.0	0.210301
7532.0	0.210211
7532.073242	0.210203
7533.0	0.21011
7534.0	0.210027
7535.0	0.209944
7536.0	0.209843
7537.0	0.209761
7538.0	0.209659
7539.0	0.209577
7540.0	0.209476
7541.0	0.209393
7542.0	0.209311
7542.076172	0.209303
7543.0	0.209211
7544.0	0.209131
7545.0	0.209031
7546.0	0.20895
7547.0	0.208851
7548.0	0.20877
7549.0	0.208671
7550.0	0.20859
7551.0	0.208509
7552.0	0.20841
7552.078613	0.208404
7553.0	0.208326
7554.0	0.208223
7555.0	0.208139
7556.0	0.208036
7557.0	0.207952
7558.0	0.207849
7559.0	0.207765
7560.0	0.207681
7561.0	0.207578
7562.0	0.207494
7562.081543	0.207486
7563.0	0.207386
7564.0	0.207296
7565.0	0.207188
7566.0	0.207098
7567.0	0.20699
7568.0	0.2069
7569.0	0.20681
7570.0	0.206702
7571.0	0.206613
7572.0	0.206505
7572.083984	0.206497
7573.0	0.206416
7574.0	0.20631
7575.0	0.206221
7576.0	0.206115
7577.0	0.206027
7578.0	0.205939
7579.0	0.205832
7580.0	0.205744
7581.0	0.205638
7582.0	0.20555
7582.086914	0.20554
7583.0	0.20544
7584.0	0.205349
7585.0	0.20524
7586.0	0.205149
7587.0	0.205058
7588.0	0.204948
7589.0	0.204857
7590.0	0.204748
7591.0	0.204657
7592.0	0.204548
7592.089844	0.20454
7593.0	0.204472
7594.0	0.204379
7595.0	0.204305
7596.0	0.204212
7597.0	0.204138
7598.0	0.204063
7599.0	0.203971
7600.0	0.203896
7601.0	0.203804
7602.0	0.203729
7602.092285	0.203721
7603.0	0.203621
7604.0	0.20353
7605.0	0.20342
7606.0	0.203329
7607.0	0.203237
7608.0	0.203128
7609.0	0.203036
7610.0	0.202927
7611.0	0.202835
7612.0	0.202726
7612.095215	0.202717
7613.0	0.202643
7614.0	0.202542
7615.0	0.202459
7616.0	0.202359
7617.0	0.202276
7618.0	0.202194
7619.0	0.202093
7620.0	0.202011
7621.0	0.20191
7622.0	0.201828
7622.097656	0.201818
7623.0	0.201733
7624.0	0.201657
7625.0	0.201564
7626.0	0.201488
7627.0	0.201394
7628.0	0.201318
7629.0	0.201242
7630.0	0.201148
7631.0	0.20105
7632.0	0.200934
7632.100586	0.200924
7633.0	0.200824
7634.0	0.200694
7635.0	0.200582
7636.0	0.200453
7637.0	0.200341
7638.0	0.200212
7639.0	0.2001
7640.0	0.199989
7641.0	0.19986
7642.0	0.199748
7642.103027	0.199735
7643.0	0.199618
7644.0	0.199505
7645.0	0.199375
7646.0	0.199262
7647.0	0.199132
7648.0	0.199019
7649.0	0.198889
7650.0	0.198776
7651.0	0.198646
7652.0	0.198534
7652.105957	0.198522
7653.0	0.198436
7654.0	0.198323
7655.0	0.198228
7656.0	0.198114
7657.0	0.198019
7658.0	0.197906
7659.0	0.197811
7660.0	0.197698
7661.0	0.197602
7662.0	0.197489
7662.108398	0.197479
7663.0	0.197392
7664.0	0.197278
7665.0	0.19718
7666.0	0.197083
7667.0	0.196969
7668.0	0.196872
7669.0	0.196757
7670.0	0.19666
7671.0	0.196546
7672.0	0.196449
7672.111328	0.196436
7673.0	0.196318
7674.0	0.196204
7675.0	0.196072
7676.0	0.195957
7677.0	0.195825
7678.0	0.19571
7679.0	0.195578
7680.0	0.195464
7681.0	0.19535
7682.0	0.195218
7682.11377	0.195205
7683.0	0.195109
7684.0	0.194984
7685.0	0.194875
7686.0	0.19475
7687.0	0.194642
7688.0	0.194517
7689.0	0.194409
7690.0	0.194284
7691.0	0.194176
7692.0	0.194051
7692.116699	0.194038
7693.0	0.193944
7694.0	0.193821
7695.0	0.193715
7696.0	0.193609
7697.0	0.193486
7698.0	0.19338
7699.0	0.193256
7700.0	0.193151
7701.0	0.193028
7702.0	0.192922
7702.119141	0.192907
7703.0	0.192808
7704.0	0.192713
7705.0	0.1926
7706.0	0.192505
7707.0	0.192393
7708.0	0.192297
7709.0	0.192185
7710.0	0.19209
7711.0	0.191978
7712.0	0.191882
7712.12207	0.191871
7713.0	0.191781
7714.0	0.191661
7715.0	0.191558
7716.0	0.191438
7717.0	0.191335
7718.0	0.191216
7719.0	0.191113
7720.0	0.190993
7721.0	0.190891
7722.0	0.190771
7722.124512	0.190758
7723.0	0.190669
7724.0	0.190549
7725.0	0.190447
7726.0	0.190327
7727.0	0.190225
7728.0	0.190106
7729.0	0.190003
7730.0	0.189884
7731.0	0.189782
7732.0	0.189679
7732.127441	0.189664
7733.0	0.189564
7734.0	0.189467
7735.0	0.189352
7736.0	0.189254
7737.0	0.18914
7738.0	0.189042
7739.0	0.188928
7740.0	0.18883
7741.0	0.188716
7742.0	0.188619
7742.129883	0.188604
7743.0	0.188494
7744.0	0.188386
7745.0	0.18826
7746.0	0.188151
7747.0	0.188026
7748.0	0.187917
7749.0	0.187792
7750.0	0.187683
7751.0	0.187558
7752.0	0.18745
7752.132812	0.187433
7753.0	0.187336
7754.0	0.18724
7755.0	0.187145
7756.0	0.187032
7757.0	0.186937
7758.0	0.186825
7759.0	0.186729
7760.0	0.186617
7761.0	0.186522
7762.0	0.18641
7762.135254	0.186397
7763.0	0.186306
7764.0	0.186184
7765.0	0.186079
7766.0	0.185957
7767.0	0.185851
7768.0	0.18573
7769.0	0.185624
7770.0	0.185503
7771.0	0.185398
7772.0	0.185276
7772.138184	0.185261
7773.0	0.185181
7774.0	0.18507
7775.0	0.184977
7776.0	0.184866
7777.0	0.184773
7778.0	0.184663
7779.0	0.184569
7780.0	0.184459
7781.0	0.184366
7782.0	0.184256
7782.140625	0.184243
7783.0	0.184152
7784.0	0.18403
7785.0	0.183925
7786.0	0.18382
7787.0	0.183699
7788.0	0.183593
7789.0	0.183472
7790.0	0.183367
7791.0	0.183246
7792.0	0.183141
7792.143555	0.183123
7793.0	0.183022
7794.0	0.182921
7795.0	0.182803
7796.0	0.182701
7797.0	0.182583
7798.0	0.182482
7799.0	0.182364
7800.0	0.182263
7801.0	0.182145
7802.0	0.182044
7802.145996	0.182027
7803.0	0.181925
7804.0	0.181823
7805.0	0.181704
7806.0	0.181601
7807.0	0.181482
7808.0	0.18138
7809.0	0.181261
7810.0	0.181159
7811.0	0.18104
7812.0	0.180938
7812.148926	0.18092
7813.0	0.180826
7814.0	0.180731
7815.0	0.180619
7816.0	0.180525
7817.0	0.180413
7818.0	0.180319
7819.0	0.180208
7820.0	0.180113
7821.0	0.180002
7822.0	0.179907
7822.151367	0.179891
7823.0	0.179792
7824.0	0.179692
7825.0	0.179575
7826.0	0.179475
7827.0	0.179359
7828.0	0.179259
7829.0	0.179143
7830.0	0.179043
7831.0	0.178944
7832.0	0.178861
7832.154297	0.178845
7833.0	0.178768
7834.0	0.178691
7835.0	0.178599
7836.0	0.178523
7837.0	0.178431
7838.0	0.178355
7839.0	0.178263
7840.0	0.178187
7841.0	0.178095
7842.0	0.178019
7842.157227	0.178004
7843.0	0.177909
7844.0	0.177812
7845.0	0.1777
7846.0	0.177603
7847.0	0.17749
7848.0	0.177394
7849.0	0.177281
7850.0	0.177185
7851.0	0.177072
7852.0	0.176976
7852.159668	0.176958
7853.0	0.176882
7854.0	0.176808
7855.0	0.176718
7856.0	0.176643
7857.0	0.176553
7858.0	0.176479
7859.0	0.176389
7860.0	0.176314
7861.0	0.176224
7862.0	0.17615
7862.162598	0.176136
7863.0	0.176047
7864.0	0.175957
7865.0	0.175851
7866.0	0.175761
7867.0	0.175656
7868.0	0.175566
7869.0	0.17546
7870.0	0.17537
7871.0	0.175265
7872.0	0.175175
7872.165039	0.175157
7873.0	0.175077
7874.0	0.174997
7875.0	0.174901
7876.0	0.174821
7877.0	0.174725
7878.0	0.174644
7879.0	0.174549
7880.0	0.174468
7881.0	0.174373
7882.0	0.174292
7882.167969	0.174276
7883.0	0.174195
7884.0	0.174113
7885.0	0.174015
7886.0	0.173932
7887.0	0.173835
7888.0	0.173752
7889.0	0.173655
7890.0	0.173572
7891.0	0.173475
7892.0	0.173393
7892.17041	0.173376
7893.0	0.173298
7894.0	0.173219
7895.0	0.173125
7896.0	0.173046
7897.0	0.172952
7898.0	0.172873
7899.0	0.172779
7900.0	0.1727
7901.0	0.172606
7902.0	0.172528
7902.17334	0.172511
7903.0	0.172441
7904.0	0.17237
7905.0	0.172285
7906.0	0.172215
7907.0	0.172129
7908.0	0.172059
7909.0	0.171974
7910.0	0.171904
7911.0	0.171818
7912.0	0.171748
7912.175781	0.171733
7913.0	0.171649
7914.0	0.171563
7915.0	0.171461
7916.0	0.171375
7917.0	0.171273
7918.0	0.171187
7919.0	0.171085
7920.0	0.170999
7921.0	0.170898
7922.0	0.170811
7922.178711	0.170793
7923.0	0.170721
7924.0	0.170647
7925.0	0.170559
7926.0	0.170485
7927.0	0.170397
7928.0	0.170308
7929.0	0.170235
7930.0	0.170147
7931.0	0.170073
7932.0	0.169985
7932.181152	0.169972
7933.0	0.169898
7934.0	0.169792
7935.0	0.169702
7936.0	0.169597
7937.0	0.169506
7938.0	0.169401
7939.0	0.169311
7940.0	0.169206
7941.0	0.169116
7942.0	0.169011
7942.184082	0.168994
7943.0	0.168929
7944.0	0.168834
7945.0	0.168754
7946.0	0.168659
7947.0	0.168579
7948.0	0.168484
7949.0	0.168404
7950.0	0.168309
7951.0	0.168229
7952.0	0.168134
7952.186523	0.168119
7953.0	0.168057
7954.0	0.167966
7955.0	0.16789
7956.0	0.167798
7957.0	0.167722
7958.0	0.167631
7959.0	0.167539
7960.0	0.167463
7961.0	0.167372
7962.0	0.167296
7962.189453	0.167279
7963.0	0.1672
7964.0	0.167118
7965.0	0.16702
7966.0	0.166938
7967.0	0.166841
7968.0	0.166759
7969.0	0.166662
7970.0	0.16658
7971.0	0.166483
7972.0	0.166402
7972.191895	0.166383
7973.0	0.166311
7974.0	0.166237
7975.0	0.166148
7976.0	0.166075
7977.0	0.165986
7978.0	0.165912
7979.0	0.165823
7980.0	0.165749
7981.0	0.165662
7982.0	0.165574
7982.194824	0.16556
7983.0	0.1655
7984.0	0.16541
7985.0	0.165335
7986.0	0.165246
7987.0	0.165171
7988.0	0.165081
7989.0	0.165007
7990.0	0.164917
7991.0	0.164845
7992.0	0.164758
7992.197754	0.164744
7993.0	0.164685
7994.0	0.164597
7995.0	0.164524
7996.0	0.164436
7997.0	0.164362
7998.0	0.164274
7999.0	0.164201
8000.0	0.164113
8001.0	0.164021
8002.0	0.163943
8002.200195	0.163925
8003.0	0.16384
8004.0	0.163748
8005.0	0.163642
8006.0	0.16355
8007.0	0.163444
8008.0	0.163353
8009.0	0.163246
8010.0	0.163155
8011.0	0.163051
8012.0	0.162962
8012.203125	0.162941
8013.0	0.162873
8014.0	0.162802
8015.0	0.162717
8016.0	0.162647
8017.0	0.162562
8018.0	0.162477
8019.0	0.162406
8020.0	0.162321
8021.0	0.162252
8022.0	0.162168
8022.205566	0.162154
8023.0	0.162091
8024.0	0.161998
8025.0	0.161919
8026.0	0.161826
8027.0	0.161747
8028.0	0.161654
8029.0	0.161575
8030.0	0.161482
8031.0	0.161406
8032.0	0.161315
8032.208496	0.161296
8033.0	0.161233
8034.0	0.161169
8035.0	0.16109
8036.0	0.161026
8037.0	0.160947
8038.0	0.160883
8039.0	0.160804
8040.0	0.16074
8041.0	0.160661
8042.0	0.160597
8042.210938	0.160581
8043.0	0.16051
8044.0	0.160436
8045.0	0.160347
8046.0	0.160273
8047.0	0.160184
8048.0	0.160095
8049.0	0.16002
8050.0	0.159932
8051.0	0.159857
8052.0	0.159769
8052.213867	0.159753
8053.0	0.159686
8054.0	0.159588
8055.0	0.159504
8056.0	0.159405
8057.0	0.159321
8058.0	0.159223
8059.0	0.159139
8060.0	0.15904
8061.0	0.158942
8062.0	0.158858
8062.216309	0.158837
8063.0	0.158775
8064.0	0.158712
8065.0	0.158633
8066.0	0.158569
8067.0	0.158491
8068.0	0.158427
8069.0	0.158349
8070.0	0.158285
8071.0	0.158207
8072.0	0.158143
8072.219238	0.158126
8073.0	0.158061
8074.0	0.157979
8075.0	0.15791
8076.0	0.157828
8077.0	0.15776
8078.0	0.157677
8079.0	0.157609
8080.0	0.157527
8081.0	0.157458
8082.0	0.157376
8082.22168	0.157361
8083.0	0.157305
8084.0	0.15722
8085.0	0.157134
8086.0	0.157063
8087.0	0.156977
8088.0	0.156906
8089.0	0.15682
8090.0	0.156749
8091.0	0.156663
8092.0	0.156592
8092.224609	0.156573
8093.0	0.156499
8094.0	0.156417
8095.0	0.156321
8096.0	0.156226
8097.0	0.156144
8098.0	0.156049
8099.0	0.155967
8100.0	0.155872
8101.0	0.15579
8102.0	0.155695
8102.227539	0.155676
8103.0	0.15563
8104.0	0.155557
8105.0	0.155498
8106.0	0.155424
8107.0	0.155351
8108.0	0.155291
8109.0	0.155218
8110.0	0.155158
8111.0	0.155085
8112.0	0.155026
8112.22998	0.155009
8113.0	0.154938
8114.0	0.15486
8115.0	0.154769
8116.0	0.154691
8117.0	0.154599
8118.0	0.154508
8119.0	0.15443
8120.0	0.154338
8121.0	0.154261
8122.0	0.154169
8122.23291	0.154151
8123.0	0.15409
8124.0	0.153996
8125.0	0.153916
8126.0	0.153822
8127.0	0.153728
8128.0	0.153648
8129.0	0.153555
8130.0	0.153475
8131.0	0.153381
8132.0	0.153301
8132.235352	0.153279
8133.0	0.153211
8134.0	0.153137
8135.0	0.153048
8136.0	0.15296
8137.0	0.152885
8138.0	0.152796
8139.0	0.152722
8140.0	0.152633
8141.0	0.152559
8142.0	0.15247
8142.238281	0.152453
8143.0	0.152403
8144.0	0.152323
8145.0	0.152244
8146.0	0.152179
8147.0	0.152099
8148.0	0.152034
8149.0	0.151955
8150.0	0.151889
8151.0	0.15181
8152.0	0.151744
8152.240723	0.151725
8153.0	0.15166
8154.0	0.151574
8155.0	0.151501
8156.0	0.151415
8157.0	0.151342
8158.0	0.151256
8159.0	0.151184
8160.0	0.151098
8161.0	0.151025
8162.0	0.150939
8162.243652	0.150918
8163.0	0.150855
8164.0	0.150785
8165.0	0.150702
8166.0	0.150632
8167.0	0.150549
8168.0	0.15048
8169.0	0.150396
8170.0	0.150327
8171.0	0.150244
8172.0	0.15016
8172.246094	0.150143
8173.0	0.150091
8174.0	0.150008
8175.0	0.149939
8176.0	0.149856
8177.0	0.149786
8178.0	0.149704
8179.0	0.149621
8180.0	0.149551
8181.0	0.149469
8182.0	0.149399
8182.249023	0.149379
8183.0	0.149307
8184.0	0.149226
8185.0	0.149131
8186.0	0.149049
8187.0	0.148954
8188.0	0.148859
8189.0	0.148777
8190.0	0.148682
8191.0	0.148601
8192.0	0.148506
8192.251953	0.148486
8193.0	0.148434
8194.0	0.148353
8195.0	0.148271
8196.0	0.148202
8197.0	0.148121
8198.0	0.148052
8199.0	0.14797
8200.0	0.147902
8201.0	0.147822
8202.0	0.147756
8202.253906	0.147736
8203.0	0.147681
8204.0	0.147607
8205.0	0.147547
8206.0	0.147474
8207.0	0.147414
8208.0	0.14734
8209.0	0.14728
8210.0	0.147206
8211.0	0.147133
8212.0	0.147073
8212.256836	0.147054
8213.0	0.146985
8214.0	0.146907
8215.0	0.146815
8216.0	0.146736
8217.0	0.146644
8218.0	0.146553
8219.0	0.146474
8220.0	0.146382
8221.0	0.146304
8222.0	0.146212
8222.259766	0.146192
8223.0	0.146139
8224.0	0.146054
8225.0	0.145969
8226.0	0.145897
8227.0	0.145812
8228.0	0.145741
8229.0	0.145656
8230.0	0.145584
8231.0	0.145508
8232.0	0.145432
8232.262695	0.145415
8233.0	0.145381
8234.0	0.145323
8235.0	0.145277
8236.0	0.145218
8237.0	0.145172
8238.0	0.145113
8239.0	0.145054
8240.0	0.145009
8241.0	0.14495
8242.0	0.144904
8242.264648	0.144888
8243.0	0.144823
8244.0	0.144748
8245.0	0.14466
8246.0	0.144572
8247.0	0.144497
8248.0	0.144409
8249.0	0.144334
8250.0	0.144245
8251.0	0.14417
8252.0	0.144082
8252.267578	0.144059
8253.0	0.144008
8254.0	0.143952
8255.0	0.143883
8256.0	0.143828
8257.0	0.143759
8258.0	0.143703
8259.0	0.143634
8260.0	0.143565
8261.0	0.143509
8262.0	0.14344
8262.270508	0.143425
8263.0	0.143379
8264.0	0.143303
8265.0	0.143227
8266.0	0.143164
8267.0	0.143088
8268.0	0.143025
8269.0	0.142949
8270.0	0.142885
8271.0	0.142809
8272.0	0.142733
8272.273438	0.142716
8273.0	0.142675
8274.0	0.142605
8275.0	0.142548
8276.0	0.142478
8277.0	0.142421
8278.0	0.142351
8279.0	0.142281
8280.0	0.142224
8281.0	0.142154
8282.0	0.142097
8282.276367	0.142078
8283.0	0.142024
8284.0	0.141951
8285.0	0.14189
8286.0	0.141817
8287.0	0.141757
8288.0	0.141683
8289.0	0.141623
8290.0	0.141549
8291.0	0.141476
8292.0	0.141415
8292.27832	0.141395
8293.0	0.141341
8294.0	0.14128
8295.0	0.141206
8296.0	0.141132
8297.0	0.141071
8298.0	0.140997
8299.0	0.140936
8300.0	0.140861
8301.0	0.1408
8302.0	0.140726
8302.28125	0.140705
8303.0	0.140651
8304.0	0.140589
8305.0	0.140514
8306.0	0.140452
8307.0	0.140377
8308.0	0.140302
8309.0	0.14024
8310.0	0.140165
8311.0	0.140102
8312.0	0.140027
8312.28418	0.140006
8313.0	0.13996
8314.0	0.139908
8315.0	0.139843
8316.0	0.139792
8317.0	0.139727
8318.0	0.139675
8319.0	0.13961
8320.0	0.139546
8321.0	0.139494
8322.0	0.139429
8322.287109	0.139414
8323.0	0.139371
8324.0	0.139297
8325.0	0.139223
8326.0	0.139162
8327.0	0.139088
8328.0	0.139026
8329.0	0.138952
8330.0	0.138878
8331.0	0.138817
8332.0	0.138743
8332.289062	0.138726
8333.0	0.138675
8334.0	0.138591
8335.0	0.13852
8336.0	0.138436
8337.0	0.138352
8338.0	0.13828
8339.0	0.138196
8340.0	0.138125
8341.0	0.138041
8342.0	0.137957
8342.291992	0.137936
8343.0	0.137896
8344.0	0.137826
8345.0	0.137769
8346.0	0.137699
8347.0	0.13763
8348.0	0.137572
8349.0	0.137503
8350.0	0.137446
8351.0	0.137376
8352.0	0.137306
8352.294922	0.137289
8353.0	0.137238
8354.0	0.137152
8355.0	0.137078
8356.0	0.136992
8357.0	0.136906
8358.0	0.136833
8359.0	0.136747
8360.0	0.136674
8361.0	0.136588
8362.0	0.136502
8362.297852	0.13648
8363.0	0.136445
8364.0	0.136382
8365.0	0.136332
8366.0	0.136269
8367.0	0.136206
8368.0	0.136156
8369.0	0.136093
8370.0	0.136043
8371.0	0.13598
8372.0	0.135917
8372.299805	0.135902
8373.0	0.135859
8374.0	0.135784
8375.0	0.135722
8376.0	0.135647
8377.0	0.135573
8378.0	0.135511
8379.0	0.135436
8380.0	0.135374
8381.0	0.135299
8382.0	0.135225
8382.302734	0.135206
8383.0	0.135161
8384.0	0.135083
8385.0	0.135018
8386.0	0.134941
8387.0	0.134863
8388.0	0.134798
8389.0	0.134721
8390.0	0.134656
8391.0	0.134578
8392.0	0.134501
8392.305664	0.134481
8393.0	0.134438
8394.0	0.134364
8395.0	0.134302
8396.0	0.134228
8397.0	0.134153
8398.0	0.134091
8399.0	0.134017
8400.0	0.133955
8401.0	0.13389
8402.0	0.133826
8402.308594	0.13381
8403.0	0.133779
8404.0	0.133722
8405.0	0.133678
8406.0	0.133621
8407.0	0.133565
8408.0	0.13352
8409.0	0.133464
8410.0	0.133419
8411.0	0.133363
8412.0	0.133306
8412.310547	0.133292
8413.0	0.133256
8414.0	0.133192
8415.0	0.13314
8416.0	0.133076
8417.0	0.133012
8418.0	0.13296
8419.0	0.132896
8420.0	0.132832
8421.0	0.13278
8422.0	0.132716
8422.313477	0.132699
8423.0	0.132666
8424.0	0.132606
8425.0	0.132546
8426.0	0.132498
8427.0	0.132438
8428.0	0.13239
8429.0	0.13233
8430.0	0.13227
8431.0	0.132234
8432.0	0.132186
8432.316406	0.132175
8433.0	0.13214
8434.0	0.132077
8435.0	0.132013
8436.0	0.131962
8437.0	0.131899
8438.0	0.131848
8439.0	0.131785
8440.0	0.131722
8441.0	0.131671
8442.0	0.131607
8442.319336	0.131587
8443.0	0.131555
8444.0	0.131519
8445.0	0.131471
8446.0	0.131436
8447.0	0.131388
8448.0	0.13134
8449.0	0.131304
8450.0	0.131256
8451.0	0.131221
8452.0	0.131173
8452.322266	0.131157
8453.0	0.131117
8454.0	0.131069
8455.0	0.131009
8456.0	0.130949
8457.0	0.130901
8458.0	0.130842
8459.0	0.130794
8460.0	0.130734
8461.0	0.130674
8462.0	0.130626
8462.324219	0.130607
8463.0	0.13058
8464.0	0.130554
8465.0	0.130515
8466.0	0.130476
8467.0	0.130449
8468.0	0.130411
8469.0	0.130372
8470.0	0.130345
8471.0	0.130306
8472.0	0.130279
8472.327148	0.130266
8473.0	0.130228
8474.0	0.130171
8475.0	0.130126
8476.0	0.130069
8477.0	0.130024
8478.0	0.129967
8479.0	0.12991
8480.0	0.129865
8481.0	0.129808
8482.0	0.129752
8482.330078	0.129737
8483.0	0.129708
8484.0	0.129654
8485.0	0.129611
8486.0	0.129557
8487.0	0.129502
8488.0	0.129459
8489.0	0.129405
8490.0	0.12935
8491.0	0.129308
8492.0	0.129254
8492.333008	0.12924
8493.0	0.129214
8494.0	0.129163
8495.0	0.129113
8496.0	0.129074
8497.0	0.129023
8498.0	0.128973
8499.0	0.128934
8500.0	0.128883
8501.0	0.128823
8502.0	0.12875
8502.334961	0.128725
8503.0	0.128673
8504.0	0.128606
8505.0	0.128527
8506.0	0.128448
8507.0	0.128381
8508.0	0.128302
8509.0	0.128235
8510.0	0.128156
8511.0	0.128077
8512.0	0.12801
8512.337891	0.127984
8513.0	0.12794
8514.0	0.127873
8515.0	0.127818
8516.0	0.127751
8517.0	0.127697
8518.0	0.12763
8519.0	0.127563
8520.0	0.127508
8521.0	0.127441
8522.0	0.127374
8522.34082	0.127356
8523.0	0.127305
8524.0	0.127216
8525.0	0.127139
8526.0	0.12705
8527.0	0.126962
8528.0	0.126885
8529.0	0.126796
8530.0	0.126707
8531.0	0.12663
8532.0	0.126541
8532.34375	0.126515
8533.0	0.126474
8534.0	0.126401
8535.0	0.126328
8536.0	0.126266
8537.0	0.126192
8538.0	0.126119
8539.0	0.126057
8540.0	0.125984
8541.0	0.125922
8542.0	0.125848
8542.34668	0.125823
8543.0	0.125776
8544.0	0.125717
8545.0	0.125646
8546.0	0.125575
8547.0	0.125515
8548.0	0.125444
8549.0	0.125373
8550.0	0.125313
8551.0	0.125242
8552.0	0.125182
8552.348633	0.125158
8553.0	0.125112
8554.0	0.125041
8555.0	0.124983
8556.0	0.124912
8557.0	0.124842
8558.0	0.124783
8559.0	0.124712
8560.0	0.124642
8561.0	0.124583
8562.0	0.124512
8562.351562	0.124491
8563.0	0.124445
8564.0	0.124362
8565.0	0.124279
8566.0	0.124208
8567.0	0.124125
8568.0	0.124042
8569.0	0.123971
8570.0	0.123888
8571.0	0.123805
8572.0	0.123733
8572.354492	0.123704
8573.0	0.123655
8574.0	0.123592
8575.0	0.123516
8576.0	0.123441
8577.0	0.123378
8578.0	0.123302
8579.0	0.123227
8580.0	0.123163
8581.0	0.123088
8582.0	0.123013
8582.357422	0.12299
8583.0	0.122949
8584.0	0.122874
8585.0	0.12281
8586.0	0.122735
8587.0	0.12266
8588.0	0.122596
8589.0	0.122521
8590.0	0.122446
8591.0	0.122382
8592.0	0.122306
8592.359375	0.122279
8593.0	0.122232
8594.0	0.12217
8595.0	0.122096
8596.0	0.122022
8597.0	0.12196
8598.0	0.121886
8599.0	0.121824
8600.0	0.12175
8601.0	0.121676
8602.0	0.121613
8602.362305	0.121587
8603.0	0.121547
8604.0	0.121485
8605.0	0.121434
8606.0	0.121372
8607.0	0.121309
8608.0	0.121258
8609.0	0.121196
8610.0	0.121133
8611.0	0.121082
8612.0	0.12102
8612.365234	0.121001
8613.0	0.120952
8614.0	0.120863
8615.0	0.120774
8616.0	0.120697
8617.0	0.120608
8618.0	0.120519
8619.0	0.120441
8620.0	0.120352
8621.0	0.120263
8622.0	0.120186
8622.368164	0.120153
8623.0	0.120105
8624.0	0.12003
8625.0	0.119965
8626.0	0.119889
8627.0	0.119813
8628.0	0.119749
8629.0	0.119673
8630.0	0.119608
8631.0	0.119556
8632.0	0.119504
8632.370117	0.119489
8633.0	0.119463
8634.0	0.11941
8635.0	0.119357
8636.0	0.119316
8637.0	0.119263
8638.0	0.11921
8639.0	0.119168
8640.0	0.119114
8641.0	0.119061
8642.0	0.119019
8642.373047	0.118999
8643.0	0.118968
8644.0	0.118918
8645.0	0.118879
8646.0	0.118829
8647.0	0.118779
8648.0	0.11874
8649.0	0.11869
8650.0	0.118651
8651.0	0.118601
8652.0	0.11855
8652.375977	0.118536
8653.0	0.118508
8654.0	0.118454
8655.0	0.118399
8656.0	0.118355
8657.0	0.1183
8658.0	0.118245
8659.0	0.118201
8660.0	0.118146
8661.0	0.118091
8662.0	0.118047
8662.378906	0.118026
8663.0	0.117986
8664.0	0.117921
8665.0	0.117868
8666.0	0.117803
8667.0	0.117738
8668.0	0.117684
8669.0	0.117619
8670.0	0.117554
8671.0	0.1175
8672.0	0.117435
8672.381836	0.117411
8673.0	0.117384
8674.0	0.117353
8675.0	0.11731
8676.0	0.117278
8677.0	0.117236
8678.0	0.117193
8679.0	0.117161
8680.0	0.117118
8681.0	0.117075
8682.0	0.117043
8682.383789	0.117026
8683.0	0.116991
8684.0	0.116933
8685.0	0.116886
8686.0	0.116828
8687.0	0.11677
8688.0	0.116723
8689.0	0.116665
8690.0	0.116607
8691.0	0.11656
8692.0	0.116501
8692.386719	0.116479
8693.0	0.116436
8694.0	0.116377
8695.0	0.116307
8696.0	0.116237
8697.0	0.116177
8698.0	0.116107
8699.0	0.116037
8700.0	0.115978
8701.0	0.115907
8702.0	0.115837
8702.389648	0.115814
8703.0	0.115795
8704.0	0.115754
8705.0	0.115713
8706.0	0.115683
8707.0	0.115641
8708.0	0.1156
8709.0	0.115569
8710.0	0.115528
8711.0	0.115486
8712.0	0.115455
8712.392578	0.115439
8713.0	0.115406
8714.0	0.115352
8715.0	0.115308
8716.0	0.115253
8717.0	0.115199
8718.0	0.115155
8719.0	0.1151
8720.0	0.115045
8721.0	0.115001
8722.0	0.114946
8722.394531	0.114924
8723.0	0.114879
8724.0	0.114816
8725.0	0.114742
8726.0	0.114667
8727.0	0.114604
8728.0	0.114529
8729.0	0.114455
8730.0	0.114391
8731.0	0.114317
8732.0	0.114242
8732.397461	0.114217
8733.0	0.114189
8734.0	0.114133
8735.0	0.114077
8736.0	0.114032
8737.0	0.113975
8738.0	0.113919
8739.0	0.113873
8740.0	0.113817
8741.0	0.11376
8742.0	0.113714
8742.400391	0.113692
8743.0	0.113653
8744.0	0.11359
8745.0	0.113537
8746.0	0.113473
8747.0	0.113409
8748.0	0.113356
8749.0	0.113292
8750.0	0.113228
8751.0	0.113175
8752.0	0.113111
8752.40332	0.113085
8753.0	0.113049
8754.0	0.112999
8755.0	0.112939
8756.0	0.112878
8757.0	0.112828
8758.0	0.112768
8759.0	0.112707
8760.0	0.112657
8761.0	0.112596
8762.0	0.112535
8762.405273	0.112515
8763.0	0.112497
8764.0	0.112458
8765.0	0.112418
8766.0	0.112388
8767.0	0.112348
8768.0	0.112308
8769.0	0.112279
8770.0	0.112238
8771.0	0.112198
8772.0	0.112168
8772.408203	0.112152
8773.0	0.112109
8774.0	0.112036
8775.0	0.111963
8776.0	0.1119
8777.0	0.111827
8778.0	0.111754
8779.0	0.111691
8780.0	0.111618
8781.0	0.111545
8782.0	0.111482
8782.411133	0.111452
8783.0	0.111414
8784.0	0.111351
8785.0	0.111297
8786.0	0.111234
8787.0	0.11117
8788.0	0.111117
8789.0	0.111053
8790.0	0.110989
8791.0	0.110936
8792.0	0.110872
8792.414062	0.110845
8793.0	0.11082
8794.0	0.110786
8795.0	0.110743
8796.0	0.110699
8797.0	0.110666
8798.0	0.110622
8799.0	0.110578
8800.0	0.110544
8801.0	0.110486
8802.0	0.110427
8802.416016	0.110403
8803.0	0.110348
8804.0	0.110264
8805.0	0.11017
8806.0	0.110076
8807.0	0.109992
8808.0	0.109898
8809.0	0.109804
8810.0	0.109721
8811.0	0.109626
8812.0	0.109532
8812.418945	0.109497
8813.0	0.109464
8814.0	0.109396
8815.0	0.109328
8816.0	0.10927
8817.0	0.109202
8818.0	0.109134
8819.0	0.109077
8820.0	0.109008
8821.0	0.10894
8822.0	0.108872
8822.421875	0.108848
8823.0	0.108804
8824.0	0.10872
8825.0	0.108635
8826.0	0.10856
8827.0	0.108475
8828.0	0.10839
8829.0	0.108316
8830.0	0.108231
8831.0	0.108163
8832.0	0.108106
8832.424805	0.108078
8833.0	0.108059
8834.0	0.108026
8835.0	0.108004
8836.0	0.107971
8837.0	0.107938
8838.0	0.107915
8839.0	0.107882
8840.0	0.107849
8841.0	0.107815
8842.0	0.107792
8842.427734	0.107778
8843.0	0.107727
8844.0	0.107639
8845.0	0.107561
8846.0	0.107473
8847.0	0.107384
8848.0	0.107306
8849.0	0.107218
8850.0	0.107129
8851.0	0.107051
8852.0	0.106963
8852.429688	0.106925
8853.0	0.106894
8854.0	0.106839
8855.0	0.106795
8856.0	0.106741
8857.0	0.106686
8858.0	0.106642
8859.0	0.106587
8860.0	0.106532
8861.0	0.106488
8862.0	0.106433
8862.432617	0.106409
8863.0	0.106368
8864.0	0.106305
8865.0	0.106232
8866.0	0.106158
8867.0	0.106085
8868.0	0.106022
8869.0	0.105949
8870.0	0.105876
8871.0	0.105812
8872.0	0.105739
8872.435547	0.105707
8873.0	0.105683
8874.0	0.10565
8875.0	0.105607
8876.0	0.105564
8877.0	0.105531
8878.0	0.105488
8879.0	0.105444
8880.0	0.105401
8881.0	0.105368
8882.0	0.105324
8882.438477	0.105305
8883.0	0.105263
8884.0	0.105199
8885.0	0.105125
8886.0	0.105051
8887.0	0.104987
8888.0	0.104912
8889.0	0.104838
8890.0	0.104764
8891.0	0.104699
8892.0	0.104625
8892.44043	0.104592
8893.0	0.10456
8894.0	0.104512
8895.0	0.104455
8896.0	0.104397
8897.0	0.104349
8898.0	0.104292
8899.0	0.104234
8900.0	0.104176
8901.0	0.104128
8902.0	0.10407
8902.443359	0.104044
8903.0	0.104013
8904.0	0.103966
8905.0	0.103909
8906.0	0.103853
8907.0	0.103806
8908.0	0.103749
8909.0	0.103692
8910.0	0.103635
8911.0	0.103588
8912.0	0.10353
8912.446289	0.103505
8913.0	0.103469
8914.0	0.103413
8915.0	0.103348
8916.0	0.103282
8917.0	0.103226
8918.0	0.103161
8919.0	0.103095
8920.0	0.103029
8921.0	0.102973
8922.0	0.102907
8922.449219	0.102878
8923.0	0.102832
8924.0	0.102758
8925.0	0.102675
8926.0	0.102592
8927.0	0.102509
8928.0	0.102435
8929.0	0.102352
8930.0	0.102268
8931.0	0.102195
8932.0	0.102111
8932.452148	0.102074
8933.0	0.102048
8934.0	0.102011
8935.0	0.101964
8936.0	0.101917
8937.0	0.10187
8938.0	0.101832
8939.0	0.101785
8940.0	0.101738
8941.0	0.1017
8942.0	0.101652
8942.454102	0.101631
8943.0	0.101582
8944.0	0.101493
8945.0	0.101413
8946.0	0.101324
8947.0	0.101234
8948.0	0.101154
8949.0	0.101065
8950.0	0.100975
8951.0	0.100886
8952.0	0.100806
8952.457031	0.100765
8953.0	0.100751
8954.0	0.100726
8955.0	0.100711
8956.0	0.100686
8957.0	0.10066
8958.0	0.100644
8959.0	0.100619
8960.0	0.100593
8961.0	0.100567
8962.0	0.100551
8962.459961	0.100539
8963.0	0.100486
8964.0	0.100389
8965.0	0.100301
8966.0	0.100203
8967.0	0.100105
8968.0	0.100007
8969.0	0.0999188
8970.0	0.099821
8971.0	0.0997232
8972.0	0.0996349
8972.462891	0.0995896
8973.0	0.0995599
8974.0	0.0995045
8975.0	0.099449
8976.0	0.099403
8977.0	0.0993473
8978.0	0.0992916
8979.0	0.0992453
8980.0	0.0991894
8981.0	0.0991336
8982.0	0.0990776
8982.464844	0.099056
8983.0	0.0990153
8984.0	0.0989297
8985.0	0.098844
8986.0	0.0987677
8987.0	0.098682
8988.0	0.0985962
8989.0	0.0985104
8990.0	0.0984339
8991.0	0.0983481
8992.0	0.0982622
8992.467773	0.098222
8993.0	0.0981815
8994.0	0.0981149
8995.0	0.0980388
8996.0	0.0979627
8997.0	0.0978959
8998.0	0.0978196
8999.0	0.0977433
9000.0	0.097667
9001.0	0.0976014
9002.0	0.0975265
9002.470703	0.0974913
9003.0	0.0974598
9004.0	0.0974095
9005.0	0.0973498
9006.0	0.0972901
9007.0	0.0972304
9008.0	0.0971799
9009.0	0.09712
9010.0	0.0970601
9011.0	0.0970096
9012.0	0.0969498
9012.473633	0.0969215
9013.0	0.0968842
9014.0	0.0968132
9015.0	0.0967515
9016.0	0.0966804
9017.0	0.0966094
9018.0	0.0965383
9019.0	0.0964764
9020.0	0.0964052
9021.0	0.0963342
9022.0	0.0962723
9022.476562	0.0962385
9023.0	0.0962014
9024.0	0.0961307
9025.0	0.0960599
9026.0	0.0959982
9027.0	0.0959274
9028.0	0.0958565
9029.0	0.0957947
9030.0	0.0957238
9031.0	0.0956589
9032.0	0.095594
9032.478516	0.0955673
9033.0	0.0955396
9034.0	0.0954772
9035.0	0.0954147
9036.0	0.0953522
9037.0	0.0952988
9038.0	0.0952363
9039.0	0.0951736
9040.0	0.0951201
9041.0	0.0950575
9042.0	0.0949949
9042.481445	0.0949648
9043.0	0.0949314
9044.0	0.0948763
9045.0	0.0948119
9046.0	0.0947476
9047.0	0.0946832
9048.0	0.0946278
9049.0	0.0945633
9050.0	0.0944988
9051.0	0.0944434
9052.0	0.0943789
9052.484375	0.0943476
9053.0	0.0943146
9054.0	0.0942506
9055.0	0.0941955
9056.0	0.0941314
9057.0	0.0940672
9058.0	0.094003
9059.0	0.0939477
9060.0	0.0938834
9061.0	0.0938192
9062.0	0.0937549
9062.487305	0.093728
9063.0	0.0937005
9064.0	0.093638
9065.0	0.0935755
9066.0	0.0935219
9067.0	0.0934592
9068.0	0.0933966
9069.0	0.0933338
9070.0	0.09328
9071.0	0.0932173
9072.0	0.0931546
9072.489258	0.0931239
9073.0	0.0930907
9074.0	0.0930347
9075.0	0.0929697
9076.0	0.0929046
9077.0	0.0928395
9078.0	0.0927832
9079.0	0.092718
9080.0	0.0926528
9081.0	0.0925965
9082.0	0.0925313
9082.492188	0.0924992
9083.0	0.0924661
9084.0	0.0924008
9085.0	0.0923444
9086.0	0.0922791
9087.0	0.0922137
9088.0	0.0921483
9089.0	0.0920916
9090.0	0.0920261
9091.0	0.0919607
9092.0	0.0918952
9092.495117	0.0918672
9093.0	0.0918374
9094.0	0.0917695
9095.0	0.0917016
9096.0	0.0916425
9097.0	0.0915745
9098.0	0.0915064
9099.0	0.0914383
9100.0	0.091379
9101.0	0.0913109
9102.0	0.0912428
9102.498047	0.0912089
9103.0	0.0911766
9104.0	0.091121
9105.0	0.0910565
9106.0	0.090992
9107.0	0.0909275
9108.0	0.0908716
9109.0	0.090807
9110.0	0.0907423
9111.0	0.0906777
9112.0	0.0906218
9112.5	0.0905895
9113.0	0.090557
9114.0	0.0904921
9115.0	0.0904272
9116.0	0.0903709
9117.0	0.0903059
9118.0	0.0902408
9119.0	0.0901756
9120.0	0.0901191
9121.0	0.090054
9122.0	0.0899888
9122.50293	0.0899603
9123.0	0.0899333
9124.0	0.0898701
9125.0	0.0898069
9126.0	0.0897437
9127.0	0.089689
9128.0	0.0896257
9129.0	0.0895623
9130.0	0.0894988
9131.0	0.089444
9132.0	0.0893806
9132.505859	0.0893485
9133.0	0.0893152
9134.0	0.0892479
9135.0	0.0891891
9136.0	0.0891216
9137.0	0.0890541
9138.0	0.0889866
9139.0	0.0889276
9140.0	0.0888599
9141.0	0.0887923
9142.0	0.0887247
9142.508789	0.0886947
9143.0	0.0886649
9144.0	0.0885957
9145.0	0.0885265
9146.0	0.0884573
9147.0	0.0883965
9148.0	0.0883271
9149.0	0.0882578
9150.0	0.0881883
9151.0	0.0881274
9152.0	0.088058
9152.510742	0.0880225
9153.0	0.0879912
9154.0	0.0879271
9155.0	0.0878715
9156.0	0.0878073
9157.0	0.087743
9158.0	0.0876787
9159.0	0.0876228
9160.0	0.0875584
9161.0	0.087494
9162.0	0.0874296
9162.513672	0.0874008
9163.0	0.0873723
9164.0	0.0873052
9165.0	0.087238
9166.0	0.0871707
9167.0	0.0871118
9168.0	0.0870445
9169.0	0.0869771
9170.0	0.0869097
9171.0	0.0868507
9172.0	0.0867832
9172.516602	0.0867484
9173.0	0.0867143
9174.0	0.0866438
9175.0	0.0865816
9176.0	0.086511
9177.0	0.0864404
9178.0	0.0863697
9179.0	0.0863073
9180.0	0.0862365
9181.0	0.0861658
9182.0	0.086095
9182.519531	0.0860625
9183.0	0.0860347
9184.0	0.0859685
9185.0	0.0859022
9186.0	0.0858359
9187.0	0.0857778
9188.0	0.0857114
9189.0	0.0856449
9190.0	0.0855784
9191.0	0.0855202
9192.0	0.0854536
9192.522461	0.0854188
9193.0	0.0853854
9194.0	0.0853153
9195.0	0.0852534
9196.0	0.0851832
9197.0	0.085113
9198.0	0.0850427
9199.0	0.0849724
9200.0	0.0849102
9201.0	0.0848344
9202.0	0.0847586
9202.524414	0.0847188
9203.0	0.0846849
9204.0	0.0846218
9205.0	0.0845505
9206.0	0.0844792
9207.0	0.0844077
9208.0	0.0843445
9209.0	0.084273
9210.0	0.0842014
9211.0	0.0841299
9212.0	0.0840665
9212.527344	0.0840288
9213.0	0.0839907
9214.0	0.0839101
9215.0	0.0838296
9216.0	0.0837571
9217.0	0.0836764
9218.0	0.0835957
9219.0	0.083515
9220.0	0.0834424
9221.0	0.0833617
9222.0	0.083281
9222.530273	0.0832382
9223.0	0.0832062
9224.0	0.083138
9225.0	0.0830778
9226.0	0.0830096
9227.0	0.0829412
9228.0	0.0828729
9229.0	0.0828125
9230.0	0.082744
9231.0	0.0826791
9232.0	0.0826141
9232.533203	0.0825837
9233.0	0.0825518
9234.0	0.0824753
9235.0	0.0823988
9236.0	0.0823222
9237.0	0.0822536
9238.0	0.0821769
9239.0	0.0821002
9240.0	0.0820235
9241.0	0.0819468
9242.0	0.081878
9242.535156	0.081837
9243.0	0.0818027
9244.0	0.0817289
9245.0	0.0816551
9246.0	0.0815892
9247.0	0.0815153
9248.0	0.0814413
9249.0	0.0813673
9250.0	0.0813012
9251.0	0.0812272
9252.0	0.0811531
9252.538086	0.0811132
9253.0	0.0810811
9254.0	0.0810194
9255.0	0.0809498
9256.0	0.0808802
9257.0	0.0808105
9258.0	0.0807407
9259.0	0.0806788
9260.0	0.0806089
9261.0	0.080539
9262.0	0.0804691
9262.541016	0.0804355
9263.0	0.0804041
9264.0	0.0803278
9265.0	0.0802514
9266.0	0.080175
9267.0	0.0801064
9268.0	0.0800299
9269.0	0.0799534
9270.0	0.0798769
9271.0	0.0798003
9272.0	0.0797315
9272.543945	0.0796898
9273.0	0.0796578
9274.0	0.0795875
9275.0	0.0795172
9276.0	0.0794546
9277.0	0.0793842
9278.0	0.0793137
9279.0	0.0792432
9280.0	0.0791726
9281.0	0.0791097
9282.0	0.0790391
9282.546875	0.0790004
9283.0	0.0789679
9284.0	0.0788961
9285.0	0.078832
9286.0	0.0787601
9287.0	0.0786882
9288.0	0.0786162
9289.0	0.0785518
9290.0	0.0784797
9291.0	0.0784076
9292.0	0.0783355
9292.548828	0.0782959
9293.0	0.0782618
9294.0	0.0781937
9295.0	0.078118
9296.0	0.0780423
9297.0	0.0779665
9298.0	0.0778982
9299.0	0.0778224
9300.0	0.0777464
9301.0	0.0776705
9302.0	0.0775945
9302.551758	0.0775567
9303.0	0.0775251
9304.0	0.0774469
9305.0	0.0773686
9306.0	0.0772903
9307.0	0.0772195
9308.0	0.0771412
9309.0	0.0770627
9310.0	0.0769843
9311.0	0.0769058
9312.0	0.0768348
9312.554688	0.0767913
9313.0	0.0767589
9314.0	0.0766862
9315.0	0.0766135
9316.0	0.0765482
9317.0	0.0764753
9318.0	0.0764024
9319.0	0.0763295
9320.0	0.0762565
9321.0	0.0761909
9322.0	0.0761178
9322.557617	0.076077
9323.0	0.0760443
9324.0	0.0759704
9325.0	0.0758964
9326.0	0.0758297
9327.0	0.0757556
9328.0	0.0756815
9329.0	0.0756073
9330.0	0.0755404
9331.0	0.0754661
9332.0	0.0753918
9332.55957	0.0753502
9333.0	0.0753155
9334.0	0.0752369
9335.0	0.0751655
9336.0	0.0750867
9337.0	0.0750079
9338.0	0.0749291
9339.0	0.0748575
9340.0	0.0747785
9341.0	0.0746996
9342.0	0.0746206
9342.5625	0.0745761
9343.0	0.0745421
9344.0	0.0744716
9345.0	0.0743938
9346.0	0.074316
9347.0	0.0742381
9348.0	0.0741601
9349.0	0.0740894
9350.0	0.0740113
9351.0	0.0739333
9352.0	0.0738551
9352.56543	0.0738151
9353.0	0.0737846
9354.0	0.0737073
9355.0	0.07363
9356.0	0.0735526
9357.0	0.0734751
9358.0	0.0734048
9359.0	0.0733273
9360.0	0.0732497
9361.0	0.0731721
9362.0	0.0730944
9362.568359	0.0730543
9363.0	0.0730236
9364.0	0.0729451
9365.0	0.0728666
9366.0	0.072788
9367.0	0.0727094
9368.0	0.0726379
9369.0	0.0725592
9370.0	0.0724805
9371.0	0.0724017
9372.0	0.0723299
9372.570312	0.0722849
9373.0	0.0722519
9374.0	0.0721751
9375.0	0.0720982
9376.0	0.0720213
9377.0	0.0719513
9378.0	0.0718743
9379.0	0.0717972
9380.0	0.07172
9381.0	0.0716429
9382.0	0.0715727
9382.573242	0.0715284
9383.0	0.0714948
9384.0	0.0714161
9385.0	0.0713374
9386.0	0.0712587
9387.0	0.0711869
9388.0	0.071108
9389.0	0.0710291
9390.0	0.0709501
9391.0	0.0708711
9392.0	0.0707991
9392.576172	0.0707535
9393.0	0.0707215
9394.0	0.0706459
9395.0	0.0705703
9396.0	0.0704946
9397.0	0.0704258
9398.0	0.07035
9399.0	0.0702741
9400.0	0.0701982
9401.0	0.0701218
9402.0	0.0700385
9402.579102	0.0699902
9403.0	0.0699525
9404.0	0.069863
9405.0	0.0697735
9406.0	0.0696908
9407.0	0.0696012
9408.0	0.0695115
9409.0	0.0694219
9410.0	0.0693322
9411.0	0.0692494
9412.0	0.0691597
9412.582031	0.0691074
9413.0	0.0690717
9414.0	0.0689863
9415.0	0.0689008
9416.0	0.0688221
9417.0	0.0687365
9418.0	0.0686509
9419.0	0.0685653
9420.0	0.0684796
9421.0	0.0684007
9422.0	0.068315
9422.583984	0.0682649
9423.0	0.068228
9424.0	0.0681393
9425.0	0.0680506
9426.0	0.0679686
9427.0	0.0678798
9428.0	0.067791
9429.0	0.0677022
9430.0	0.0676134
9431.0	0.0675356
9432.0	0.0674512
9432.586914	0.0674016
9433.0	0.0673673
9434.0	0.0672843
9435.0	0.0672012
9436.0	0.0671248
9437.0	0.0670416
9438.0	0.0669585
9439.0	0.0668752
9440.0	0.066792
9441.0	0.0667087
9442.0	0.0666319
9442.589844	0.0665827
9443.0	0.0665479
9444.0	0.066463
9445.0	0.0663781
9446.0	0.0662932
9447.0	0.0662147
9448.0	0.0661297
9449.0	0.0660446
9450.0	0.0659595
9451.0	0.0658743
9452.0	0.0657956
9452.592773	0.0657451
9453.0	0.0657103
9454.0	0.065625
9455.0	0.0655396
9456.0	0.0654542
9457.0	0.0653752
9458.0	0.0652897
9459.0	0.0652042
9460.0	0.0651186
9461.0	0.065033
9462.0	0.0649538
9462.594727	0.0649028
9463.0	0.064869
9464.0	0.0647854
9465.0	0.0647019
9466.0	0.0646182
9467.0	0.0645409
9468.0	0.0644572
9469.0	0.0643734
9470.0	0.0642896
9471.0	0.0642058
9472.0	0.0641219
9472.597656	0.0640755
9473.0	0.0640434
9474.0	0.0639574
9475.0	0.0638713
9476.0	0.0637852
9477.0	0.063699
9478.0	0.0636191
9479.0	0.0635329
9480.0	0.0634466
9481.0	0.0633603
9482.0	0.0632739
9482.600586	0.0632258
9483.0	0.0631939
9484.0	0.063108
9485.0	0.063022
9486.0	0.062936
9487.0	0.0628499
9488.0	0.0627638
9489.0	0.0626838
9490.0	0.0625976
9491.0	0.0625113
9492.0	0.0624251
9492.603516	0.062373
9493.0	0.0623396
9494.0	0.0622617
9495.0	0.0621776
9496.0	0.0620934
9497.0	0.0620092
9498.0	0.0619249
9499.0	0.0618467
9500.0	0.0617624
9501.0	0.0616989
9502.0	0.0616355
9502.606445	0.061597
9503.0	0.0615709
9504.0	0.0615046
9505.0	0.0614443
9506.0	0.0613779
9507.0	0.0613114
9508.0	0.061245
9509.0	0.0611785
9510.0	0.061118
9511.0	0.0610514
9512.0	0.0609848
9512.608398	0.0609442
9513.0	0.0609184
9514.0	0.0608523
9515.0	0.0607862
9516.0	0.0607261
9517.0	0.0606599
9518.0	0.0605937
9519.0	0.0605275
9520.0	0.0604612
9521.0	0.0604009
9522.0	0.0603345
9522.611328	0.060294
9523.0	0.0602678
9524.0	0.0602004
9525.0	0.0601329
9526.0	0.0600655
9527.0	0.0600039
9528.0	0.0599364
9529.0	0.0598688
9530.0	0.0598012
9531.0	0.0597336
9532.0	0.0596719
9532.614258	0.0596303
9533.0	0.0596056
9534.0	0.0595416
9535.0	0.0594776
9536.0	0.0594136
9537.0	0.0593495
9538.0	0.0592913
9539.0	0.0592271
9540.0	0.0591629
9541.0	0.0590986
9542.0	0.0590343
9542.617188	0.0589946
9543.0	0.0589682
9544.0	0.058905
9545.0	0.058836
9546.0	0.0587669
9547.0	0.0586978
9548.0	0.0586286
9549.0	0.0585653
9550.0	0.0584961
9551.0	0.0584269
9552.0	0.0583576
9552.619141	0.0583147
9553.0	0.0582898
9554.0	0.0582245
9555.0	0.0581649
9556.0	0.0580995
9557.0	0.0580341
9558.0	0.0579686
9559.0	0.0579031
9560.0	0.0578376
9561.0	0.0577777
9562.0	0.0577121
9562.62207	0.0576712
9563.0	0.0576458
9564.0	0.0575785
9565.0	0.0575112
9566.0	0.0574438
9567.0	0.0573822
9568.0	0.0573147
9569.0	0.0572473
9570.0	0.0571797
9571.0	0.0571122
9572.0	0.0570503
9572.625	0.057008
9573.0	0.0569817
9574.0	0.0569115
9575.0	0.0568412
9576.0	0.056771
9577.0	0.0567007
9578.0	0.056636
9579.0	0.0565657
9580.0	0.0564953
9581.0	0.0564248
9582.0	0.0563544
9582.62793	0.0563101
9583.0	0.0562854
9584.0	0.0562244
9585.0	0.0561578
9586.0	0.0560911
9587.0	0.0560244
9588.0	0.0559577
9589.0	0.0558909
9590.0	0.0558297
9591.0	0.0557628
9592.0	0.0556959
9592.630859	0.0556537
9593.0	0.0556283
9594.0	0.0555597
9595.0	0.055491
9596.0	0.0554279
9597.0	0.0553591
9598.0	0.0552904
9599.0	0.0552216
9600.0	0.0551527
9601.0	0.0550818
9602.0	0.0550164
9602.632812	0.0549715
9603.0	0.0549451
9604.0	0.0548735
9605.0	0.0548017
9606.0	0.05473
9607.0	0.0546582
9608.0	0.0545919
9609.0	0.0545201
9610.0	0.0544483
9611.0	0.0543763
9612.0	0.0543044
9612.635742	0.0542587
9613.0	0.0542329
9614.0	0.0541677
9615.0	0.054097
9616.0	0.0540263
9617.0	0.0539556
9618.0	0.0538848
9619.0	0.0538141
9620.0	0.0537432
9621.0	0.0536777
9622.0	0.0536068
9622.638672	0.0535615
9623.0	0.0535352
9624.0	0.0534626
9625.0	0.0533899
9626.0	0.0533171
9627.0	0.0532497
9628.0	0.0531769
9629.0	0.0531041
9630.0	0.0530313
9631.0	0.0529582
9632.0	0.0528852
9632.641602	0.0528417
9633.0	0.0528187
9634.0	0.0527494
9635.0	0.05268
9636.0	0.0526106
9637.0	0.0525411
9638.0	0.0524716
9639.0	0.0524073
9640.0	0.0523378
9641.0	0.0522681
9642.0	0.0521984
9642.643555	0.0521536
9643.0	0.0521262
9644.0	0.0520494
9645.0	0.0519726
9646.0	0.0519009
9647.0	0.0518241
9648.0	0.0517472
9649.0	0.0516703
9650.0	0.0515934
9651.0	0.0515165
9652.0	0.0514447
9652.646484	0.0513949
9653.0	0.0513697
9654.0	0.0512984
9655.0	0.0512271
9656.0	0.0511557
9657.0	0.0510843
9658.0	0.0510129
9659.0	0.0509466
9660.0	0.0508751
9661.0	0.0508035
9662.0	0.050732
9662.649414	0.0506854
9663.0	0.0506601
9664.0	0.0505878
9665.0	0.0505206
9666.0	0.0504482
9667.0	0.0503759
9668.0	0.0503035
9669.0	0.050231
9670.0	0.0501586
9671.0	0.0500861
9672.0	0.0500185
9672.652344	0.0499712
9673.0	0.049945
9674.0	0.0498698
9675.0	0.0497945
9676.0	0.0497192
9677.0	0.0496439
9678.0	0.0495735
9679.0	0.0494981
9680.0	0.0494227
9681.0	0.0493473
9682.0	0.0492718
9682.655273	0.0492223
9683.0	0.049197
9684.0	0.0491235
9685.0	0.0490549
9686.0	0.0489814
9687.0	0.0489078
9688.0	0.0488342
9689.0	0.0487606
9690.0	0.0486869
9691.0	0.0486132
9692.0	0.0485443
9692.657227	0.0484958
9693.0	0.0484704
9694.0	0.0483964
9695.0	0.0483223
9696.0	0.0482482
9697.0	0.048174
9698.0	0.0480998
9699.0	0.0480305
9700.0	0.0479563
9701.0	0.047882
9702.0	0.0478076
9702.660156	0.0477586
9703.0	0.0477338
9704.0	0.0476611
9705.0	0.0475932
9706.0	0.0475204
9707.0	0.0474475
9708.0	0.0473747
9709.0	0.0473018
9710.0	0.0472289
9711.0	0.0471559
9712.0	0.0470876
9712.663086	0.0470392
9713.0	0.0470137
9714.0	0.046938
9715.0	0.0468624
9716.0	0.0467867
9717.0	0.0467109
9718.0	0.0466352
9719.0	0.0465641
9720.0	0.0464883
9721.0	0.0464124
9722.0	0.0463366
9722.666016	0.046286
9723.0	0.0462607
9724.0	0.0461851
9725.0	0.0461094
9726.0	0.0460384
9727.0	0.0459627
9728.0	0.045887
9729.0	0.0458112
9730.0	0.0457355
9731.0	0.0456596
9732.0	0.0455838
9732.667969	0.0455331
9733.0	0.0455084
9734.0	0.0454386
9735.0	0.0453642
9736.0	0.0452898
9737.0	0.0452154
9738.0	0.0451409
9739.0	0.0450664
9740.0	0.0449919
9741.0	0.0449218
9742.0	0.0448472
9742.670898	0.0447971
9743.0	0.0447723
9744.0	0.0446971
9745.0	0.0446218
9746.0	0.0445465
9747.0	0.0444711
9748.0	0.0444003
9749.0	0.0443249
9750.0	0.0442494
9751.0	0.0441739
9752.0	0.0440984
9752.673828	0.0440475
9753.0	0.0440225
9754.0	0.0439458
9755.0	0.0438735
9756.0	0.0437967
9757.0	0.0437199
9758.0	0.0436431
9759.0	0.0435662
9760.0	0.0434894
9761.0	0.0434125
9762.0	0.0433355
9762.676758	0.0432864
9763.0	0.0432631
9764.0	0.0431868
9765.0	0.0431104
9766.0	0.043034
9767.0	0.0429576
9768.0	0.0428812
9769.0	0.0428047
9770.0	0.0427326
9771.0	0.042656
9772.0	0.0425794
9772.679688	0.0425274
9773.0	0.0425027
9774.0	0.0424257
9775.0	0.0423487
9776.0	0.0422717
9777.0	0.0421947
9778.0	0.0421219
9779.0	0.0420448
9780.0	0.0419677
9781.0	0.0418905
9782.0	0.0418133
9782.681641	0.0417606
9783.0	0.0417365
9784.0	0.0416605
9785.0	0.0415888
9786.0	0.0415128
9787.0	0.0414368
9788.0	0.0413608
9789.0	0.0412847
9790.0	0.0412087
9791.0	0.0411325
9792.0	0.0410563
9792.68457	0.041007
9793.0	0.040984
9794.0	0.040907
9795.0	0.0408299
9796.0	0.0407528
9797.0	0.0406757
9798.0	0.0405986
9799.0	0.0405215
9800.0	0.0404443
9801.0	0.0403688
9802.0	0.0402892
9802.6875	0.0402345
9803.0	0.0402096
9804.0	0.0401299
9805.0	0.0400503
9806.0	0.0399706
9807.0	0.0398909
9808.0	0.0398112
9809.0	0.0397355
9810.0	0.0396557
9811.0	0.0395759
9812.0	0.0394961
9812.69043	0.0394409
9813.0	0.0394161
9814.0	0.039336
9815.0	0.0392558
9816.0	0.0391756
9817.0	0.0390994
9818.0	0.0390192
9819.0	0.038939
9820.0	0.0388588
9821.0	0.0387785
9822.0	0.0386982
9822.692383	0.0386426
9823.0	0.0386179
9824.0	0.0385379
9825.0	0.0384618
9826.0	0.0383817
9827.0	0.0383017
9828.0	0.0382216
9829.0	0.0381415
9830.0	0.0380614
9831.0	0.0379827
9832.0	0.037904
9832.695312	0.0378519
9833.0	0.0378291
9834.0	0.0377501
9835.0	0.0376711
9836.0	0.0375921
9837.0	0.0375131
9838.0	0.0374341
9839.0	0.037355
9840.0	0.0372759
9841.0	0.0371968
9842.0	0.0371214
9842.698242	0.0370661
9843.0	0.0370421
9844.0	0.0369624
9845.0	0.0368827
9846.0	0.0368031
9847.0	0.0367234
9848.0	0.0366436
9849.0	0.0365639
9850.0	0.0364879
9851.0	0.036408
9852.0	0.0363282
9852.701172	0.0362722
9853.0	0.0362487
9854.0	0.0361703
9855.0	0.0360919
9856.0	0.0360135
9857.0	0.035935
9858.0	0.0358565
9859.0	0.0357816
9860.0	0.0357031
9861.0	0.0356244
9862.0	0.0355458
9862.703125	0.0354905
9863.0	0.0354667
9864.0	0.0353866
9865.0	0.0353064
9866.0	0.0352263
9867.0	0.0351497
9868.0	0.0350695
9869.0	0.0349893
9870.0	0.034909
9871.0	0.0348287
9872.0	0.0347484
9872.706055	0.0346917
9873.0	0.0346685
9874.0	0.0345897
9875.0	0.0345109
9876.0	0.0344356
9877.0	0.0343567
9878.0	0.0342778
9879.0	0.0341989
9880.0	0.0341199
9881.0	0.0340409
9882.0	0.0339619
9882.708984	0.0339058
9883.0	0.0338823
9884.0	0.0338013
9885.0	0.0337238
9886.0	0.0336428
9887.0	0.0335618
9888.0	0.0334808
9889.0	0.0333998
9890.0	0.0333188
9891.0	0.0332377
9892.0	0.0331565
9892.711914	0.0330988
9893.0	0.0330758
9894.0	0.0329996
9895.0	0.0329199
9896.0	0.0328401
9897.0	0.0327604
9898.0	0.0326807
9899.0	0.0326009
9900.0	0.0325211
9901.0	0.0324412
9902.0	0.0323613
9902.714844	0.0323042
9903.0	0.0322811
9904.0	0.0322033
9905.0	0.0321222
9906.0	0.0320411
9907.0	0.03196
9908.0	0.0318788
9909.0	0.0317977
9910.0	0.0317165
9911.0	0.0316352
9912.0	0.031554
9912.716797	0.031498
9913.0	0.0314759
9914.0	0.0313944
9915.0	0.0313129
9916.0	0.0312313
9917.0	0.0311498
9918.0	0.0310683
9919.0	0.0309867
9920.0	0.0309051
9921.0	0.0308235
9922.0	0.0307418
9922.719727	0.0306853
9923.0	0.0306636
9924.0	0.0305828
9925.0	0.0305019
9926.0	0.0304211
9927.0	0.0303402
9928.0	0.0302594
9929.0	0.0301785
9930.0	0.0300976
9931.0	0.0300166
9932.0	0.0299386
9932.722656	0.0298801
9933.0	0.0298574
9934.0	0.0297755
9935.0	0.0296936
9936.0	0.0296117
9937.0	0.0295298
9938.0	0.0294478
9939.0	0.0293659
9940.0	0.029284
9941.0	0.0292019
9942.0	0.0291229
9942.725586	0.0290634
9943.0	0.0290413
9944.0	0.0289609
9945.0	0.0288805
9946.0	0.0288
9947.0	0.0287195
9948.0	0.028639
9949.0	0.0285585
9950.0	0.028478
9951.0	0.0283973
9952.0	0.0283196
9952.727539	0.0282609
9953.0	0.0282385
9954.0	0.0281564
9955.0	0.0280743
9956.0	0.0279921
9957.0	0.02791
9958.0	0.0278278
9959.0	0.0277456
9960.0	0.0276634
9961.0	0.0275812
9962.0	0.0274989
9962.730469	0.0274409
9963.0	0.0274197
9964.0	0.0273382
9965.0	0.0272568
9966.0	0.0271753
9967.0	0.0270939
9968.0	0.0270124
9969.0	0.0269308
9970.0	0.0268493
9971.0	0.0267677
9972.0	0.0266861
9972.733398	0.0266282
9973.0	0.0266071
9974.0	0.026525
9975.0	0.0264429
9976.0	0.0263608
9977.0	0.0262787
9978.0	0.0261965
9979.0	0.0261144
9980.0	0.0260322
9981.0	0.0259499
9982.0	0.0258677
9982.736328	0.0258071
9983.0	0.0257854
9984.0	0.0257059
9985.0	0.0256236
9986.0	0.0255414
9987.0	0.0254591
9988.0	0.0253768
9989.0	0.0252945
9990.0	0.0252122
9991.0	0.0251299
9992.0	0.0250475
9992.739258	0.0249865
9993.0	0.0249651
9994.0	0.0248828
9995.0	0.0248031
9996.0	0.0247208
9997.0	0.0246385
9998.0	0.0245562
9999.0	0.0244739
10000.0	0.0243915
10001.0	0.0243368
10002.0	0.0242821
10002.741211	0.0242416
10003.0	0.0242274
10004.0	0.0241724
10005.0	0.0241174
10006.0	0.0240649
10007.0	0.0240099
10008.0	0.023955
10009.0	0.0239
10010.0	0.023845
10011.0	0.02379
10012.0	0.0237349
10012.744141	0.023694
10013.0	0.0236797
10014.0	0.0236237
10015.0	0.0235677
10016.0	0.0235117
10017.0	0.0234558
10018.0	0.0234022
10019.0	0.0233462
10020.0	0.0232903
10021.0	0.0232343
10022.0	0.0231783
10022.74707	0.0231365
10023.0	0.0231225
10024.0	0.0230672
10025.0	0.0230118
10026.0	0.0229565
10027.0	0.0229012
10028.0	0.0228459
10029.0	0.0227906
10030.0	0.0227376
10031.0	0.0226823
10032.0	0.0226269
10032.75	0.0225854
10033.0	0.0225718
10034.0	0.0225174
10035.0	0.0224629
10036.0	0.0224085
10037.0	0.0223541
10038.0	0.0222996
10039.0	0.0222452
10040.0	0.0221907
10041.0	0.0221362
10042.0	0.0220841
10042.751953	0.0220431
10043.0	0.0220295
10044.0	0.0219749
10045.0	0.0219203
10046.0	0.0218656
10047.0	0.021811
10048.0	0.0217563
10049.0	0.0217017
10050.0	0.0216471
10051.0	0.0215924
10052.0	0.0215377
10052.754883	0.0214964
10053.0	0.0214827
10054.0	0.0214267
10055.0	0.0213729
10056.0	0.0213169
10057.0	0.021261
10058.0	0.021205
10059.0	0.021149
10060.0	0.021093
10061.0	0.021037
10062.0	0.020981
10062.757812	0.0209386
10063.0	0.0209254
10064.0	0.0208707
10065.0	0.0208159
10066.0	0.0207612
10067.0	0.0207065
10068.0	0.0206539
10069.0	0.0205992
10070.0	0.0205445
10071.0	0.0204897
10072.0	0.020435
10072.759766	0.0203934
10073.0	0.0203802
10074.0	0.0203252
10075.0	0.0202703
10076.0	0.0202154
10077.0	0.0201605
10078.0	0.0201056
10079.0	0.0200507
10080.0	0.0199957
10081.0	0.0199429
10082.0	0.0198879
10082.762695	0.019846
10083.0	0.0198328
10084.0	0.0197772
10085.0	0.0197215
10086.0	0.0196658
10087.0	0.0196102
10088.0	0.0195545
10089.0	0.0194989
10090.0	0.0194432
10091.0	0.0193876
10092.0	0.0193319
10092.765625	0.0192893
10093.0	0.0192764
10094.0	0.0192212
10095.0	0.0191679
10096.0	0.0191127
10097.0	0.0190575
10098.0	0.0190023
10099.0	0.018947
10100.0	0.0188918
10101.0	0.0188366
10102.0	0.0187814
10102.768555	0.0187389
10103.0	0.018726
10104.0	0.0186704
10105.0	0.0186148
10106.0	0.0185592
10107.0	0.0185036
10108.0	0.018448
10109.0	0.0183924
10110.0	0.0183387
10111.0	0.0182831
10112.0	0.0182275
10112.771484	0.0181846
10113.0	0.018172
10114.0	0.018117
10115.0	0.0180619
10116.0	0.0180069
10117.0	0.0179519
10118.0	0.0178969
10119.0	0.0178418
10120.0	0.0177868
10121.0	0.0177318
10122.0	0.0176768
10122.774414	0.0176341
10123.0	0.0176218
10124.0	0.017567
10125.0	0.017514
10126.0	0.0174591
10127.0	0.0174043
10128.0	0.0173495
10129.0	0.0172946
10130.0	0.0172398
10131.0	0.017185
10132.0	0.0171301
10132.777344	0.0170875
10133.0	0.0170754
10134.0	0.017021
10135.0	0.0169666
10136.0	0.0169122
10137.0	0.0168578
10138.0	0.0168034
10139.0	0.016749
10140.0	0.0166946
10141.0	0.0166419
10142.0	0.0165875
10142.779297	0.0165451
10143.0	0.0165327
10144.0	0.016477
10145.0	0.0164212
10146.0	0.0163655
10147.0	0.0163098
10148.0	0.0162541
10149.0	0.0161983
10150.0	0.0161426
10151.0	0.0160869
10152.0	0.0160312
10152.782227	0.0159876
10153.0	0.0159756
10154.0	0.0159204
10155.0	0.0158652
10156.0	0.01581
10157.0	0.0157564
10158.0	0.0157012
10159.0	0.015646
10160.0	0.0155908
10161.0	0.0155356
10162.0	0.0154803
10162.785156	0.015437
10163.0	0.0154252
10164.0	0.0153706
10165.0	0.0153159
10166.0	0.0152612
10167.0	0.0152065
10168.0	0.0151518
10169.0	0.0150971
10170.0	0.0150425
10171.0	0.0149878
10172.0	0.0149331
10172.788086	0.01489
10173.0	0.0148782
10174.0	0.0148227
10175.0	0.0147687
10176.0	0.0147132
10177.0	0.0146576
10178.0	0.0146021
10179.0	0.0145466
10180.0	0.0144911
10181.0	0.0144356
10182.0	0.0143801
10182.790039	0.0143363
10183.0	0.0143248
10184.0	0.0142699
10185.0	0.0142151
10186.0	0.0141603
10187.0	0.0141055
10188.0	0.0140507
10189.0	0.0139959
10190.0	0.013941
10191.0	0.0138862
10192.0	0.0138314
10192.792969	0.0137879
10193.0	0.0137765
10194.0	0.0137225
10195.0	0.0136672
10196.0	0.0136118
10197.0	0.0135564
10198.0	0.0135011
10199.0	0.0134457
10200.0	0.0133904
10201.0	0.0133549
10202.0	0.0133194
10202.795898	0.0132912
10203.0	0.0132841
10204.0	0.0132495
10205.0	0.0132149
10206.0	0.0131803
10207.0	0.0131457
10208.0	0.013111
10209.0	0.0130764
10210.0	0.0130418
10211.0	0.0130072
10212.0	0.0129725
10212.797852	0.0129449
10213.0	0.0129377
10214.0	0.0129035
10215.0	0.0128679
10216.0	0.0128323
10217.0	0.0127967
10218.0	0.0127611
10219.0	0.0127255
10220.0	0.01269
10221.0	0.0126544
10222.0	0.0126188
10222.800781	0.0125903
10223.0	0.0125833
10224.0	0.0125482
10225.0	0.012513
10226.0	0.0124779
10227.0	0.0124427
10228.0	0.0124076
10229.0	0.0123724
10230.0	0.0123373
10231.0	0.0123022
10232.0	0.012267
10232.803711	0.0122388
10233.0	0.0122319
10234.0	0.0121971
10235.0	0.0121622
10236.0	0.0121286
10237.0	0.0120938
10238.0	0.0120589
10239.0	0.0120241
10240.0	0.0119892
10241.0	0.0119543
10242.0	0.0119195
10242.806641	0.0118914
10243.0	0.0118846
10244.0	0.0118495
10245.0	0.0118143
10246.0	0.0117792
10247.0	0.0117441
10248.0	0.011709
10249.0	0.0116739
10250.0	0.0116388
10251.0	0.0116037
10252.0	0.0115686
10252.808594	0.0115403
10253.0	0.0115336
10254.0	0.0114986
10255.0	0.0114637
10256.0	0.0114287
10257.0	0.0113938
10258.0	0.0113589
10259.0	0.0113239
10260.0	0.0112902
10261.0	0.0112553
10262.0	0.0112203
10262.811523	0.011192
10263.0	0.0111854
10264.0	0.0111502
10265.0	0.0111151
10266.0	0.01108
10267.0	0.0110449
10268.0	0.0110097
10269.0	0.0109746
10270.0	0.0109395
10271.0	0.0109044
10272.0	0.0108693
10272.81543	0.0108407
10273.0	0.0108342
10274.0	0.010799
10275.0	0.0107638
10276.0	0.0107286
10277.0	0.0106935
10278.0	0.0106583
10279.0	0.0106231
10280.0	0.010588
10281.0	0.0105528
10282.0	0.0105177
10282.817383	0.0104889
10283.0	0.0104826
10284.0	0.0104479
10285.0	0.0104132
10286.0	0.0103785
10287.0	0.0103438
10288.0	0.0103102
10289.0	0.0102755
10290.0	0.0102408
10291.0	0.0102061
10292.0	0.0101714
10292.820312	0.010143
10293.0	0.0101366
10294.0	0.0101011
10295.0	0.0100655
10296.0	0.01003
10297.0	0.00999454
10298.0	0.00995905
10299.0	0.00992357
10300.0	0.00988809
10301.0	0.00985262
10302.0	0.00981716
10302.823242	0.00978797
10303.0	0.0097819
10304.0	0.00974754
10305.0	0.00971318
10306.0	0.00967882
10307.0	0.00964446
10308.0	0.00961011
10309.0	0.00957575
10310.0	0.00954139
10311.0	0.00950703
10312.0	0.00947266
10312.826172	0.00944427
10313.0	0.00943823
10314.0	0.00940349
10315.0	0.00936874
10316.0	0.009334
10317.0	0.00929927
10318.0	0.00926453
10319.0	0.00922981
10320.0	0.00919508
10321.0	0.00916133
10322.0	0.0091266
10322.828125	0.00909784
10323.0	0.00909179
10324.0	0.00905663
10325.0	0.00902147
10326.0	0.00898632
10327.0	0.00895118
10328.0	0.00891604
10329.0	0.00888092
10330.0	0.00884579
10331.0	0.00881067
10332.0	0.00877556
10332.831055	0.00874638
10333.0	0.00874049
10334.0	0.00870562
10335.0	0.00867076
10336.0	0.0086359
10337.0	0.00860104
10338.0	0.0085662
10339.0	0.00853135
10340.0	0.00849651
10341.0	0.00846168
10342.0	0.00842684
10342.833984	0.0083978
10343.0	0.00839203
10344.0	0.0083573
10345.0	0.00832257
10346.0	0.00828785
10347.0	0.00825313
10348.0	0.00821841
10349.0	0.0081837
10350.0	0.008149
10351.0	0.00811429
10352.0	0.00807959
10352.835938	0.00805058
10353.0	0.00804487
10354.0	0.00801005
10355.0	0.00797523
10356.0	0.00794043
10357.0	0.00790562
10358.0	0.00787083
10359.0	0.00783604
10360.0	0.00780125
10361.0	0.00776646
10362.0	0.00773168
10362.838867	0.00770251
10363.0	0.00769698
10364.0	0.00766266
10365.0	0.00762915
10366.0	0.00759483
10367.0	0.00756051
10368.0	0.00752619
10369.0	0.00749187
10370.0	0.00745755
10371.0	0.00742323
10372.0	0.00738891
10372.841797	0.00736002
10373.0	0.00735449
10374.0	0.00731951
10375.0	0.00728454
10376.0	0.00724958
10377.0	0.00721463
10378.0	0.00717969
10379.0	0.00714475
10380.0	0.00710983
10381.0	0.0070749
10382.0	0.00703999
10382.84375	0.00701054
10383.0	0.00700512
10384.0	0.00697044
10385.0	0.00693577
10386.0	0.0069011
10387.0	0.00686644
10388.0	0.00683179
10389.0	0.00679714
10390.0	0.0067625
10391.0	0.00672786
10392.0	0.00669322
10392.84668	0.0066639
10393.0	0.00665862
10394.0	0.00662416
10395.0	0.00658972
10396.0	0.00655527
10397.0	0.00652083
10398.0	0.0064864
10399.0	0.00645196
10400.0	0.00641754
10401.0	0.0064001
10402.0	0.00638266
10402.849609	0.00636785
10403.0	0.0063652
10404.0	0.0063476
10405.0	0.00633
10406.0	0.0063124
10407.0	0.0062948
10408.0	0.00627721
10409.0	0.00625962
10410.0	0.00624203
10411.0	0.00622445
10412.0	0.00620686
10412.852539	0.00619188
10413.0	0.00618927
10414.0	0.0061716
10415.0	0.00615393
10416.0	0.00613627
10417.0	0.00611861
10418.0	0.00610095
10419.0	0.0060833
10420.0	0.00606565
10421.0	0.006048
10422.0	0.00603035
10422.855469	0.00601526
10423.0	0.00601271
10424.0	0.00599511
10425.0	0.00597751
10426.0	0.00595992
10427.0	0.00594232
10428.0	0.00592473
10429.0	0.00590715
10430.0	0.00588957
10431.0	0.00587199
10432.0	0.00585441
10432.858398	0.00583932
10433.0	0.00583688
10434.0	0.00581965
10435.0	0.00580242
10436.0	0.00578519
10437.0	0.00576796
10438.0	0.00575073
10439.0	0.00573351
10440.0	0.00571629
10441.0	0.00569906
10442.0	0.00568184
10442.861328	0.005667
10443.0	0.00566456
10444.0	0.00564693
10445.0	0.00562931
10446.0	0.00561168
10447.0	0.00559407
10448.0	0.00557645
10449.0	0.00555885
10450.0	0.00554124
10451.0	0.00552364
10452.0	0.00550604
10452.863281	0.00549084
10453.0	0.00548845
10454.0	0.00547094
10455.0	0.00545343
10456.0	0.00543592
10457.0	0.00541842
10458.0	0.00540092
10459.0	0.00538343
10460.0	0.00536594
10461.0	0.00534845
10462.0	0.00533096
10462.866211	0.00531582
10463.0	0.00531352
10464.0	0.00529638
10465.0	0.00527924
10466.0	0.0052621
10467.0	0.00524496
10468.0	0.00522782
10469.0	0.00521068
10470.0	0.00519355
10471.0	0.00517641
10472.0	0.00515927
10472.869141	0.00514438
10473.0	0.00514209
10474.0	0.00512461
10475.0	0.00510714
10476.0	0.00508966
10477.0	0.00507219
10478.0	0.00505473
10479.0	0.00503727
10480.0	0.00501981
10481.0	0.00500235
10482.0	0.0049849
10482.87207	0.00496968
10483.0	0.00496746
10484.0	0.00495007
10485.0	0.00493269
10486.0	0.00491532
10487.0	0.00489794
10488.0	0.00488057
10489.0	0.00486321
10490.0	0.00484584
10491.0	0.00482848
10492.0	0.00481112
10492.874023	0.00479595
10493.0	0.00479377
10494.0	0.00477644
10495.0	0.00475911
10496.0	0.00474179
10497.0	0.00472447
10498.0	0.00470715
10499.0	0.00468984
10500.0	0.00467253
10501.0	0.00465522
10502.0	0.00463791
10502.876953	0.00462274
10503.0	0.00462062
10504.0	0.00460342
10505.0	0.00458623
10506.0	0.00456903
10507.0	0.00455184
10508.0	0.00453465
10509.0	0.00451747
10510.0	0.00450028
10511.0	0.0044831
10512.0	0.00446592
10512.879883	0.00445081
10513.0	0.00444872
10514.0	0.00443132
10515.0	0.00441393
10516.0	0.00439654
10517.0	0.00437916
10518.0	0.00436178
10519.0	0.0043444
10520.0	0.00432703
10521.0	0.00430966
10522.0	0.00429229
10522.881836	0.00427698
10523.0	0.00427496
10524.0	0.00425781
10525.0	0.00424067
10526.0	0.00422352
10527.0	0.00420639
10528.0	0.00418925
10529.0	0.00417212
10530.0	0.00415498
10531.0	0.00413785
10532.0	0.00412073
10532.884766	0.00410558
10533.0	0.00410357
10534.0	0.00408615
10535.0	0.00406874
10536.0	0.00405133
10537.0	0.00403393
10538.0	0.00401653
10539.0	0.00399914
10540.0	0.00398175
10541.0	0.00396437
10542.0	0.00394699
10542.887695	0.00393156
10543.0	0.00392965
10544.0	0.00391263
10545.0	0.0038956
10546.0	0.00387858
10547.0	0.00386157
10548.0	0.00384455
10549.0	0.00382753
10550.0	0.00381052
10551.0	0.00379351
10552.0	0.0037765
10552.890625	0.00376135
10553.0	0.00375947
10554.0	0.00374229
10555.0	0.00372512
10556.0	0.00370795
10557.0	0.00369078
10558.0	0.00367362
10559.0	0.00365606
10560.0	0.0036389
10561.0	0.00362175
10562.0	0.0036046
10562.892578	0.0035893
10563.0	0.00358745
10564.0	0.00357026
10565.0	0.00355307
10566.0	0.00353589
10567.0	0.00351871
10568.0	0.00350153
10569.0	0.00348436
10570.0	0.00346719
10571.0	0.00345002
10572.0	0.00343286
10572.896484	0.00341748
10573.0	0.00341572
10574.0	0.00339871
10575.0	0.00338169
10576.0	0.00336468
10577.0	0.00334768
10578.0	0.00333067
10579.0	0.00331367
10580.0	0.00329667
10581.0	0.00327968
10582.0	0.00326268
10582.899414	0.0032474
10583.0	0.00324568
10584.0	0.00322854
10585.0	0.00321141
10586.0	0.00319428
10587.0	0.00317715
10588.0	0.00316003
10589.0	0.00314292
10590.0	0.0031258
10591.0	0.0031087
10592.0	0.00309159
10592.901367	0.00307618
10593.0	0.00307451
10594.0	0.00305755
10595.0	0.0030406
10596.0	0.00302365
10597.0	0.00300671
10598.0	0.00298976
10599.0	0.00297282
10600.0	0.00295589
10601.0	0.00294912
10602.0	0.00294236
10602.904297	0.00293596
10603.0	0.00293526
10604.0	0.00292833
10605.0	0.00292141
10606.0	0.00291448
10607.0	0.00290756
10608.0	0.00290064
10609.0	0.00289372
10610.0	0.0028868
10611.0	0.00287989
10612.0	0.00287297
10612.907227	0.0028667
10613.0	0.00286609
10614.0	0.00285947
10615.0	0.00285285
10616.0	0.00284623
10617.0	0.00283961
10618.0	0.00283299
10619.0	0.00282637
10620.0	0.00281975
10621.0	0.00281313
10622.0	0.00280651
10622.910156	0.00280049
10623.0	0.00279988
10624.0	0.00279309
10625.0	0.0027863
10626.0	0.00277951
10627.0	0.00277272
10628.0	0.00276593
10629.0	0.00275915
10630.0	0.00275237
10631.0	0.00274558
10632.0	0.0027388
10632.912109	0.00273262
10633.0	0.00273201
10634.0	0.00272508
10635.0	0.00271815
10636.0	0.00271093
10637.0	0.00270401
10638.0	0.00269709
10639.0	0.00269017
10640.0	0.00268326
10641.0	0.00267634
10642.0	0.00266943
10642.915039	0.00266311
10643.0	0.00266254
10644.0	0.00265581
10645.0	0.00264908
10646.0	0.00264235
10647.0	0.00263562
10648.0	0.00262889
10649.0	0.00262217
10650.0	0.00261545
10651.0	0.00260872
10652.0	0.002602
10652.917969	0.00259584
10653.0	0.00259528
10654.0	0.00258851
10655.0	0.00258174
10656.0	0.00257497
10657.0	0.0025682
10658.0	0.00256143
10659.0	0.00255467
10660.0	0.0025479
10661.0	0.00254114
10662.0	0.00253438
10662.919922	0.00252816
10663.0	0.00252763
10664.0	0.00252073
10665.0	0.0025141
10666.0	0.00250748
10667.0	0.00250086
10668.0	0.00249423
10669.0	0.00248761
10670.0	0.00248099
10671.0	0.00247437
10672.0	0.00246776
10672.922852	0.00246165
10673.0	0.00246112
10674.0	0.00245425
10675.0	0.00244738
10676.0	0.00244052
10677.0	0.00243365
10678.0	0.00242679
10679.0	0.00241993
10680.0	0.00241308
10681.0	0.00240622
10682.0	0.00239937
10682.925781	0.00239303
10683.0	0.00239253
10684.0	0.00238586
10685.0	0.00237919
10686.0	0.00237252
10687.0	0.00236585
10688.0	0.00235892
10689.0	0.00235225
10690.0	0.00234559
10691.0	0.00233892
10692.0	0.00233226
10692.928711	0.00232608
10693.0	0.0023256
10694.0	0.00231895
10695.0	0.00231229
10696.0	0.00230564
10697.0	0.00229899
10698.0	0.00229234
10699.0	0.00228569
10700.0	0.00227904
10701.0	0.00227239
10702.0	0.00226574
10702.930664	0.00225956
10703.0	0.0022591
10704.0	0.0022524
10705.0	0.0022457
10706.0	0.00223901
10707.0	0.00223231
10708.0	0.00222562
10709.0	0.00221893
10710.0	0.002212
10711.0	0.00220531
10712.0	0.00219862
10712.933594	0.00219239
10713.0	0.00219194
10714.0	0.0021852
10715.0	0.00217846
10716.0	0.00217172
10717.0	0.00216498
10718.0	0.00215825
10719.0	0.00215151
10720.0	0.00214478
10721.0	0.00213806
10722.0	0.00213133
10722.936523	0.00212503
10723.0	0.00212461
10724.0	0.00211798
10725.0	0.00211136
10726.0	0.00210473
10727.0	0.00209811
10728.0	0.00209149
10729.0	0.00208487
10730.0	0.00207802
10731.0	0.0020714
10732.0	0.00206478
10732.939453	0.00205857
10733.0	0.00205817
10734.0	0.00205156
10735.0	0.00204495
10736.0	0.00203834
10737.0	0.00203173
10738.0	0.00202513
10739.0	0.00201852
10740.0	0.00201192
10741.0	0.00200532
10742.0	0.00199872
10742.942383	0.0019925
10743.0	0.00199211
10744.0	0.00198545
10745.0	0.00197878
10746.0	0.00197211
10747.0	0.00196545
10748.0	0.00195879
10749.0	0.00195191
10750.0	0.00194526
10751.0	0.0019386
10752.0	0.00193195
10752.945312	0.00192566
10753.0	0.0019253
10754.0	0.00191874
10755.0	0.00191218
10756.0	0.00190562
10757.0	0.00189906
10758.0	0.0018925
10759.0	0.00188594
10760.0	0.00187939
10761.0	0.00187283
10762.0	0.00186628
10762.948242	0.00186007
10763.0	0.00185973
10764.0	0.00185313
10765.0	0.00184654
10766.0	0.00183975
10767.0	0.00183316
10768.0	0.00182657
10769.0	0.00181999
10770.0	0.00181341
10771.0	0.00180682
10772.0	0.00180024
10772.950195	0.00179399
10773.0	0.00179366
10774.0	0.00178703
10775.0	0.0017804
10776.0	0.00177377
10777.0	0.00176714
10778.0	0.00176052
10779.0	0.00175389
10780.0	0.00174727
10781.0	0.00174065
10782.0	0.00173404
10782.953125	0.00172754
10783.0	0.00172723
10784.0	0.0017207
10785.0	0.00171417
10786.0	0.00170764
10787.0	0.00170111
10788.0	0.00169459
10789.0	0.00168806
10790.0	0.00168154
10791.0	0.00167502
10792.0	0.0016685
10792.956055	0.00166227
10793.0	0.00166198
10794.0	0.00165543
10795.0	0.00164888
10796.0	0.00164233
10797.0	0.00163578
10798.0	0.00162924
10799.0	0.00162251
10800.0	0.00161597
10801.0	0.00161095
10802.0	0.00160594
10802.958008	0.00160114
10803.0	0.00160093
10804.0	0.00159595
10805.0	0.00159098
10806.0	0.001586
10807.0	0.00158103
10808.0	0.00157605
10809.0	0.00157108
10810.0	0.00156611
10811.0	0.00156114
10812.0	0.00155617
10812.960938	0.0015514
10813.0	0.0015512
10814.0	0.00154599
10815.0	0.00154096
10816.0	0.00153593
10817.0	0.0015309
10818.0	0.00152587
10819.0	0.00152084
10820.0	0.00151582
10821.0	0.00151079
10822.0	0.00150577
10822.963867	0.00150093
10823.0	0.00150075
10824.0	0.00149576
10825.0	0.00149078
10826.0	0.00148579
10827.0	0.0014808
10828.0	0.00147582
10829.0	0.00147067
10830.0	0.00146569
10831.0	0.00146071
10832.0	0.00145573
10832.966797	0.00145092
10833.0	0.00145076
10834.0	0.00144581
10835.0	0.00144087
10836.0	0.00143593
10837.0	0.00143099
10838.0	0.00142605
10839.0	0.00142111
10840.0	0.00141617
10841.0	0.00141123
10842.0	0.00140614
10842.96875	0.00140136
10843.0	0.00140121
10844.0	0.00139629
10845.0	0.00139137
10846.0	0.00138645
10847.0	0.00138153
10848.0	0.00137661
10849.0	0.00137169
10850.0	0.00136678
10851.0	0.00136186
10852.0	0.00135695
10852.97168	0.00135218
10853.0	0.00135204
10854.0	0.00134704
10855.0	0.00134204
10856.0	0.00133689
10857.0	0.00133189
10858.0	0.0013269
10859.0	0.00132191
10860.0	0.00131692
10861.0	0.00131193
10862.0	0.00130694
10862.974609	0.00130208
10863.0	0.00130196
10864.0	0.001297
10865.0	0.00129205
10866.0	0.0012871
10867.0	0.00128215
10868.0	0.00127721
10869.0	0.00127212
10870.0	0.00126717
10871.0	0.00126223
10872.0	0.00125729
10872.976562	0.00125247
10873.0	0.00125235
10874.0	0.00124747
10875.0	0.00124258
10876.0	0.0012377
10877.0	0.00123282
10878.0	0.00122793
10879.0	0.00122305
10880.0	0.00121817
10881.0	0.0012133
10882.0	0.00120828
10882.980469	0.0012035
10883.0	0.00120341
10884.0	0.00119853
10885.0	0.00119366
10886.0	0.00118878
10887.0	0.00118391
10888.0	0.00117904
10889.0	0.00117417
10890.0	0.0011693
10891.0	0.00116443
10892.0	0.00115957
10892.983398	0.00115478
10893.0	0.0011547
10894.0	0.00114966
10895.0	0.00114475
10896.0	0.00113984
10897.0	0.00113493
10898.0	0.00113003
10899.0	0.00112512
10900.0	0.00112022
10901.0	0.00111532
10902.0	0.00111042
10902.986328	0.00110559
10903.0	0.00110552
10904.0	0.00110069
10905.0	0.00109586
10906.0	0.00109091
10907.0	0.00108608
10908.0	0.00108125
10909.0	0.00107643
10910.0	0.0010716
10911.0	0.00106678
10912.0	0.00106195
10912.988281	0.00105719
10913.0	0.00105713
10914.0	0.00105222
10915.0	0.00104732
10916.0	0.00104241
10917.0	0.00103739
10918.0	0.00103249
10919.0	0.00102759
10920.0	0.00102269
10921.0	0.00101779
10922.0	0.0010129
10922.991211	0.00100805
10923.0	0.00100801
10924.0	0.00100315
10925.0	0.000998294
10926.0	0.000993438
10927.0	0.000988584
10928.0	0.000983731
10929.0	0.000978767
10930.0	0.000973917
10931.0	0.000969069
10932.0	0.000964222
10932.994141	0.000959405
10933.0	0.000959377
10934.0	0.00095455
10935.0	0.000949723
10936.0	0.000944898
10937.0	0.000940074
10938.0	0.000935251
10939.0	0.000930429
10940.0	0.000925502
10941.0	0.000920684
10942.0	0.000915866
10942.996094	0.000911068
10943.0	0.00091105
10944.0	0.000906197
10945.0	0.000901347
10946.0	0.000896498
10947.0	0.00089165
10948.0	0.000886804
10949.0	0.000881959
10950.0	0.000877015
10951.0	0.000872175
10952.0	0.000867336
10952.999023	0.000862502
10953.0	0.000862498
10954.0	0.000857692
10955.0	0.000852887
10956.0	0.000848083
10957.0	0.00084328
10958.0	0.000838479
10959.0	0.000833679
10960.0	0.000828879
10961.0	0.000823987
10962.0	0.000819191
10963.0	0.000814396
10963.001953	0.000814387
10964.0	0.000809612
10965.0	0.000804829
10966.0	0.000800047
10967.0	0.000795266
10968.0	0.000790486
10969.0	0.000785707
10970.0	0.000780929
10971.0	0.000776063
10972.0	0.000771288
10973.0	0.000766514
10973.004883	0.000766491
10974.0	0.000761703
10975.0	0.000756894
10976.0	0.000752085
10977.0	0.000747279
10978.0	0.000742474
10979.0	0.00073767
10980.0	0.000732867
10981.0	0.000727983
10982.0	0.000723185
10983.0	0.000718388
10983.006836	0.000718355
10984.0	0.000713624
10985.0	0.000708861
10986.0	0.000704099
10987.0	0.000699338
10988.0	0.000694578
10989.0	0.000689819
10990.0	0.000685061
10991.0	0.000680212
10992.0	0.000675444
10993.0	0.000670677
10993.009766	0.00067063
10994.0	0.000665891
10995.0	0.000661107
10996.0	0.000656325
10997.0	0.000651544
10998.0	0.000646764
10999.0	0.000641986
11000.0	0.00063721
11003.012695	0.000627308
