6728.0	4.6542e-05
6729.0	4.75667e-05
6730.0	4.85867e-05
6731.0	4.96104e-05
6731.85791	5.04882e-05
6732.0	5.06692e-05
6733.0	5.19382e-05
6734.0	5.3211e-05
6735.0	5.44832e-05
6736.0	5.57548e-05
6737.0	5.70209e-05
6738.0	5.82912e-05
6739.0	5.9561e-05
6740.0	6.08249e-05
6741.0	6.20933e-05
6741.860352	6.31842e-05
6742.0	6.34616e-05
6743.0	6.54479e-05
6744.0	6.74273e-05
6745.0	6.94116e-05
6746.0	7.13949e-05
6747.0	7.33709e-05
6748.0	7.53522e-05
6749.0	7.73326e-05
6750.0	7.93121e-05
6751.0	8.12836e-05
6751.863281	8.29908e-05
6752.0	8.32995e-05
6753.0	8.55568e-05
6754.0	8.78054e-05
6755.0	9.00604e-05
6756.0	9.23144e-05
6757.0	9.45673e-05
6758.0	9.68108e-05
6759.0	9.90615e-05
6760.0	0.000101311
6761.0	0.000103551
6761.865723	0.000105496
6762.0	0.000105973
6763.0	0.000109526
6764.0	0.000113067
6765.0	0.000116616
6766.0	0.000120163
6767.0	0.000123708
6768.0	0.000127241
6769.0	0.000130783
6770.0	0.000134324
6771.0	0.00013785
6771.868652	0.000140923
6772.0	0.000141538
6773.0	0.000146221
6774.0	0.000150902
6775.0	0.000155567
6776.0	0.000160244
6777.0	0.000164918
6778.0	0.000169575
6779.0	0.000174244
6780.0	0.000178911
6781.0	0.000183576
6781.871094	0.000187624
6782.0	0.000188398
6783.0	0.00019442
6784.0	0.000200438
6785.0	0.000206436
6786.0	0.000212449
6787.0	0.000218459
6788.0	0.000224446
6789.0	0.00023045
6790.0	0.000236451
6791.0	0.000242449
6791.874023	0.00024767
6792.0	0.000248648
6793.0	0.00025643
6794.0	0.000264209
6795.0	0.000271961
6796.0	0.000279732
6797.0	0.000287499
6798.0	0.000295262
6799.0	0.000302996
6800.0	0.000310752
6801.0	0.000318504
6801.876465	0.000325271
6802.0	0.000326601
6803.0	0.000337392
6804.0	0.000348179
6805.0	0.000358929
6806.0	0.000369705
6807.0	0.000380475
6808.0	0.000391241
6809.0	0.000401966
6810.0	0.000412721
6811.0	0.00042347
6811.879395	0.000432886
6812.0	0.000434511
6813.0	0.000448013
6814.0	0.000461508
6815.0	0.000474957
6816.0	0.000488439
6817.0	0.000501914
6818.0	0.000515384
6819.0	0.000528801
6820.0	0.000542257
6821.0	0.000555706
6821.882324	0.000567525
6822.0	0.000569814
6823.0	0.000589315
6824.0	0.000608806
6825.0	0.000628235
6826.0	0.000647706
6827.0	0.000667169
6828.0	0.000686623
6829.0	0.000706006
6830.0	0.00072544
6831.0	0.000744882
6831.884766	0.000762018
6832.0	0.000764989
6833.0	0.000790827
6834.0	0.000816655
6835.0	0.000842399
6836.0	0.000868202
6837.0	0.000893995
6838.0	0.000919697
6839.0	0.000945466
6840.0	0.000971224
6841.0	0.000996972
6841.887695	0.00101974
6842.0	0.0010237
6843.0	0.00105906
6844.0	0.0010944
6845.0	0.00112963
6846.0	0.00116494
6847.0	0.00120023
6848.0	0.0012354
6849.0	0.00127066
6850.0	0.00130591
6851.0	0.00134114
6851.890137	0.00137238
6852.0	0.00137751
6853.0	0.0014243
6854.0	0.00147106
6855.0	0.00151767
6856.0	0.0015644
6857.0	0.0016111
6858.0	0.00165764
6859.0	0.00170429
6860.0	0.00175093
6861.0	0.0017974
6861.892578	0.00183899
6862.0	0.00184594
6863.0	0.00191069
6864.0	0.00197523
6865.0	0.00203991
6866.0	0.00210457
6867.0	0.0021692
6868.0	0.00223361
6869.0	0.00229818
6870.0	0.00236272
6871.0	0.00242702
6871.895508	0.00248477
6872.0	0.00249453
6873.0	0.00258791
6874.0	0.00268103
6875.0	0.00277433
6876.0	0.00286759
6877.0	0.00296055
6878.0	0.00305373
6879.0	0.00314686
6880.0	0.00323995
6881.0	0.00333272
6881.898438	0.00341628
6882.0	0.00342938
6883.0	0.00355835
6884.0	0.00368694
6885.0	0.00381578
6886.0	0.00394457
6887.0	0.00407295
6888.0	0.00420162
6889.0	0.00433023
6890.0	0.00445841
6891.0	0.0045869
6891.900879	0.00470261
6892.0	0.00471974
6893.0	0.00489203
6894.0	0.00506466
6895.0	0.00523722
6896.0	0.00540924
6897.0	0.00558163
6898.0	0.00575396
6899.0	0.00592621
6900.0	0.00609786
6901.0	0.00626995
6901.903809	0.00642543
6902.0	0.00644895
6903.0	0.00669284
6904.0	0.00693719
6905.0	0.00718143
6906.0	0.00742492
6907.0	0.00766894
6908.0	0.00791285
6909.0	0.00815595
6910.0	0.00839964
6911.0	0.00864323
6911.90625	0.00886319
6912.0	0.0088961
6913.0	0.00924781
6914.0	0.00959938
6915.0	0.00994993
6916.0	0.0103012
6917.0	0.0106523
6918.0	0.0110032
6919.0	0.011353
6920.0	0.0117036
6921.0	0.0120541
6921.90918	0.0123716
6922.0	0.0124152
6923.0	0.0128959
6924.0	0.0133763
6925.0	0.0138554
6926.0	0.0143354
6927.0	0.0148152
6928.0	0.0152934
6929.0	0.0157728
6930.0	0.016252
6931.0	0.0167295
6931.911621	0.0171659
6932.0	0.0172238
6933.0	0.0178791
6934.0	0.0185326
6935.0	0.0191873
6936.0	0.0198417
6937.0	0.0204941
6938.0	0.0211479
6939.0	0.0218015
6940.0	0.0224528
6941.0	0.0231057
6941.914551	0.0237026
6942.0	0.0237798
6943.0	0.0246812
6944.0	0.0255842
6945.0	0.0264869
6946.0	0.0273868
6947.0	0.0282886
6948.0	0.0291901
6949.0	0.0300885
6950.0	0.0309891
6951.0	0.0318893
6951.916992	0.0327145
6952.0	0.0328153
6953.0	0.0340267
6954.0	0.0352404
6955.0	0.0364536
6956.0	0.037663
6957.0	0.0388751
6958.0	0.0400866
6959.0	0.0412941
6960.0	0.0425045
6961.0	0.0437145
6961.919922	0.0448235
6962.0	0.0449465
6963.0	0.0464858
6964.0	0.0480245
6965.0	0.0495583
6966.0	0.0510956
6967.0	0.0526322
6968.0	0.0541635
6969.0	0.0556987
6970.0	0.0572332
6971.0	0.0587621
6971.922363	0.0601762
6972.0	0.0603212
6973.0	0.062189
6974.0	0.0640504
6975.0	0.0659164
6976.0	0.0677816
6977.0	0.06964
6978.0	0.0715035
6979.0	0.0733662
6980.0	0.0752216
6981.0	0.0770826
6981.925293	0.0788039
6982.0	0.0789651
6983.0	0.0811165
6984.0	0.0832738
6985.0	0.0854302
6986.0	0.0875781
6987.0	0.0897325
6988.0	0.0918859
6989.0	0.0940304
6990.0	0.0961818
6991.0	0.0983324
6991.927734	0.100319
6992.0	0.10049
6993.0	0.102867
6994.0	0.105243
6995.0	0.107609
6996.0	0.109983
6997.0	0.112356
6998.0	0.114718
6999.0	0.117088
7000.0	0.119458
7001.0	0.12181
7001.930664	0.124006
7002.0	0.124168
7003.0	0.126495
7004.0	0.12881
7005.0	0.131135
7006.0	0.133458
7007.0	0.135769
7008.0	0.13809
7009.0	0.140409
7010.0	0.142715
7011.0	0.145032
7011.933105	0.147193
7012.0	0.147332
7013.0	0.149409
7014.0	0.151497
7015.0	0.153584
7016.0	0.155656
7017.0	0.157741
7018.0	0.159824
7019.0	0.161893
7020.0	0.163974
7021.0	0.166054
7021.936035	0.167986
7022.0	0.168098
7023.0	0.16986
7024.0	0.171621
7025.0	0.173366
7026.0	0.175125
7027.0	0.176868
7028.0	0.178625
7029.0	0.180381
7030.0	0.182121
7031.0	0.183868
7031.938477	0.185508
7032.0	0.185595
7033.0	0.186996
7034.0	0.188413
7035.0	0.189829
7036.0	0.191227
7037.0	0.192641
7038.0	0.194054
7039.0	0.195449
7040.0	0.19686
7041.0	0.198271
7041.941406	0.199582
7042.0	0.199638
7043.0	0.200623
7044.0	0.201608
7045.0	0.202574
7046.0	0.203557
7047.0	0.204539
7048.0	0.205503
7049.0	0.206485
7050.0	0.207465
7051.0	0.208427
7051.943848	0.209351
7052.0	0.209389
7053.0	0.210057
7054.0	0.210706
7055.0	0.211373
7056.0	0.212039
7057.0	0.212687
7058.0	0.213352
7059.0	0.213999
7060.0	0.214663
7061.0	0.215328
7061.946777	0.215938
7062.0	0.215962
7063.0	0.216413
7064.0	0.216864
7065.0	0.217296
7066.0	0.217747
7067.0	0.218197
7068.0	0.218628
7069.0	0.219078
7070.0	0.219528
7071.0	0.219958
7071.949219	0.220384
7072.0	0.220398
7073.0	0.22068
7074.0	0.220943
7075.0	0.221225
7076.0	0.221506
7077.0	0.221768
7078.0	0.22205
7079.0	0.22233
7080.0	0.222592
7081.0	0.222872
7081.952148	0.223121
7082.0	0.22313
7083.0	0.223344
7084.0	0.223557
7085.0	0.223751
7086.0	0.223964
7087.0	0.224177
7088.0	0.22437
7089.0	0.224582
7090.0	0.224795
7091.0	0.224988
7091.95459	0.22519
7092.0	0.225197
7093.0	0.225339
7094.0	0.225461
7095.0	0.225603
7096.0	0.225745
7097.0	0.225867
7098.0	0.226008
7099.0	0.22613
7100.0	0.226271
7101.0	0.226413
7101.95752	0.226529
7102.0	0.226533
7103.0	0.226657
7104.0	0.22678
7105.0	0.226884
7106.0	0.227007
7107.0	0.22713
7108.0	0.227233
7109.0	0.227356
7110.0	0.227478
7111.0	0.227581
7111.959961	0.227699
7112.0	0.227703
7113.0	0.227777
7114.0	0.227872
7115.0	0.227966
7116.0	0.228041
7117.0	0.228135
7118.0	0.228229
7119.0	0.228303
7120.0	0.228397
7121.0	0.228491
7121.962891	0.228562
7122.0	0.228564
7123.0	0.228647
7124.0	0.228729
7125.0	0.228792
7126.0	0.228874
7127.0	0.228936
7128.0	0.229018
7129.0	0.2291
7130.0	0.229162
7131.0	0.229244
7131.965332	0.229323
7132.0	0.229325
7133.0	0.229362
7134.0	0.229418
7135.0	0.229474
7136.0	0.22951
7137.0	0.229566
7138.0	0.229602
7139.0	0.229658
7140.0	0.229713
7141.0	0.229749
7141.968262	0.229803
7142.0	0.229804
7143.0	0.22985
7144.0	0.229876
7145.0	0.229921
7146.0	0.229966
7147.0	0.229992
7148.0	0.230037
7149.0	0.230062
7150.0	0.230107
7151.0	0.230153
7151.970703	0.230177
7152.0	0.230178
7153.0	0.230224
7154.0	0.23027
7155.0	0.230296
7156.0	0.230342
7157.0	0.230388
7158.0	0.230414
7159.0	0.23046
7160.0	0.230486
7161.0	0.230532
7161.973633	0.230576
7162.0	0.230577
7163.0	0.23057
7164.0	0.230584
7165.0	0.230597
7166.0	0.23059
7167.0	0.230603
7168.0	0.230617
7169.0	0.23061
7170.0	0.230623
7171.0	0.230616
7171.976074	0.230629
7172.0	0.230629
7173.0	0.230631
7174.0	0.230613
7175.0	0.230616
7176.0	0.230618
7177.0	0.230601
7178.0	0.230603
7179.0	0.230585
7180.0	0.230587
7181.0	0.23059
7181.979004	0.230572
7182.0	0.230571
7183.0	0.230538
7184.0	0.230505
7185.0	0.230453
7186.0	0.23042
7187.0	0.230387
7188.0	0.230334
7189.0	0.230301
7190.0	0.230249
7191.0	0.230216
7191.981934	0.230184
7192.0	0.230182
7193.0	0.230084
7194.0	0.230007
7195.0	0.229929
7196.0	0.229831
7197.0	0.229754
7198.0	0.229656
7199.0	0.229578
7200.0	0.229501
7201.0	0.229403
7201.984375	0.229327
7202.0	0.229326
7203.0	0.229255
7204.0	0.229163
7205.0	0.229092
7206.0	0.229001
7207.0	0.22893
7208.0	0.228859
7209.0	0.228768
7210.0	0.228696
7211.0	0.228625
7211.987305	0.228536
7212.0	0.228534
7213.0	0.228413
7214.0	0.228272
7215.0	0.228151
7216.0	0.22803
7217.0	0.22789
7218.0	0.227769
7219.0	0.227648
7220.0	0.227508
7221.0	0.227387
7221.989746	0.227249
7222.0	0.227247
7223.0	0.22712
7224.0	0.226993
7225.0	0.226847
7226.0	0.22672
7227.0	0.226573
7228.0	0.226447
7229.0	0.22632
7230.0	0.226174
7231.0	0.226038
7231.992676	0.225904
7232.0	0.225903
7233.0	0.225759
7234.0	0.225635
7235.0	0.225491
7236.0	0.225366
7237.0	0.225242
7238.0	0.225098
7239.0	0.224974
7240.0	0.22485
7241.0	0.224706
7241.995117	0.224583
7242.0	0.224583
7243.0	0.224415
7244.0	0.224267
7245.0	0.224119
7246.0	0.223952
7247.0	0.223804
7248.0	0.223637
7249.0	0.22349
7250.0	0.223342
7251.0	0.223175
7251.998047	0.223029
7252.0	0.223028
7253.0	0.222895
7254.0	0.222742
7255.0	0.222609
7256.0	0.222456
7257.0	0.222323
7258.0	0.22219
7259.0	0.222037
7260.0	0.221904
7261.0	0.221752
7262.0	0.221619
7262.000488	0.221619
7263.0	0.221482
7264.0	0.221327
7265.0	0.22119
7266.0	0.221054
7267.0	0.220898
7268.0	0.220762
7269.0	0.220606
7270.0	0.22047
7271.0	0.220334
7272.0	0.220179
7272.003418	0.220178
7273.0	0.220069
7274.0	0.219939
7275.0	0.21983
7276.0	0.21972
7277.0	0.219591
7278.0	0.219481
7279.0	0.219371
7280.0	0.219243
7281.0	0.219133
7282.0	0.219004
7282.005859	0.219003
7283.0	0.218887
7284.0	0.218769
7285.0	0.218633
7286.0	0.218515
7287.0	0.218379
7288.0	0.218262
7289.0	0.218145
7290.0	0.218008
7291.0	0.217891
7292.0	0.217755
7292.008789	0.217754
7293.0	0.217665
7294.0	0.217576
7295.0	0.217467
7296.0	0.217378
7297.0	0.217269
7298.0	0.217179
7299.0	0.21709
7300.0	0.216981
7301.0	0.216892
7302.0	0.216803
7302.01123	0.216801
7303.0	0.216716
7304.0	0.216648
7305.0	0.216561
7306.0	0.216493
7307.0	0.216425
7308.0	0.216339
7309.0	0.216271
7310.0	0.216184
7311.0	0.216117
7312.0	0.216049
7312.01416	0.216048
7313.0	0.215949
7314.0	0.215868
7315.0	0.215769
7316.0	0.215688
7317.0	0.215607
7318.0	0.215507
7319.0	0.215426
7320.0	0.215327
7321.0	0.215246
7322.0	0.215165
7322.016602	0.215164
7323.0	0.215111
7324.0	0.215077
7325.0	0.215024
7326.0	0.21499
7327.0	0.214955
7328.0	0.214902
7329.0	0.214868
7330.0	0.214815
7331.0	0.21478
7332.0	0.214746
7332.019531	0.214745
7333.0	0.214692
7334.0	0.214657
7335.0	0.214603
7336.0	0.214568
7337.0	0.214533
7338.0	0.214479
7339.0	0.214444
7340.0	0.21439
7341.0	0.214355
7342.0	0.214319
7342.021973	0.214318
7343.0	0.214289
7344.0	0.214279
7345.0	0.214249
7346.0	0.214238
7347.0	0.214227
7348.0	0.214198
7349.0	0.214187
7350.0	0.214157
7351.0	0.214146
7352.0	0.214135
7352.024902	0.214134
7353.0	0.21409
7354.0	0.214063
7355.0	0.214017
7356.0	0.21399
7357.0	0.213963
7358.0	0.213918
7359.0	0.213891
7360.0	0.213845
7361.0	0.213818
7362.0	0.213791
7362.027344	0.21379
7363.0	0.213743
7364.0	0.213713
7365.0	0.213664
7366.0	0.213634
7367.0	0.213604
7368.0	0.213555
7369.0	0.213525
7370.0	0.213476
7371.0	0.213446
7372.0	0.213397
7372.030273	0.213396
7373.0	0.213397
7374.0	0.213398
7375.0	0.21338
7376.0	0.21338
7377.0	0.213362
7378.0	0.213363
7379.0	0.213364
7380.0	0.213345
7381.0	0.213346
7382.0	0.213328
7382.032715	0.213328
7383.0	0.213313
7384.0	0.213298
7385.0	0.213264
7386.0	0.213249
7387.0	0.213215
7388.0	0.2132
7389.0	0.213184
7390.0	0.21315
7391.0	0.213135
7392.0	0.213101
7392.035645	0.2131
7393.0	0.213072
7394.0	0.213023
7395.0	0.212993
7396.0	0.212963
7397.0	0.212914
7398.0	0.212884
7399.0	0.212835
7400.0	0.212805
7401.0	0.212775
7402.0	0.212726
7402.038086	0.212725
7403.0	0.212694
7404.0	0.212643
7405.0	0.21261
7406.0	0.212578
7407.0	0.212527
7408.0	0.212494
7409.0	0.212443
7410.0	0.212411
7411.0	0.212359
7412.0	0.212327
7412.041016	0.212326
7413.0	0.212268
7414.0	0.212189
7415.0	0.212128
7416.0	0.212049
7417.0	0.211989
7418.0	0.211928
7419.0	0.211849
7420.0	0.211789
7421.0	0.21171
7422.0	0.211649
7422.043457	0.211646
7423.0	0.211576
7424.0	0.211522
7425.0	0.211468
7426.0	0.211395
7427.0	0.211341
7428.0	0.211269
7429.0	0.211215
7430.0	0.211161
7431.0	0.211099
7432.0	0.211056
7432.046387	0.211053
7433.0	0.210963
7434.0	0.210888
7435.0	0.210794
7436.0	0.210718
7437.0	0.210643
7438.0	0.210548
7439.0	0.210473
7440.0	0.210379
7441.0	0.210304
7442.0	0.210228
7442.049316	0.210224
7443.0	0.210155
7444.0	0.210101
7445.0	0.210029
7446.0	0.209975
7447.0	0.209902
7448.0	0.209849
7449.0	0.209795
7450.0	0.209723
7451.0	0.209669
7452.0	0.209597
7452.051758	0.209594
7453.0	0.209522
7454.0	0.209428
7455.0	0.209352
7456.0	0.209277
7457.0	0.209183
7458.0	0.209107
7459.0	0.209013
7460.0	0.208938
7461.0	0.208844
7462.0	0.208768
7462.054688	0.208764
7463.0	0.20867
7464.0	0.208552
7465.0	0.208452
7466.0	0.208334
7467.0	0.208235
7468.0	0.208135
7469.0	0.208017
7470.0	0.207918
7471.0	0.2078
7472.0	0.2077
7472.057129	0.207694
7473.0	0.207589
7474.0	0.207497
7475.0	0.207404
7476.0	0.207293
7477.0	0.207201
7478.0	0.20709
7479.0	0.206998
7480.0	0.206887
7481.0	0.206795
7482.0	0.206703
7482.060059	0.206696
7483.0	0.206601
7484.0	0.206517
7485.0	0.206415
7486.0	0.206331
7487.0	0.206229
7488.0	0.206145
7489.0	0.206062
7490.0	0.20596
7491.0	0.205877
7492.0	0.205775
7492.0625	0.20577
7493.0	0.205696
7494.0	0.205599
7495.0	0.205519
7496.0	0.20544
7497.0	0.205343
7498.0	0.205264
7499.0	0.205167
7500.0	0.205088
7501.0	0.204965
7502.0	0.204861
7502.06543	0.204854
7503.0	0.204739
7504.0	0.204598
7505.0	0.204475
7506.0	0.204335
7507.0	0.204212
7508.0	0.204071
7509.0	0.203948
7510.0	0.203808
7511.0	0.203686
7512.0	0.203563
7512.067871	0.203554
7513.0	0.203434
7514.0	0.203323
7515.0	0.203194
7516.0	0.203083
7517.0	0.202954
7518.0	0.202843
7519.0	0.202732
7520.0	0.202603
7521.0	0.202493
7522.0	0.202364
7522.070801	0.202357
7523.0	0.202268
7524.0	0.202156
7525.0	0.202061
7526.0	0.201966
7527.0	0.201853
7528.0	0.201758
7529.0	0.201645
7530.0	0.201551
7531.0	0.201438
7532.0	0.201344
7532.073242	0.201335
7533.0	0.201226
7534.0	0.201126
7535.0	0.201025
7536.0	0.200907
7537.0	0.200807
7538.0	0.200689
7539.0	0.200589
7540.0	0.200471
7541.0	0.200371
7542.0	0.200272
7542.076172	0.200263
7543.0	0.20016
7544.0	0.200067
7545.0	0.199956
7546.0	0.199863
7547.0	0.199752
7548.0	0.199659
7549.0	0.199548
7550.0	0.199455
7551.0	0.199362
7552.0	0.199252
7552.078613	0.199244
7553.0	0.199168
7554.0	0.199068
7555.0	0.198985
7556.0	0.198885
7557.0	0.198802
7558.0	0.198702
7559.0	0.198619
7560.0	0.198536
7561.0	0.198436
7562.0	0.198354
7562.081543	0.198345
7563.0	0.19825
7564.0	0.198163
7565.0	0.198058
7566.0	0.197972
7567.0	0.197867
7568.0	0.197781
7569.0	0.197694
7570.0	0.19759
7571.0	0.197503
7572.0	0.197399
7572.083984	0.197392
7573.0	0.197337
7574.0	0.19726
7575.0	0.1972
7576.0	0.197122
7577.0	0.197063
7578.0	0.197003
7579.0	0.196925
7580.0	0.196866
7581.0	0.196788
7582.0	0.196728
7582.086914	0.196722
7583.0	0.196652
7584.0	0.196592
7585.0	0.196516
7586.0	0.196456
7587.0	0.196397
7588.0	0.19632
7589.0	0.196261
7590.0	0.196184
7591.0	0.196125
7592.0	0.196048
7592.089844	0.196043
7593.0	0.195979
7594.0	0.195891
7595.0	0.195821
7596.0	0.195734
7597.0	0.195663
7598.0	0.195593
7599.0	0.195506
7600.0	0.195435
7601.0	0.195348
7602.0	0.195278
7602.092285	0.19527
7603.0	0.195205
7604.0	0.19515
7605.0	0.195079
7606.0	0.195025
7607.0	0.19497
7608.0	0.194899
7609.0	0.194844
7610.0	0.194773
7611.0	0.194719
7612.0	0.194647
7612.095215	0.194642
7613.0	0.194578
7614.0	0.19449
7615.0	0.19442
7616.0	0.194333
7617.0	0.194262
7618.0	0.194192
7619.0	0.194104
7620.0	0.194034
7621.0	0.193946
7622.0	0.193876
7622.097656	0.193868
7623.0	0.193804
7624.0	0.193751
7625.0	0.19368
7626.0	0.193627
7627.0	0.193556
7628.0	0.193503
7629.0	0.193449
7630.0	0.193379
7631.0	0.193304
7632.0	0.193212
7632.100586	0.193204
7633.0	0.193136
7634.0	0.193044
7635.0	0.192969
7636.0	0.192876
7637.0	0.192801
7638.0	0.192709
7639.0	0.192633
7640.0	0.192558
7641.0	0.192466
7642.0	0.192391
7642.103027	0.192381
7643.0	0.192277
7644.0	0.192177
7645.0	0.192061
7646.0	0.191962
7647.0	0.191845
7648.0	0.191746
7649.0	0.19163
7650.0	0.191531
7651.0	0.191415
7652.0	0.191316
7652.105957	0.191305
7653.0	0.191223
7654.0	0.191113
7655.0	0.191021
7656.0	0.190912
7657.0	0.19082
7658.0	0.19071
7659.0	0.190618
7660.0	0.190509
7661.0	0.190417
7662.0	0.190308
7662.108398	0.190298
7663.0	0.190209
7664.0	0.190092
7665.0	0.189991
7666.0	0.189891
7667.0	0.189774
7668.0	0.189674
7669.0	0.189557
7670.0	0.189457
7671.0	0.189341
7672.0	0.189241
7672.111328	0.189228
7673.0	0.189137
7674.0	0.189053
7675.0	0.188951
7676.0	0.188867
7677.0	0.188765
7678.0	0.188681
7679.0	0.18858
7680.0	0.188495
7681.0	0.18841
7682.0	0.188309
7682.11377	0.1883
7683.0	0.188213
7684.0	0.188099
7685.0	0.188002
7686.0	0.187888
7687.0	0.18779
7688.0	0.187676
7689.0	0.187579
7690.0	0.187465
7691.0	0.187368
7692.0	0.187254
7692.116699	0.187243
7693.0	0.187167
7694.0	0.187066
7695.0	0.186981
7696.0	0.186896
7697.0	0.186794
7698.0	0.186709
7699.0	0.186608
7700.0	0.186523
7701.0	0.186422
7702.0	0.186337
7702.119141	0.186325
7703.0	0.186206
7704.0	0.186088
7705.0	0.185953
7706.0	0.185835
7707.0	0.185701
7708.0	0.185583
7709.0	0.185449
7710.0	0.185331
7711.0	0.185197
7712.0	0.18508
7712.12207	0.185065
7713.0	0.184988
7714.0	0.184883
7715.0	0.184795
7716.0	0.18469
7717.0	0.184602
7718.0	0.184497
7719.0	0.184409
7720.0	0.184304
7721.0	0.184216
7722.0	0.184112
7722.124512	0.184101
7723.0	0.183992
7724.0	0.183851
7725.0	0.183727
7726.0	0.183587
7727.0	0.183463
7728.0	0.183323
7729.0	0.183199
7730.0	0.183059
7731.0	0.182935
7732.0	0.182811
7732.127441	0.182794
7733.0	0.182695
7734.0	0.182598
7735.0	0.182484
7736.0	0.182387
7737.0	0.182274
7738.0	0.182177
7739.0	0.182064
7740.0	0.181967
7741.0	0.181854
7742.0	0.181757
7742.129883	0.181743
7743.0	0.181622
7744.0	0.181499
7745.0	0.18136
7746.0	0.181237
7747.0	0.181098
7748.0	0.180975
7749.0	0.180836
7750.0	0.180714
7751.0	0.180575
7752.0	0.180453
7752.132812	0.180434
7753.0	0.180329
7754.0	0.180224
7755.0	0.180119
7756.0	0.179998
7757.0	0.179893
7758.0	0.179772
7759.0	0.179667
7760.0	0.179546
7761.0	0.179441
7762.0	0.17932
7762.135254	0.179306
7763.0	0.179214
7764.0	0.179093
7765.0	0.178987
7766.0	0.178865
7767.0	0.178759
7768.0	0.178638
7769.0	0.178532
7770.0	0.178411
7771.0	0.178305
7772.0	0.178184
7772.138184	0.178169
7773.0	0.178083
7774.0	0.177968
7775.0	0.177868
7776.0	0.177753
7777.0	0.177654
7778.0	0.177538
7779.0	0.177439
7780.0	0.177324
7781.0	0.177225
7782.0	0.17711
7782.140625	0.177096
7783.0	0.176994
7784.0	0.176859
7785.0	0.17674
7786.0	0.176622
7787.0	0.176487
7788.0	0.176369
7789.0	0.176235
7790.0	0.176116
7791.0	0.175982
7792.0	0.175864
7792.143555	0.175845
7793.0	0.175758
7794.0	0.175672
7795.0	0.17557
7796.0	0.175485
7797.0	0.175383
7798.0	0.175297
7799.0	0.175196
7800.0	0.17511
7801.0	0.175009
7802.0	0.174923
7802.145996	0.174909
7803.0	0.174812
7804.0	0.174714
7805.0	0.1746
7806.0	0.174502
7807.0	0.174389
7808.0	0.174291
7809.0	0.174177
7810.0	0.17408
7811.0	0.173966
7812.0	0.173869
7812.148926	0.173852
7813.0	0.173748
7814.0	0.173642
7815.0	0.173521
7816.0	0.173415
7817.0	0.173293
7818.0	0.173188
7819.0	0.173066
7820.0	0.17296
7821.0	0.172839
7822.0	0.172734
7822.151367	0.172715
7823.0	0.172608
7824.0	0.172497
7825.0	0.172371
7826.0	0.17226
7827.0	0.172134
7828.0	0.172023
7829.0	0.171897
7830.0	0.171787
7831.0	0.171677
7832.0	0.171583
7832.154297	0.171566
7833.0	0.171499
7834.0	0.171435
7835.0	0.171356
7836.0	0.171292
7837.0	0.171213
7838.0	0.171149
7839.0	0.17107
7840.0	0.171007
7841.0	0.170928
7842.0	0.170864
7842.157227	0.170851
7843.0	0.17078
7844.0	0.170711
7845.0	0.170627
7846.0	0.170558
7847.0	0.170473
7848.0	0.170404
7849.0	0.17032
7850.0	0.170251
7851.0	0.170167
7852.0	0.170098
7852.159668	0.170084
7853.0	0.170006
7854.0	0.169928
7855.0	0.169835
7856.0	0.169757
7857.0	0.169663
7858.0	0.169586
7859.0	0.169492
7860.0	0.169415
7861.0	0.169322
7862.0	0.169244
7862.162598	0.169229
7863.0	0.169167
7864.0	0.169108
7865.0	0.169034
7866.0	0.168975
7867.0	0.168901
7868.0	0.168843
7869.0	0.168769
7870.0	0.16871
7871.0	0.168636
7872.0	0.168577
7872.165039	0.168565
7873.0	0.168491
7874.0	0.168417
7875.0	0.168328
7876.0	0.168254
7877.0	0.168165
7878.0	0.168092
7879.0	0.168003
7880.0	0.167929
7881.0	0.16784
7882.0	0.167767
7882.167969	0.167752
7883.0	0.167687
7884.0	0.167624
7885.0	0.167547
7886.0	0.167484
7887.0	0.167406
7888.0	0.167344
7889.0	0.167266
7890.0	0.167204
7891.0	0.167126
7892.0	0.167063
7892.17041	0.16705
7893.0	0.166988
7894.0	0.166929
7895.0	0.166855
7896.0	0.166795
7897.0	0.166721
7898.0	0.166662
7899.0	0.166587
7900.0	0.166528
7901.0	0.166454
7902.0	0.166394
7902.17334	0.166381
7903.0	0.166311
7904.0	0.166241
7905.0	0.166156
7906.0	0.166086
7907.0	0.166001
7908.0	0.165931
7909.0	0.165846
7910.0	0.165776
7911.0	0.165691
7912.0	0.165621
7912.175781	0.165606
7913.0	0.16556
7914.0	0.16552
7915.0	0.165464
7916.0	0.165423
7917.0	0.165368
7918.0	0.165327
7919.0	0.165272
7920.0	0.165231
7921.0	0.165175
7922.0	0.165135
7922.178711	0.165125
7923.0	0.165064
7924.0	0.165004
7925.0	0.16493
7926.0	0.164871
7927.0	0.164797
7928.0	0.164723
7929.0	0.164664
7930.0	0.16459
7931.0	0.16453
7932.0	0.164456
7932.181152	0.164446
7933.0	0.164387
7934.0	0.164301
7935.0	0.16423
7936.0	0.164143
7937.0	0.164072
7938.0	0.163986
7939.0	0.163914
7940.0	0.163828
7941.0	0.163757
7942.0	0.163671
7942.184082	0.163658
7943.0	0.163616
7944.0	0.16355
7945.0	0.163498
7946.0	0.163432
7947.0	0.16338
7948.0	0.163314
7949.0	0.163263
7950.0	0.163196
7951.0	0.163145
7952.0	0.163079
7952.186523	0.163069
7953.0	0.163009
7954.0	0.162922
7955.0	0.162849
7956.0	0.162761
7957.0	0.162688
7958.0	0.1626
7959.0	0.162513
7960.0	0.16244
7961.0	0.162352
7962.0	0.162279
7962.189453	0.162262
7963.0	0.162217
7964.0	0.162175
7965.0	0.162118
7966.0	0.162076
7967.0	0.16202
7968.0	0.161978
7969.0	0.161921
7970.0	0.161879
7971.0	0.161823
7972.0	0.161781
7972.191895	0.16177
7973.0	0.161704
7974.0	0.161636
7975.0	0.161554
7976.0	0.161487
7977.0	0.161405
7978.0	0.161337
7979.0	0.161255
7980.0	0.161188
7981.0	0.161107
7982.0	0.161027
7982.194824	0.161014
7983.0	0.160946
7984.0	0.160848
7985.0	0.160765
7986.0	0.160667
7987.0	0.160583
7988.0	0.160485
7989.0	0.160402
7990.0	0.160304
7991.0	0.160223
7992.0	0.160128
7992.197754	0.160112
7993.0	0.160059
7994.0	0.159978
7995.0	0.159912
7996.0	0.159831
7997.0	0.159765
7998.0	0.159684
7999.0	0.159618
8000.0	0.159537
8001.0	0.159452
8002.0	0.159382
8002.200195	0.159365
8003.0	0.159314
8004.0	0.159264
8005.0	0.1592
8006.0	0.159151
8007.0	0.159087
8008.0	0.159037
8009.0	0.158973
8010.0	0.158924
8011.0	0.158862
8012.0	0.158814
8012.203125	0.158802
8013.0	0.158733
8014.0	0.158662
8015.0	0.158576
8016.0	0.158505
8017.0	0.158419
8018.0	0.158333
8019.0	0.158262
8020.0	0.158176
8021.0	0.158105
8022.0	0.158021
8022.205566	0.158006
8023.0	0.15797
8024.0	0.157911
8025.0	0.157866
8026.0	0.157806
8027.0	0.157761
8028.0	0.157701
8029.0	0.157656
8030.0	0.157597
8031.0	0.157553
8032.0	0.157496
8032.208496	0.157484
8033.0	0.157427
8034.0	0.157368
8035.0	0.157296
8036.0	0.157237
8037.0	0.157165
8038.0	0.157107
8039.0	0.157034
8040.0	0.156976
8041.0	0.156903
8042.0	0.156845
8042.210938	0.15683
8043.0	0.156756
8044.0	0.156675
8045.0	0.156581
8046.0	0.156501
8047.0	0.156406
8048.0	0.156312
8049.0	0.156232
8050.0	0.156138
8051.0	0.156058
8052.0	0.155963
8052.213867	0.155946
8053.0	0.155891
8054.0	0.155807
8055.0	0.155737
8056.0	0.155653
8057.0	0.155583
8058.0	0.155499
8059.0	0.155429
8060.0	0.155345
8061.0	0.15526
8062.0	0.15519
8062.216309	0.155172
8063.0	0.155118
8064.0	0.155062
8065.0	0.154993
8066.0	0.154937
8067.0	0.154868
8068.0	0.154812
8069.0	0.154742
8070.0	0.154687
8071.0	0.154617
8072.0	0.154562
8072.219238	0.154546
8073.0	0.154495
8074.0	0.154428
8075.0	0.154376
8076.0	0.154309
8077.0	0.154257
8078.0	0.154191
8079.0	0.154138
8080.0	0.154072
8081.0	0.154019
8082.0	0.153953
8082.22168	0.153941
8083.0	0.15389
8084.0	0.15381
8085.0	0.153731
8086.0	0.153665
8087.0	0.153585
8088.0	0.153519
8089.0	0.153439
8090.0	0.153373
8091.0	0.153294
8092.0	0.153228
8092.224609	0.15321
8093.0	0.153141
8094.0	0.153066
8095.0	0.152978
8096.0	0.152889
8097.0	0.152815
8098.0	0.152726
8099.0	0.152652
8100.0	0.152563
8101.0	0.152489
8102.0	0.1524
8102.227539	0.152383
8103.0	0.152334
8104.0	0.152257
8105.0	0.152193
8106.0	0.152116
8107.0	0.152038
8108.0	0.151975
8109.0	0.151897
8110.0	0.151834
8111.0	0.151756
8112.0	0.151693
8112.22998	0.151675
8113.0	0.151608
8114.0	0.151535
8115.0	0.151449
8116.0	0.151376
8117.0	0.15129
8118.0	0.151203
8119.0	0.151131
8120.0	0.151044
8121.0	0.150971
8122.0	0.150885
8122.23291	0.150868
8123.0	0.150804
8124.0	0.150707
8125.0	0.150624
8126.0	0.150527
8127.0	0.150431
8128.0	0.150347
8129.0	0.150251
8130.0	0.150168
8131.0	0.150071
8132.0	0.149988
8132.235352	0.149965
8133.0	0.149903
8134.0	0.149834
8135.0	0.149752
8136.0	0.149671
8137.0	0.149602
8138.0	0.14952
8139.0	0.149452
8140.0	0.14937
8141.0	0.149302
8142.0	0.14922
8142.238281	0.149204
8143.0	0.149128
8144.0	0.149016
8145.0	0.148903
8146.0	0.148804
8147.0	0.148691
8148.0	0.148592
8149.0	0.148479
8150.0	0.14838
8151.0	0.148268
8152.0	0.148169
8152.240723	0.148142
8153.0	0.148065
8154.0	0.147964
8155.0	0.147877
8156.0	0.147777
8157.0	0.147689
8158.0	0.147589
8159.0	0.147502
8160.0	0.147401
8161.0	0.147314
8162.0	0.147214
8162.243652	0.147189
8163.0	0.147113
8164.0	0.147026
8165.0	0.146925
8166.0	0.146838
8167.0	0.146738
8168.0	0.146651
8169.0	0.14655
8170.0	0.146463
8171.0	0.146363
8172.0	0.146262
8172.246094	0.146241
8173.0	0.146157
8174.0	0.146032
8175.0	0.14592
8176.0	0.145796
8177.0	0.145684
8178.0	0.145559
8179.0	0.145435
8180.0	0.145323
8181.0	0.145199
8182.0	0.145088
8182.249023	0.145057
8183.0	0.144971
8184.0	0.144869
8185.0	0.144755
8186.0	0.144654
8187.0	0.144539
8188.0	0.144425
8189.0	0.144324
8190.0	0.14421
8191.0	0.144109
8192.0	0.143994
8192.251953	0.143969
8193.0	0.143888
8194.0	0.143767
8195.0	0.143646
8196.0	0.143538
8197.0	0.143418
8198.0	0.14331
8199.0	0.143189
8200.0	0.143081
8201.0	0.142963
8202.0	0.142857
8202.253906	0.142827
8203.0	0.142735
8204.0	0.142613
8205.0	0.142503
8206.0	0.14238
8207.0	0.14227
8208.0	0.142148
8209.0	0.142038
8210.0	0.141916
8211.0	0.141793
8212.0	0.141684
8212.256836	0.141652
8213.0	0.141564
8214.0	0.141459
8215.0	0.14134
8216.0	0.141234
8217.0	0.141116
8218.0	0.140998
8219.0	0.140892
8220.0	0.140774
8221.0	0.140668
8222.0	0.14055
8222.259766	0.140523
8223.0	0.140448
8224.0	0.140335
8225.0	0.140222
8226.0	0.140122
8227.0	0.140009
8228.0	0.139908
8229.0	0.139795
8230.0	0.139695
8231.0	0.139591
8232.0	0.139486
8232.262695	0.139462
8233.0	0.139408
8234.0	0.139323
8235.0	0.13925
8236.0	0.139165
8237.0	0.139092
8238.0	0.139007
8239.0	0.138922
8240.0	0.138849
8241.0	0.138764
8242.0	0.138692
8242.264648	0.138669
8243.0	0.138599
8244.0	0.138518
8245.0	0.138423
8246.0	0.138328
8247.0	0.138247
8248.0	0.138152
8249.0	0.13807
8250.0	0.137976
8251.0	0.137894
8252.0	0.1378
8252.267578	0.137775
8253.0	0.137718
8254.0	0.137653
8255.0	0.137575
8256.0	0.13751
8257.0	0.137433
8258.0	0.137368
8259.0	0.13729
8260.0	0.137213
8261.0	0.137148
8262.0	0.13707
8262.270508	0.137053
8263.0	0.13701
8264.0	0.13694
8265.0	0.136869
8266.0	0.136811
8267.0	0.13674
8268.0	0.136682
8269.0	0.136611
8270.0	0.136553
8271.0	0.136483
8272.0	0.136412
8272.273438	0.136396
8273.0	0.136373
8274.0	0.136329
8275.0	0.136298
8276.0	0.136254
8277.0	0.136222
8278.0	0.136178
8279.0	0.136134
8280.0	0.136102
8281.0	0.136058
8282.0	0.136026
8282.276367	0.136014
8283.0	0.135976
8284.0	0.135924
8285.0	0.135884
8286.0	0.135831
8287.0	0.135791
8288.0	0.135739
8289.0	0.135699
8290.0	0.135646
8291.0	0.135594
8292.0	0.135553
8292.27832	0.135539
8293.0	0.135503
8294.0	0.135465
8295.0	0.135415
8296.0	0.135365
8297.0	0.135327
8298.0	0.135277
8299.0	0.135239
8300.0	0.135189
8301.0	0.135151
8302.0	0.135101
8302.28125	0.135087
8303.0	0.135069
8304.0	0.135056
8305.0	0.135031
8306.0	0.135018
8307.0	0.134993
8308.0	0.134967
8309.0	0.134954
8310.0	0.134929
8311.0	0.134916
8312.0	0.134891
8312.28418	0.134883
8313.0	0.134839
8314.0	0.13479
8315.0	0.134728
8316.0	0.134679
8317.0	0.134618
8318.0	0.134568
8319.0	0.134507
8320.0	0.134445
8321.0	0.134396
8322.0	0.134334
8322.287109	0.13432
8323.0	0.134283
8324.0	0.134218
8325.0	0.134154
8326.0	0.134102
8327.0	0.134038
8328.0	0.133986
8329.0	0.133921
8330.0	0.133857
8331.0	0.133805
8332.0	0.133741
8332.289062	0.133726
8333.0	0.133679
8334.0	0.1336
8335.0	0.133534
8336.0	0.133455
8337.0	0.133377
8338.0	0.13331
8339.0	0.133232
8340.0	0.133165
8341.0	0.133087
8342.0	0.133008
8342.291992	0.132989
8343.0	0.132917
8344.0	0.132804
8345.0	0.132703
8346.0	0.13259
8347.0	0.132477
8348.0	0.132376
8349.0	0.132263
8350.0	0.132162
8351.0	0.132049
8352.0	0.131936
8352.294922	0.131906
8353.0	0.13182
8354.0	0.131684
8355.0	0.131561
8356.0	0.131426
8357.0	0.131292
8358.0	0.131169
8359.0	0.131034
8360.0	0.130911
8361.0	0.130777
8362.0	0.130642
8362.297852	0.130606
8363.0	0.130509
8364.0	0.13036
8365.0	0.130222
8366.0	0.130073
8367.0	0.129924
8368.0	0.129786
8369.0	0.129637
8370.0	0.1295
8371.0	0.129351
8372.0	0.129203
8372.299805	0.129162
8373.0	0.129068
8374.0	0.128922
8375.0	0.128788
8376.0	0.128643
8377.0	0.128497
8378.0	0.128364
8379.0	0.128219
8380.0	0.128085
8381.0	0.12794
8382.0	0.127795
8382.302734	0.127755
8383.0	0.127655
8384.0	0.1275
8385.0	0.127356
8386.0	0.127201
8387.0	0.127046
8388.0	0.126903
8389.0	0.126749
8390.0	0.126606
8391.0	0.126451
8392.0	0.126297
8392.305664	0.126253
8393.0	0.126165
8394.0	0.126026
8395.0	0.125899
8396.0	0.125761
8397.0	0.125623
8398.0	0.125496
8399.0	0.125358
8400.0	0.125231
8401.0	0.125102
8402.0	0.124973
8402.308594	0.124937
8403.0	0.124875
8404.0	0.124774
8405.0	0.124684
8406.0	0.124584
8407.0	0.124483
8408.0	0.124393
8409.0	0.124293
8410.0	0.124203
8411.0	0.124103
8412.0	0.124002
8412.310547	0.123974
8413.0	0.123926
8414.0	0.123844
8415.0	0.123773
8416.0	0.123691
8417.0	0.123609
8418.0	0.123539
8419.0	0.123457
8420.0	0.123375
8421.0	0.123304
8422.0	0.123222
8422.313477	0.1232
8423.0	0.123144
8424.0	0.123052
8425.0	0.122959
8426.0	0.122878
8427.0	0.122785
8428.0	0.122704
8429.0	0.122612
8430.0	0.122519
8431.0	0.122449
8432.0	0.122368
8432.316406	0.122346
8433.0	0.122245
8434.0	0.122085
8435.0	0.121925
8436.0	0.121777
8437.0	0.121617
8438.0	0.121469
8439.0	0.121309
8440.0	0.12115
8441.0	0.121002
8442.0	0.120843
8442.319336	0.120792
8443.0	0.1205
8444.0	0.120083
8445.0	0.119656
8446.0	0.119239
8447.0	0.118812
8448.0	0.118385
8449.0	0.11797
8450.0	0.117543
8451.0	0.117128
8452.0	0.116702
8452.322266	0.116565
8453.0	0.115948
8454.0	0.11505
8455.0	0.114141
8456.0	0.113233
8457.0	0.112336
8458.0	0.111429
8459.0	0.110533
8460.0	0.109627
8461.0	0.108722
8462.0	0.107828
8462.324219	0.107535
8463.0	0.106564
8464.0	0.105138
8465.0	0.103703
8466.0	0.102269
8467.0	0.100845
8468.0	0.0994136
8469.0	0.097983
8470.0	0.0965623
8471.0	0.0951337
8472.0	0.0937149
8472.327148	0.0932481
8473.0	0.0920111
8474.0	0.0901737
8475.0	0.088346
8476.0	0.0865114
8477.0	0.084686
8478.0	0.0828541
8479.0	0.0810237
8480.0	0.079202
8481.0	0.0773744
8482.0	0.0755483
8482.330078	0.0749481
8483.0	0.0736596
8484.0	0.0717306
8485.0	0.0698096
8486.0	0.0678835
8487.0	0.0659589
8488.0	0.0640418
8489.0	0.0621201
8490.0	0.0602
8491.0	0.0582869
8492.0	0.0563698
8492.333008	0.0557335
8493.0	0.0545889
8494.0	0.0528688
8495.0	0.0511501
8496.0	0.0494373
8497.0	0.0477212
8498.0	0.0460065
8499.0	0.0442972
8500.0	0.0425851
8501.0	0.0408711
8502.0	0.0391552
8502.334961	0.0385809
8503.0	0.0377149
8504.0	0.0364175
8505.0	0.035118
8506.0	0.03382
8507.0	0.0325265
8508.0	0.0312313
8509.0	0.0299404
8510.0	0.0286481
8511.0	0.0273573
8512.0	0.0260705
8512.337891	0.0256351
8513.0	0.0250416
8514.0	0.0241461
8515.0	0.0232538
8516.0	0.0223603
8517.0	0.0214698
8518.0	0.0205782
8519.0	0.0196877
8520.0	0.0187999
8521.0	0.0179114
8522.0	0.0170239
8522.34082	0.0167222
8523.0	0.0163396
8524.0	0.0157584
8525.0	0.0151792
8526.0	0.0145992
8527.0	0.0140198
8528.0	0.0134424
8529.0	0.0128644
8530.0	0.012287
8531.0	0.0117114
8532.0	0.0111354
8532.34375	0.0109378
8533.0	0.0106831
8534.0	0.0102943
8535.0	0.00990595
8536.0	0.00951893
8537.0	0.00913144
8538.0	0.00874441
8539.0	0.00835861
8540.0	0.00797244
8541.0	0.00758744
8542.0	0.00720215
8542.34668	0.00706868
8543.0	0.00691154
8544.0	0.00667187
8545.0	0.00643185
8546.0	0.0061921
8547.0	0.00595318
8548.0	0.00571398
8549.0	0.00547505
8550.0	0.00523689
8551.0	0.00499851
8552.0	0.00476085
8552.348633	0.0046779
8553.0	0.00457909
8554.0	0.00442754
8555.0	0.00427656
8556.0	0.00412535
8557.0	0.00397433
8558.0	0.00382383
8559.0	0.00367315
8560.0	0.00352264
8561.0	0.00337263
8562.0	0.00322247
8562.351562	0.00316982
8563.0	0.00310447
8564.0	0.00300349
8565.0	0.00290263
8566.0	0.00280215
8567.0	0.00270153
8568.0	0.00260102
8569.0	0.00250086
8570.0	0.00240059
8571.0	0.00230043
8572.0	0.0022006
8572.354492	0.00216516
8573.0	0.00212032
8574.0	0.00205111
8575.0	0.00198178
8576.0	0.00191254
8577.0	0.00184355
8578.0	0.00177447
8579.0	0.00170547
8580.0	0.00163671
8581.0	0.00156787
8582.0	0.00149911
8582.357422	0.00147461
8583.0	0.00144618
8584.0	0.00140186
8585.0	0.00135771
8586.0	0.00131349
8587.0	0.00126932
8588.0	0.00122531
8589.0	0.00118124
8590.0	0.00113723
8591.0	0.00109337
8592.0	0.00104946
8592.359375	0.00103369
8593.0	0.0010145
8594.0	0.000984662
8595.0	0.000954764
8596.0	0.000924903
8597.0	0.000895162
8598.0	0.000865372
8599.0	0.000835695
8600.0	0.000805975
8601.0	0.000776291
8602.0	0.000746713
8602.362305	0.000735979
8603.0	0.000722591
8604.0	0.000701616
8605.0	0.000680731
8606.0	0.000659806
8607.0	0.000638907
8608.0	0.000618091
8609.0	0.000597241
8610.0	0.000576417
8611.0	0.000555671
8612.0	0.000534897
8612.365234	0.000527334
8613.0	0.000518303
8614.0	0.00050404
8615.0	0.000489796
8616.0	0.000475613
8617.0	0.000461403
8618.0	0.00044721
8619.0	0.000433075
8620.0	0.000418916
8621.0	0.000404775
8622.0	0.000390688
8622.368164	0.000385492
8623.0	0.000379259
8624.0	0.000369404
8625.0	0.000359596
8626.0	0.000349765
8627.0	0.000339946
8628.0	0.00033017
8629.0	0.000320375
8630.0	0.000310621
8631.0	0.000300911
8632.0	0.000291208
8632.370117	0.000287629
8633.0	0.000282705
8634.0	0.000274864
8635.0	0.000267031
8636.0	0.000259229
8637.0	0.000251408
8638.0	0.000243594
8639.0	0.00023581
8640.0	0.000228009
8641.0	0.000220215
8642.0	0.000212447
8642.373047	0.000209544
8643.0	0.000206284
8644.0	0.000201088
8645.0	0.000195914
8646.0	0.000190727
8647.0	0.000185544
8648.0	0.000180382
8649.0	0.000175208
8650.0	0.000170054
8651.0	0.000164889
8652.0	0.000159727
8652.375977	0.000157794
8653.0	0.000155421
8654.0	0.000151607
8655.0	0.000147796
8656.0	0.000144002
8657.0	0.000140198
8658.0	0.000136397
8659.0	0.000132612
8660.0	0.000128817
8661.0	0.000125026
8662.0	0.00012125
8662.378906	0.000119815
8663.0	0.00011782
8664.0	0.00011461
8665.0	0.000111413
8666.0	0.000108208
8667.0	0.000105006
8668.0	0.000101817
8669.0	9.86204e-05
8670.0	9.5427e-05
8671.0	9.22451e-05
8672.0	8.90572e-05
8672.381836	8.78407e-05
8673.0	8.63913e-05
8674.0	8.40562e-05
8675.0	8.17152e-05
8676.0	7.93837e-05
8677.0	7.70467e-05
8678.0	7.47118e-05
8679.0	7.23859e-05
8680.0	7.00552e-05
8681.0	6.77265e-05
8682.0	6.54062e-05
8682.383789	6.45138e-05
8683.0	6.39296e-05
8684.0	6.29823e-05
8685.0	6.20416e-05
8686.0	6.10959e-05
8687.0	6.0151e-05
8688.0	5.92125e-05
8689.0	5.82693e-05
8690.0	5.73269e-05
8691.0	5.63906e-05
8692.0	5.54498e-05
8692.386719	5.50862e-05
8693.0	5.42299e-05
8694.0	5.28396e-05
8695.0	5.14455e-05
8696.0	5.00528e-05
8697.0	4.86659e-05
8698.0	4.72756e-05
