8094.0	2.10968e-05
8095.0	2.16229e-05
8096.0	2.21483e-05
8097.0	2.26753e-05
8098.0	2.31997e-05
8099.0	2.37256e-05
8100.0	2.42488e-05
8101.0	2.47736e-05
8102.0	2.52957e-05
8102.227539	2.54149e-05
8103.0	2.59263e-05
8104.0	2.65854e-05
8105.0	2.72462e-05
8106.0	2.79038e-05
8107.0	2.85606e-05
8108.0	2.92194e-05
8109.0	2.98748e-05
8110.0	3.05323e-05
8111.0	3.11863e-05
8112.0	3.18424e-05
8112.22998	3.19926e-05
8113.0	3.26935e-05
8114.0	3.36059e-05
8115.0	3.45143e-05
8116.0	3.54249e-05
8117.0	3.63313e-05
8118.0	3.72367e-05
8119.0	3.81445e-05
8120.0	3.90479e-05
8121.0	3.99539e-05
8122.0	4.08553e-05
8122.23291	4.1066e-05
8123.0	4.21662e-05
8124.0	4.35952e-05
8125.0	4.50268e-05
8126.0	4.64527e-05
8127.0	4.78771e-05
8128.0	4.93042e-05
8129.0	5.07255e-05
8130.0	5.21498e-05
8131.0	5.35679e-05
8132.0	5.49894e-05
8132.235352	5.53225e-05
8133.0	5.65734e-05
8134.0	5.82129e-05
8135.0	5.98453e-05
8136.0	6.1476e-05
8137.0	6.31104e-05
8138.0	6.47375e-05
8139.0	6.63686e-05
8140.0	6.79921e-05
8141.0	6.962e-05
8142.0	7.12398e-05
8142.238281	7.16271e-05
8143.0	7.31223e-05
8144.0	7.50767e-05
8145.0	7.70289e-05
8146.0	7.89861e-05
8147.0	8.0934e-05
8148.0	8.28872e-05
8149.0	8.48307e-05
8150.0	8.678e-05
8151.0	8.87193e-05
8152.0	9.06645e-05
8152.240723	9.11305e-05
8153.0	9.31618e-05
8154.0	9.58343e-05
8155.0	9.85128e-05
8156.0	0.000101179
8157.0	0.000103852
8158.0	0.000106513
8159.0	0.000109181
8160.0	0.000111835
8161.0	0.000114498
8162.0	0.000117146
8162.243652	0.000117791
8163.0	0.000120147
8164.0	0.000123269
8165.0	0.000126377
8166.0	0.000129494
8167.0	0.000132595
8168.0	0.000135704
8169.0	0.000138798
8170.0	0.000141902
8171.0	0.000144989
8172.0	0.000148072
8172.246094	0.000148834
8173.0	0.000152321
8174.0	0.000156929
8175.0	0.000161545
8176.0	0.000166142
8177.0	0.000170749
8178.0	0.000175336
8179.0	0.000179918
8180.0	0.00018451
8181.0	0.000189082
8182.0	0.000193665
8182.249023	0.000194801
8183.0	0.000198724
8184.0	0.00020396
8185.0	0.000209172
8186.0	0.000214397
8187.0	0.000219598
8188.0	0.000224792
8189.0	0.000230001
8190.0	0.000235184
8191.0	0.000240382
8192.0	0.000245553
8192.251953	0.00024686
8193.0	0.000252023
8194.0	0.000258895
8195.0	0.000265759
8196.0	0.00027264
8197.0	0.000279488
8198.0	0.000286355
8199.0	0.000293188
8200.0	0.00030004
8201.0	0.000306862
8202.0	0.000313705
8202.253906	0.000315434
8203.0	0.000322138
8204.0	0.000331114
8205.0	0.000340111
8206.0	0.000349068
8207.0	0.000358047
8208.0	0.000366984
8209.0	0.000375944
8210.0	0.000384862
8211.0	0.000393768
8212.0	0.000402702
8212.256836	0.000404985
8213.0	0.00041377
8214.0	0.000425618
8215.0	0.000437414
8216.0	0.000449238
8217.0	0.000461009
8218.0	0.000472766
8219.0	0.000484553
8220.0	0.000496284
8221.0	0.000508048
8222.0	0.000519753
8222.259766	0.000522803
8223.0	0.000533774
8224.0	0.000548531
8225.0	0.000563272
8226.0	0.000578048
8227.0	0.000592756
8228.0	0.000607503
8229.0	0.000622178
8230.0	0.000636894
8231.0	0.000651575
8232.0	0.00066624
8232.262695	0.000670106
8233.0	0.00068325
8234.0	0.000701
8235.0	0.000718797
8236.0	0.000736512
8237.0	0.000754276
8238.0	0.000771956
8239.0	0.000789616
8240.0	0.000807332
8241.0	0.000824958
8242.0	0.000842642
8242.264648	0.000847299
8243.0	0.00086362
8244.0	0.000885877
8245.0	0.000908031
8246.0	0.000930162
8247.0	0.000952357
8248.0	0.000974444
8249.0	0.000996598
8250.0	0.00101864
8251.0	0.00104076
8252.0	0.00106275
8252.267578	0.00106864
8253.0	0.00108955
8254.0	0.00111819
8255.0	0.00114669
8256.0	0.00117527
8257.0	0.00120372
8258.0	0.00123225
8259.0	0.00126064
8260.0	0.001289
8261.0	0.00131745
8262.0	0.00134575
8262.270508	0.00135343
8263.0	0.00137929
8264.0	0.00141458
8265.0	0.00144983
8266.0	0.00148517
8267.0	0.00152035
8268.0	0.00155564
8269.0	0.00159074
8270.0	0.00162596
8271.0	0.001661
8272.0	0.001696
8272.273438	0.0017056
8273.0	0.00173723
8274.0	0.00178055
8275.0	0.001824
8276.0	0.00186724
8277.0	0.00191061
8278.0	0.00195376
8279.0	0.00199687
8280.0	0.00204011
8281.0	0.00208313
8282.0	0.0021263
8282.276367	0.00213817
8283.0	0.0021753
8284.0	0.00222656
8285.0	0.00227798
8286.0	0.00232914
8287.0	0.00238047
8288.0	0.00243152
8289.0	0.00248275
8290.0	0.0025337
8291.0	0.0025846
8292.0	0.00263568
8292.27832	0.00264982
8293.0	0.00269594
8294.0	0.00276004
8295.0	0.00282382
8296.0	0.00288753
8297.0	0.00295145
8298.0	0.00301503
8299.0	0.00307883
8300.0	0.00314228
8301.0	0.00320595
8302.0	0.00326928
8302.28125	0.00328707
8303.0	0.00334231
8304.0	0.0034194
8305.0	0.00349611
8306.0	0.00357305
8307.0	0.0036496
8308.0	0.00372606
8309.0	0.00380279
8310.0	0.0038791
8311.0	0.00395568
8312.0	0.00403183
8312.28418	0.00405345
8313.0	0.00411884
8314.0	0.00421049
8315.0	0.00430166
8316.0	0.00439313
8317.0	0.00448412
8318.0	0.00457542
8319.0	0.00466621
8320.0	0.00475691
8321.0	0.00484795
8322.0	0.00493845
8322.287109	0.00496455
8323.0	0.0050419
8324.0	0.00514984
8325.0	0.00525767
8326.0	0.00536587
8327.0	0.00547347
8328.0	0.00558146
8329.0	0.00568884
8330.0	0.00579609
8331.0	0.00590378
8332.0	0.00601081
8332.289062	0.00604189
8333.0	0.00613287
8334.0	0.00626018
8335.0	0.00638793
8336.0	0.00651497
8337.0	0.00664187
8338.0	0.00676926
8339.0	0.00689589
8340.0	0.00702303
8341.0	0.0071494
8342.0	0.00727563
8342.291992	0.00731265
8343.0	0.00741625
8344.0	0.00756176
8345.0	0.00770782
8346.0	0.00785302
8347.0	0.00799807
8348.0	0.0081437
8349.0	0.00828844
8350.0	0.00843379
8351.0	0.00857823
8352.0	0.0087225
8352.294922	0.00876525
8353.0	0.00888461
8354.0	0.00905293
8355.0	0.0092219
8356.0	0.00938986
8357.0	0.00955764
8358.0	0.00972612
8359.0	0.00989353
8360.0	0.0100617
8361.0	0.0102288
8362.0	0.0103956
8362.297852	0.0104456
8363.0	0.0105783
8364.0	0.0107663
8365.0	0.010955
8366.0	0.0111425
8367.0	0.0113299
8368.0	0.011518
8369.0	0.011705
8370.0	0.0118928
8371.0	0.0120793
8372.0	0.0122656
8372.299805	0.0123218
8373.0	0.012467
8374.0	0.0126731
8375.0	0.0128801
8376.0	0.0130857
8377.0	0.0132912
8378.0	0.0134976
8379.0	0.0137025
8380.0	0.0139086
8381.0	0.0141131
8382.0	0.0143174
8382.302734	0.0143796
8383.0	0.0145384
8384.0	0.0147647
8385.0	0.014992
8386.0	0.0152178
8387.0	0.0154433
8388.0	0.01567
8389.0	0.015895
8390.0	0.0161213
8391.0	0.0163458
8392.0	0.01657
8392.305664	0.016639
8393.0	0.0168163
8394.0	0.0170699
8395.0	0.0173247
8396.0	0.0175777
8397.0	0.0178305
8398.0	0.0180846
8399.0	0.0183367
8400.0	0.0185903
8401.0	0.0188433
8402.0	0.019096
8402.308594	0.0191745
8403.0	0.019366
8404.0	0.019641
8405.0	0.0199175
8406.0	0.020192
8407.0	0.0204662
8408.0	0.020742
8409.0	0.0210157
8410.0	0.0212911
8411.0	0.0215642
8412.0	0.0218371
8412.310547	0.0219224
8413.0	0.0221284
8414.0	0.0224249
8415.0	0.0227232
8416.0	0.0230191
8417.0	0.0233147
8418.0	0.0236122
8419.0	0.0239073
8420.0	0.024202
8421.0	0.0244987
8422.0	0.0247929
8422.313477	0.0248858
8423.0	0.0251036
8424.0	0.0254182
8425.0	0.0257325
8426.0	0.0260489
8427.0	0.0263625
8428.0	0.0266784
8429.0	0.0269915
8430.0	0.0273042
8431.0	0.0276218
8432.0	0.0279365
8432.316406	0.0280369
8433.0	0.0282817
8434.0	0.028637
8435.0	0.0289921
8436.0	0.0293495
8437.0	0.029704
8438.0	0.0300609
8439.0	0.0304148
8440.0	0.0307685
8441.0	0.0311247
8442.0	0.0314777
8442.319336	0.0315904
8443.0	0.0318262
8444.0	0.0321753
8445.0	0.0325213
8446.0	0.0328699
8447.0	0.0332153
8448.0	0.0335603
8449.0	0.0339083
8450.0	0.0342528
8451.0	0.0346002
8452.0	0.0349442
8452.322266	0.035055
8453.0	0.035295
8454.0	0.0356521
8455.0	0.0360057
8456.0	0.036359
8457.0	0.0367153
8458.0	0.037068
8459.0	0.0374239
8460.0	0.037776
8461.0	0.0381279
8462.0	0.038483
8462.324219	0.0385969
8463.0	0.0388394
8464.0	0.0392015
8465.0	0.0395598
8466.0	0.0399178
8467.0	0.0402792
8468.0	0.0406366
8469.0	0.0409936
8470.0	0.0413542
8471.0	0.0417108
8472.0	0.0420709
8472.327148	0.0421873
8473.0	0.042433
8474.0	0.0427979
8475.0	0.0431665
8476.0	0.0435308
8477.0	0.0438988
8478.0	0.0442625
8479.0	0.0446259
8480.0	0.0449931
8481.0	0.045356
8482.0	0.0457185
8482.330078	0.0458395
8483.0	0.0460892
8484.0	0.0464574
8485.0	0.0468296
8486.0	0.0471971
8487.0	0.0475644
8488.0	0.0479358
8489.0	0.0483024
8490.0	0.0486687
8491.0	0.0490394
8492.0	0.0494053
8492.333008	0.0495285
8493.0	0.0497724
8494.0	0.0501331
8495.0	0.0504935
8496.0	0.0508584
8497.0	0.0512182
8498.0	0.0515777
8499.0	0.0519417
8500.0	0.0523006
8501.0	0.0526551
8502.0	0.0530043
8502.334961	0.0531211
8503.0	0.0533541
8504.0	0.053709
8505.0	0.0540586
8506.0	0.0544077
8507.0	0.0547614
8508.0	0.0551096
8509.0	0.0554625
8510.0	0.0558098
8511.0	0.0561569
8512.0	0.0565087
8512.337891	0.0566257
8513.0	0.0568463
8514.0	0.0571792
8515.0	0.057517
8516.0	0.057849
8517.0	0.058186
8518.0	0.0585172
8519.0	0.058848
8520.0	0.0591838
8521.0	0.0595138
8522.0	0.0598433
8522.34082	0.0599575
8523.0	0.0601788
8524.0	0.0605086
8525.0	0.0608436
8526.0	0.0611726
8527.0	0.0615011
8528.0	0.061835
8529.0	0.0621627
8530.0	0.0624899
8531.0	0.0628226
8532.0	0.063149
8532.34375	0.0632631
8533.0	0.0634719
8534.0	0.0637838
8535.0	0.0640952
8536.0	0.0644123
8537.0	0.0647229
8538.0	0.0650332
8539.0	0.0653491
8540.0	0.0656585
8541.0	0.0659736
8542.0	0.0662822
8542.34668	0.0663891
8543.0	0.0665908
8544.0	0.0669055
8545.0	0.0672136
8546.0	0.0675212
8547.0	0.0678347
8548.0	0.0681415
8549.0	0.0684479
8550.0	0.0687603
8551.0	0.0690658
8552.0	0.0693774
8552.348633	0.0694837
8553.0	0.069667
8554.0	0.0699482
8555.0	0.0702355
8556.0	0.0705158
8557.0	0.0707958
8558.0	0.071082
8559.0	0.0713612
8560.0	0.07164
8561.0	0.0719251
8562.0	0.0722031
8562.351562	0.0723031
8563.0	0.0724863
8564.0	0.0727619
8565.0	0.073037
8566.0	0.0733185
8567.0	0.0735929
8568.0	0.0738669
8569.0	0.0741473
8570.0	0.0744205
8571.0	0.0746933
8572.0	0.0749726
8572.354492	0.0750691
8573.0	0.0752322
8574.0	0.0754917
8575.0	0.0757438
8576.0	0.0759955
8577.0	0.0762539
8578.0	0.0765048
8579.0	0.0767554
8580.0	0.0770128
8581.0	0.0772626
8582.0	0.0775121
8582.357422	0.0776037
8583.0	0.0777566
8584.0	0.0779871
8585.0	0.0782245
8586.0	0.0784542
8587.0	0.0786836
8588.0	0.07892
8589.0	0.0791487
8590.0	0.0793771
8591.0	0.0796125
8592.0	0.0798401
8592.359375	0.0799219
8593.0	0.0800669
8594.0	0.0803006
8595.0	0.0805265
8596.0	0.080752
8597.0	0.0809847
8598.0	0.0812095
8599.0	0.0814415
8600.0	0.0816656
8601.0	0.0818893
8602.0	0.0821204
8602.362305	0.0822012
8603.0	0.0823293
8604.0	0.0825299
8605.0	0.0827379
8606.0	0.0829379
8607.0	0.0831375
8608.0	0.0833446
8609.0	0.0835436
8610.0	0.0837422
8611.0	0.0839484
8612.0	0.0841464
8612.365234	0.0842215
8613.0	0.0843507
8614.0	0.0845461
8615.0	0.0847412
8616.0	0.084944
8617.0	0.0851384
8618.0	0.0853326
8619.0	0.0855344
8620.0	0.0857279
8621.0	0.085921
8622.0	0.0861219
8622.368164	0.0861928
8623.0	0.0863093
8624.0	0.0864934
8625.0	0.0866853
8626.0	0.0868688
8627.0	0.087052
8628.0	0.0872429
8629.0	0.0874255
8630.0	0.0876159
8631.0	0.0878155
8632.0	0.0880149
8632.370117	0.0880917
8633.0	0.0882033
8634.0	0.0883721
8635.0	0.0885407
8636.0	0.0887173
8637.0	0.0888855
8638.0	0.0890534
8639.0	0.0892294
8640.0	0.0893969
8641.0	0.0895642
8642.0	0.0897396
8642.373047	0.0898018
8643.0	0.0899173
8644.0	0.0901013
8645.0	0.0902935
8646.0	0.090477
8647.0	0.0906603
8648.0	0.0908518
8649.0	0.0910346
8650.0	0.0912257
8651.0	0.091408
8652.0	0.0915901
8652.375977	0.0916617
8653.0	0.0917578
8654.0	0.091903
8655.0	0.0920481
8656.0	0.0922015
8657.0	0.0923461
8658.0	0.0924905
8659.0	0.0926433
8660.0	0.0927873
8661.0	0.0929311
8662.0	0.0930834
8662.378906	0.0931377
8663.0	0.0932302
8664.0	0.093379
8665.0	0.0935363
8666.0	0.0936846
8667.0	0.0938327
8668.0	0.0939894
8669.0	0.094137
8670.0	0.0942845
8671.0	0.0944406
8672.0	0.0945876
8672.381836	0.0946437
8673.0	0.0947244
8674.0	0.0948636
8675.0	0.0949938
8676.0	0.0951326
8677.0	0.0952624
8678.0	0.095392
8679.0	0.0955303
8680.0	0.0956594
8681.0	0.0957884
8682.0	0.0959261
8682.383789	0.0959754
8683.0	0.0960387
8684.0	0.0961412
8685.0	0.0962526
8686.0	0.0963547
8687.0	0.0964567
8688.0	0.0965675
8689.0	0.0966691
8690.0	0.0967705
8691.0	0.0968808
8692.0	0.0969819
8692.386719	0.0970209
8693.0	0.0970854
8694.0	0.0971996
8695.0	0.0973044
8696.0	0.0974091
8697.0	0.0975227
8698.0	0.0976269
8699.0	0.097731
8700.0	0.0978441
8701.0	0.0979478
8702.0	0.0980513
8702.389648	0.0980951
8703.0	0.098155
8704.0	0.0982437
8705.0	0.0983323
8706.0	0.0984299
8707.0	0.0985181
8708.0	0.0986061
8709.0	0.0987032
8710.0	0.0987908
8711.0	0.0988784
8712.0	0.098975
8712.392578	0.0990092
8713.0	0.0990729
8714.0	0.0991776
8715.0	0.0992914
8716.0	0.0993958
8717.0	0.0994999
8718.0	0.0996131
8719.0	0.0997169
8720.0	0.0998204
8721.0	0.0999331
8722.0	0.100036
8722.394531	0.100077
8723.0	0.100119
8724.0	0.100199
8725.0	0.100269
8726.0	0.100339
8727.0	0.100417
8728.0	0.100487
8729.0	0.100556
8730.0	0.100635
8731.0	0.100704
8732.0	0.100772
8732.397461	0.100803
8733.0	0.100839
8734.0	0.10089
8735.0	0.10094
8736.0	0.100999
8737.0	0.101049
8738.0	0.101099
8739.0	0.101158
8740.0	0.101208
8741.0	0.101257
8742.0	0.101316
8742.400391	0.101335
8743.0	0.10137
8744.0	0.101428
8745.0	0.101496
8746.0	0.101554
8747.0	0.101612
8748.0	0.101679
8749.0	0.101736
8750.0	0.101793
8751.0	0.10186
8752.0	0.101917
8752.40332	0.10194
8753.0	0.101973
8754.0	0.102038
8755.0	0.102094
8756.0	0.102149
8757.0	0.102214
8758.0	0.102269
8759.0	0.102324
8760.0	0.102388
8761.0	0.102443
8762.0	0.102497
8762.405273	0.102523
8763.0	0.102554
8764.0	0.102597
8765.0	0.102639
8766.0	0.102691
8767.0	0.102734
8768.0	0.102776
8769.0	0.102827
8770.0	0.102869
8771.0	0.102911
8772.0	0.102962
8772.408203	0.102979
8773.0	0.102994
8774.0	0.10302
8775.0	0.103046
8776.0	0.103081
8777.0	0.103106
8778.0	0.103132
8779.0	0.103166
8780.0	0.103191
8781.0	0.103216
8782.0	0.103251
8782.411133	0.103261
8783.0	0.10327
8784.0	0.103286
8785.0	0.103312
8786.0	0.103328
8787.0	0.103344
8788.0	0.103369
8789.0	0.103384
8790.0	0.103399
8791.0	0.103424
8792.0	0.103439
8792.414062	0.103446
8793.0	0.103445
8794.0	0.103453
8795.0	0.103452
8796.0	0.10345
8797.0	0.103458
8798.0	0.103456
8799.0	0.103455
8800.0	0.103462
8801.0	0.103447
8802.0	0.103431
8802.416016	0.103424
8803.0	0.103439
8804.0	0.103472
8805.0	0.103496
8806.0	0.10352
8807.0	0.103553
8808.0	0.103576
8809.0	0.103599
8810.0	0.103632
8811.0	0.103655
8812.0	0.103677
8812.418945	0.103691
8813.0	0.103703
8814.0	0.103714
8815.0	0.103725
8816.0	0.103746
8817.0	0.103756
8818.0	0.103766
8819.0	0.103786
8820.0	0.103797
8821.0	0.103807
8822.0	0.103816
8822.421875	0.103825
8823.0	0.103822
8824.0	0.103808
8825.0	0.103793
8826.0	0.103788
8827.0	0.103774
8828.0	0.103759
8829.0	0.103754
8830.0	0.103739
8831.0	0.10374
8832.0	0.103752
8832.424805	0.103753
8833.0	0.103743
8834.0	0.103726
8835.0	0.103719
8836.0	0.103702
8837.0	0.103685
8838.0	0.103678
8839.0	0.10366
8840.0	0.103643
8841.0	0.103625
8842.0	0.103617
8842.427734	0.10361
8843.0	0.103597
8844.0	0.103573
8845.0	0.10356
8846.0	0.103536
8847.0	0.103513
8848.0	0.103499
8849.0	0.103475
8850.0	0.103451
8851.0	0.103437
8852.0	0.103413
8852.429688	0.103402
8853.0	0.103412
8854.0	0.10343
8855.0	0.103456
8856.0	0.103473
8857.0	0.10349
8858.0	0.103517
8859.0	0.103533
8860.0	0.103549
8861.0	0.103575
8862.0	0.103592
8862.432617	0.103598
8863.0	0.10359
8864.0	0.103585
8865.0	0.10357
8866.0	0.103555
8867.0	0.10354
8868.0	0.103535
8869.0	0.103519
8870.0	0.103504
8871.0	0.103498
8872.0	0.103482
8872.435547	0.103475
8873.0	0.103465
8874.0	0.103456
8875.0	0.103437
8876.0	0.103418
8877.0	0.103409
8878.0	0.10339
8879.0	0.103371
8880.0	0.103352
8881.0	0.103342
8882.0	0.103323
8882.438477	0.103314
8883.0	0.103307
8884.0	0.103302
8885.0	0.103288
8886.0	0.103274
8887.0	0.103269
8888.0	0.103255
8889.0	0.10324
8890.0	0.103225
8891.0	0.10322
8892.0	0.103205
8892.44043	0.103199
8893.0	0.103178
8894.0	0.103152
8895.0	0.103116
8896.0	0.103079
8897.0	0.103052
8898.0	0.103016
8899.0	0.102979
8900.0	0.102942
8901.0	0.102915
8902.0	0.102878
8902.443359	0.102862
8903.0	0.102857
8904.0	0.102858
8905.0	0.102848
8906.0	0.102839
8907.0	0.10284
8908.0	0.10283
8909.0	0.10282
8910.0	0.102811
8911.0	0.102811
8912.0	0.102801
8912.446289	0.102796
8913.0	0.102799
8914.0	0.102815
8915.0	0.102821
8916.0	0.102826
8917.0	0.102842
8918.0	0.102847
8919.0	0.102852
8920.0	0.102857
8921.0	0.102872
8922.0	0.102876
8922.449219	0.102878
8923.0	0.102829
8924.0	0.102748
8925.0	0.102658
8926.0	0.102567
8927.0	0.102477
8928.0	0.102396
8929.0	0.102306
8930.0	0.102215
8931.0	0.102135
8932.0	0.102044
8932.452148	0.102003
8933.0	0.101977
8934.0	0.101939
8935.0	0.101891
8936.0	0.101844
8937.0	0.101796
8938.0	0.101757
8939.0	0.101709
8940.0	0.101661
8941.0	0.101623
8942.0	0.101574
8942.454102	0.101552
8943.0	0.101519
8944.0	0.101457
8945.0	0.101405
8946.0	0.101344
8947.0	0.101282
8948.0	0.10123
8949.0	0.101168
8950.0	0.101106
8951.0	0.101044
8952.0	0.100992
8952.457031	0.100963
8953.0	0.100965
8954.0	0.100968
8955.0	0.100981
8956.0	0.100983
8957.0	0.100986
8958.0	0.100998
8959.0	0.101
8960.0	0.101002
8961.0	0.101004
8962.0	0.101016
8962.459961	0.101016
8963.0	0.100977
8964.0	0.100904
8965.0	0.10084
8966.0	0.100767
8967.0	0.100694
8968.0	0.100621
8969.0	0.100557
8970.0	0.100483
8971.0	0.10041
8972.0	0.100346
8972.462891	0.100312
8973.0	0.100305
8974.0	0.10029
8975.0	0.100276
8976.0	0.100271
8977.0	0.100256
8978.0	0.100241
8979.0	0.100236
8980.0	0.100221
8981.0	0.100205
8982.0	0.10019
8982.464844	0.100187
8983.0	0.100155
8984.0	0.100085
8985.0	0.100015
8986.0	0.099955
8987.0	0.099885
8988.0	0.0998149
8989.0	0.0997447
8990.0	0.099684
8991.0	0.0996138
8992.0	0.0995435
8992.467773	0.0995105
8993.0	0.0994853
8994.0	0.0994474
8995.0	0.0993999
8996.0	0.0993523
8997.0	0.0993141
8998.0	0.0992663
8999.0	0.0992184
9000.0	0.0991704
9001.0	0.0991333
9002.0	0.0990867
9002.470703	0.0990648
9003.0	0.0990299
9004.0	0.0989734
9005.0	0.0989073
9006.0	0.0988413
9007.0	0.0987752
9008.0	0.0987185
9009.0	0.0986523
9010.0	0.0985861
9011.0	0.0985294
9012.0	0.0984633
9012.473633	0.098432
9013.0	0.0984217
9014.0	0.0984019
9015.0	0.0983915
9016.0	0.0983716
9017.0	0.0983516
9018.0	0.0983315
9019.0	0.0983206
9020.0	0.0983003
9021.0	0.09828
9022.0	0.098269
9022.476562	0.0982592
9023.0	0.0982413
9024.0	0.0982069
9025.0	0.0981724
9026.0	0.0981473
9027.0	0.0981127
9028.0	0.098078
9029.0	0.0980525
9030.0	0.0980177
9031.0	0.097989
9032.0	0.0979602
9032.478516	0.0979509
9033.0	0.0979147
9034.0	0.0978358
9035.0	0.097757
9036.0	0.0976781
9037.0	0.0976086
9038.0	0.0975296
9039.0	0.0974507
9040.0	0.097381
9041.0	0.0973022
9042.0	0.0972233
9042.481445	0.0971853
9043.0	0.0971504
9044.0	0.0970924
9045.0	0.0970251
9046.0	0.0969577
9047.0	0.0968903
9048.0	0.0968321
9049.0	0.0967646
9050.0	0.096697
9051.0	0.0966388
9052.0	0.0965713
9052.484375	0.0965386
9053.0	0.0965127
9054.0	0.0964625
9055.0	0.0964215
9056.0	0.0963712
9057.0	0.0963208
9058.0	0.0962703
9059.0	0.096229
9060.0	0.0961784
9061.0	0.0961279
9062.0	0.0960773
9062.487305	0.0960571
9063.0	0.0960355
9064.0	0.0959841
9065.0	0.0959326
9066.0	0.0958902
9067.0	0.0958386
9068.0	0.0957869
9069.0	0.0957351
9070.0	0.0956925
9071.0	0.0956408
9072.0	0.0955889
9072.489258	0.0955636
9073.0	0.0955338
9074.0	0.0954846
9075.0	0.0954261
9076.0	0.0953676
9077.0	0.095309
9078.0	0.0952596
9079.0	0.0952009
9080.0	0.0951422
9081.0	0.0950926
9082.0	0.0950339
9082.492188	0.095005
9083.0	0.0949816
9084.0	0.0949355
9085.0	0.0948984
9086.0	0.0948521
9087.0	0.0948058
9088.0	0.0947594
9089.0	0.094722
9090.0	0.0946754
9091.0	0.0946289
9092.0	0.0945824
9092.495117	0.0945638
9093.0	0.094543
9094.0	0.0944928
9095.0	0.0944425
9096.0	0.0944012
9097.0	0.0943508
9098.0	0.0943002
9099.0	0.0942496
9100.0	0.094208
9101.0	0.0941574
9102.0	0.0941067
9102.498047	0.0940814
9103.0	0.0940476
9104.0	0.0939891
9105.0	0.0939216
9106.0	0.093854
9107.0	0.0937864
9108.0	0.0937278
9109.0	0.09366
9110.0	0.0935923
9111.0	0.0935246
9112.0	0.0934659
9112.5	0.093432
9113.0	0.0934029
9114.0	0.0933447
9115.0	0.0932865
9116.0	0.0932371
9117.0	0.0931787
9118.0	0.0931202
9119.0	0.0930617
9120.0	0.0930121
9121.0	0.0929536
9122.0	0.092895
9122.50293	0.09287
9123.0	0.0928425
9124.0	0.0927782
9125.0	0.0927139
9126.0	0.0926495
9127.0	0.0925941
9128.0	0.0925296
9129.0	0.092465
9130.0	0.0924004
9131.0	0.0923448
9132.0	0.0922802
9132.505859	0.0922476
9133.0	0.0922129
9134.0	0.0921427
9135.0	0.0920813
9136.0	0.092011
9137.0	0.0919406
9138.0	0.0918702
9139.0	0.0918087
9140.0	0.0917382
9141.0	0.0916677
9142.0	0.0915973
9142.508789	0.0915659
9143.0	0.0915436
9144.0	0.0914895
9145.0	0.0914352
9146.0	0.0913809
9147.0	0.0913353
9148.0	0.0912808
9149.0	0.0912262
9150.0	0.0911716
9151.0	0.0911258
9152.0	0.0910712
9152.510742	0.0910432
9153.0	0.0910073
9154.0	0.0909337
9155.0	0.090869
9156.0	0.0907954
9157.0	0.0907217
9158.0	0.090648
9159.0	0.090583
9160.0	0.0905092
9161.0	0.0904355
9162.0	0.0903617
9162.513672	0.0903283
9163.0	0.0903072
9164.0	0.090255
9165.0	0.0902027
9166.0	0.0901503
9167.0	0.0901065
9168.0	0.090054
9169.0	0.0900014
9170.0	0.0899487
9171.0	0.0899047
9172.0	0.089852
9172.516602	0.0898247
9173.0	0.0897898
9174.0	0.0897174
9175.0	0.0896538
9176.0	0.0895813
9177.0	0.0895089
9178.0	0.0894364
9179.0	0.0893725
9180.0	0.0892999
9181.0	0.0892273
9182.0	0.0891547
9182.519531	0.0891214
9183.0	0.0890945
9184.0	0.0890297
9185.0	0.0889648
9186.0	0.0888999
9187.0	0.0888436
9188.0	0.0887786
9189.0	0.0887135
9190.0	0.0886483
9191.0	0.0885918
9192.0	0.0885266
9192.522461	0.0884925
9193.0	0.088458
9194.0	0.0883856
9195.0	0.0883217
9196.0	0.0882492
9197.0	0.0881766
9198.0	0.088104
9199.0	0.0880314
9200.0	0.0879672
9201.0	0.0878889
9202.0	0.0878105
9202.524414	0.0877693
9203.0	0.0877371
9204.0	0.0876777
9205.0	0.0876098
9206.0	0.0875419
9207.0	0.0874738
9208.0	0.0874142
9209.0	0.0873461
9210.0	0.0872779
9211.0	0.0872097
9212.0	0.0871499
9212.527344	0.0871139
9213.0	0.0870889
9214.0	0.0870358
9215.0	0.0869826
9216.0	0.0869378
9217.0	0.0868845
9218.0	0.0868311
9219.0	0.0867776
9220.0	0.0867324
9221.0	0.0866788
9222.0	0.0866252
9222.530273	0.0865967
9223.0	0.0865559
9224.0	0.086469
9225.0	0.0863905
9226.0	0.0863036
9227.0	0.0862167
9228.0	0.0861298
9229.0	0.0860511
9230.0	0.0859641
9231.0	0.0858809
9232.0	0.0857976
9232.533203	0.0857576
9233.0	0.0857292
9234.0	0.08566
9235.0	0.0855907
9236.0	0.0855213
9237.0	0.0854602
9238.0	0.0853908
9239.0	0.0853212
9240.0	0.0852516
9241.0	0.0851821
9242.0	0.0851207
9242.535156	0.0850834
9243.0	0.0850442
9244.0	0.0849597
9245.0	0.0848753
9246.0	0.084799
9247.0	0.0847145
9248.0	0.0846299
9249.0	0.0845453
9250.0	0.0844689
9251.0	0.0843843
9252.0	0.0842996
9252.538086	0.0842541
9253.0	0.0842256
9254.0	0.0841721
9255.0	0.0841103
9256.0	0.0840485
9257.0	0.0839866
9258.0	0.0839246
9259.0	0.0838707
9260.0	0.0838085
9261.0	0.0837463
9262.0	0.0836841
9262.541016	0.0836548
9263.0	0.083624
9264.0	0.0835487
9265.0	0.0834733
9266.0	0.083398
9267.0	0.0833306
9268.0	0.0832551
9269.0	0.0831796
9270.0	0.083104
9271.0	0.0830284
9272.0	0.0829608
9272.543945	0.0829196
9273.0	0.0828852
9274.0	0.0828098
9275.0	0.0827343
9276.0	0.0826668
9277.0	0.0825912
9278.0	0.0825155
9279.0	0.0824398
9280.0	0.082364
9281.0	0.0822963
9282.0	0.0822205
9282.546875	0.082179
9283.0	0.0821449
9284.0	0.0820696
9285.0	0.0820022
9286.0	0.0819267
9287.0	0.0818512
9288.0	0.0817757
9289.0	0.081708
9290.0	0.0816324
9291.0	0.0815567
9292.0	0.081481
9292.548828	0.0814394
9293.0	0.081404
9294.0	0.0813335
9295.0	0.0812549
9296.0	0.0811763
9297.0	0.0810976
9298.0	0.0810268
9299.0	0.0809481
9300.0	0.0808693
9301.0	0.0807905
9302.0	0.0807116
9302.551758	0.0806724
9303.0	0.0806446
9304.0	0.0805746
9305.0	0.0805045
9306.0	0.0804344
9307.0	0.0803721
9308.0	0.0803018
9309.0	0.0802315
9310.0	0.0801611
9311.0	0.0800907
9312.0	0.080028
9312.554688	0.0799889
9313.0	0.0799537
9314.0	0.0798746
9315.0	0.0797955
9316.0	0.0797241
9317.0	0.0796449
9318.0	0.0795656
9319.0	0.0794863
9320.0	0.0794069
9321.0	0.0793353
9322.0	0.0792558
9322.557617	0.0792115
9323.0	0.0791772
9324.0	0.0790996
9325.0	0.0790219
9326.0	0.078952
9327.0	0.0788742
9328.0	0.0787964
9329.0	0.0787186
9330.0	0.0786483
9331.0	0.0785704
9332.0	0.0784924
9332.55957	0.0784488
9333.0	0.0784147
9334.0	0.0783373
9335.0	0.0782676
9336.0	0.0781901
9337.0	0.0781125
9338.0	0.0780349
9339.0	0.0779649
9340.0	0.0778872
9341.0	0.0778095
9342.0	0.0777317
9342.5625	0.0776879
9343.0	0.0776516
9344.0	0.077576
9345.0	0.0774929
9346.0	0.0774096
9347.0	0.0773264
9348.0	0.0772431
9349.0	0.0771673
9350.0	0.0770839
9351.0	0.0770005
9352.0	0.076917
9352.56543	0.0768741
9353.0	0.0768435
9354.0	0.0767656
9355.0	0.0766876
9356.0	0.0766095
9357.0	0.0765314
9358.0	0.0764608
9359.0	0.0763826
9360.0	0.0763043
9361.0	0.076226
9362.0	0.0761476
9362.568359	0.0761073
9363.0	0.0760825
9364.0	0.0760174
9365.0	0.0759523
9366.0	0.075887
9367.0	0.0758217
9368.0	0.0757637
9369.0	0.0756983
9370.0	0.0756327
9371.0	0.075567
9372.0	0.0755087
9372.570312	0.0754711
9373.0	0.0754337
9374.0	0.0753465
9375.0	0.0752593
9376.0	0.0751721
9377.0	0.0750922
9378.0	0.0750049
9379.0	0.0749175
9380.0	0.0748301
9381.0	0.0747427
9382.0	0.0746626
9382.573242	0.0746125
9383.0	0.0745775
9384.0	0.0744955
9385.0	0.0744134
9386.0	0.0743313
9387.0	0.0742564
9388.0	0.0741742
9389.0	0.0740919
9390.0	0.0740096
9391.0	0.0739272
9392.0	0.0738521
9392.576172	0.0738046
9393.0	0.0737699
9394.0	0.0736879
9395.0	0.0736059
9396.0	0.0735239
9397.0	0.073449
9398.0	0.0733668
9399.0	0.0732846
9400.0	0.0732023
9401.0	0.0731195
9402.0	0.0730295
9402.579102	0.0729774
9403.0	0.0729422
9404.0	0.0728585
9405.0	0.0727747
9406.0	0.0726981
9407.0	0.0726143
9408.0	0.0725304
9409.0	0.0724464
9410.0	0.0723624
9411.0	0.0722855
9412.0	0.0722014
9412.582031	0.0721524
9413.0	0.0721122
9414.0	0.0720161
9415.0	0.0719199
9416.0	0.0718307
9417.0	0.0717345
9418.0	0.0716382
9419.0	0.0715419
9420.0	0.0714457
9421.0	0.0713564
9422.0	0.0712601
9422.583984	0.0712038
9423.0	0.0711657
9424.0	0.0710739
9425.0	0.0709822
9426.0	0.0708974
9427.0	0.0708056
9428.0	0.0707137
9429.0	0.0706218
9430.0	0.0705299
9431.0	0.0704496
9432.0	0.0703622
9432.586914	0.0703109
9433.0	0.0702759
9434.0	0.0701912
9435.0	0.0701064
9436.0	0.0700285
9437.0	0.0699436
9438.0	0.0698587
9439.0	0.0697737
9440.0	0.0696887
9441.0	0.0696036
9442.0	0.0695254
9442.589844	0.0694751
9443.0	0.0694408
9444.0	0.0693571
9445.0	0.0692733
9446.0	0.0691894
9447.0	0.0691124
9448.0	0.0690284
9449.0	0.0689444
9450.0	0.0688603
9451.0	0.0687762
9452.0	0.0686988
9452.592773	0.0686489
9453.0	0.0686095
9454.0	0.0685127
9455.0	0.0684159
9456.0	0.0683191
9457.0	0.068229
9458.0	0.0681321
9459.0	0.0680353
9460.0	0.0679384
9461.0	0.0678414
9462.0	0.0677512
9462.594727	0.0676935
9463.0	0.0676629
9464.0	0.0675873
9465.0	0.0675116
9466.0	0.0674359
9467.0	0.0673668
9468.0	0.0672909
9469.0	0.0672149
9470.0	0.0671389
9471.0	0.0670627
9472.0	0.0669865
9472.597656	0.0669449
9473.0	0.0669109
9474.0	0.0668196
9475.0	0.0667283
9476.0	0.066637
9477.0	0.0665457
9478.0	0.0664608
9479.0	0.0663694
9480.0	0.0662779
9481.0	0.0661864
9482.0	0.0660948
9482.600586	0.0660437
9483.0	0.06601
9484.0	0.0659189
9485.0	0.0658278
9486.0	0.0657367
9487.0	0.0656456
9488.0	0.0655544
9489.0	0.0654696
9490.0	0.0653783
9491.0	0.065287
9492.0	0.0651956
9492.603516	0.0651404
9493.0	0.0651055
9494.0	0.0650239
9495.0	0.0649357
9496.0	0.0648475
9497.0	0.0647593
9498.0	0.064671
9499.0	0.064589
9500.0	0.0645006
9501.0	0.0644341
9502.0	0.0643676
9502.606445	0.0643272
9503.0	0.0643001
9504.0	0.064231
9505.0	0.0641683
9506.0	0.0640992
9507.0	0.0640301
9508.0	0.0639609
9509.0	0.0638917
9510.0	0.0638288
9511.0	0.0637595
9512.0	0.0636902
9512.608398	0.063648
9513.0	0.0636201
9514.0	0.0635487
9515.0	0.0634773
9516.0	0.0634122
9517.0	0.0633407
9518.0	0.0632693
9519.0	0.0631978
9520.0	0.0631262
9521.0	0.0630609
9522.0	0.0629893
9522.611328	0.0629455
9523.0	0.0629219
9524.0	0.062861
9525.0	0.0628001
9526.0	0.0627391
9527.0	0.0626843
9528.0	0.0626233
9529.0	0.0625621
9530.0	0.062501
9531.0	0.0624397
9532.0	0.0623846
9532.614258	0.0623469
9533.0	0.0623189
9534.0	0.0622462
9535.0	0.0621736
9536.0	0.0621009
9537.0	0.0620282
9538.0	0.0619616
9539.0	0.0618888
9540.0	0.061816
9541.0	0.0617431
9542.0	0.0616702
9542.617188	0.0616252
9543.0	0.0615992
9544.0	0.0615375
9545.0	0.0614696
9546.0	0.0614017
9547.0	0.0613337
9548.0	0.0612657
9549.0	0.0612037
9550.0	0.0611356
9551.0	0.0610674
9552.0	0.0609992
9552.619141	0.0609569
9553.0	0.06093
9554.0	0.0608593
9555.0	0.0607946
9556.0	0.0607238
9557.0	0.0606529
9558.0	0.0605821
9559.0	0.0605112
9560.0	0.0604402
9561.0	0.0603752
9562.0	0.0603042
9562.62207	0.06026
9563.0	0.0602336
9564.0	0.0601638
9565.0	0.060094
9566.0	0.0600241
9567.0	0.0599602
9568.0	0.0598902
9569.0	0.0598203
9570.0	0.0597502
9571.0	0.0596801
9572.0	0.059616
9572.625	0.0595721
9573.0	0.0595447
9574.0	0.0594715
9575.0	0.0593983
9576.0	0.0593251
9577.0	0.0592518
9578.0	0.0591845
9579.0	0.0591111
9580.0	0.0590378
9581.0	0.0589644
9582.0	0.058891
9582.62793	0.0588449
9583.0	0.0588198
9584.0	0.0587584
9585.0	0.0586911
9586.0	0.0586237
9587.0	0.0585563
9588.0	0.0584888
9589.0	0.0584213
9590.0	0.0583596
9591.0	0.058292
9592.0	0.0582243
9592.630859	0.0581816
9593.0	0.0581551
9594.0	0.0580831
9595.0	0.0580112
9596.0	0.057945
9597.0	0.057873
9598.0	0.0578009
9599.0	0.0577288
9600.0	0.0576567
9601.0	0.0575824
9602.0	0.0575138
9602.632812	0.0574668
9603.0	0.0574383
9604.0	0.0573608
9605.0	0.0572832
9606.0	0.0572057
9607.0	0.0571281
9608.0	0.0570562
9609.0	0.0569786
9610.0	0.0569009
9611.0	0.0568232
9612.0	0.0567455
9612.635742	0.0566961
9613.0	0.0566699
9614.0	0.0566037
9615.0	0.0565318
9616.0	0.0564599
9617.0	0.0563879
9618.0	0.0563159
9619.0	0.0562438
9620.0	0.0561717
9621.0	0.0561052
9622.0	0.056033
9622.638672	0.0559869
9623.0	0.0559596
9624.0	0.0558841
9625.0	0.0558085
9626.0	0.055733
9627.0	0.055663
9628.0	0.0555873
9629.0	0.0555117
9630.0	0.055436
9631.0	0.0553601
9632.0	0.0552842
9632.641602	0.055239
9633.0	0.0552136
9634.0	0.0551371
9635.0	0.0550606
9636.0	0.0549841
9637.0	0.0549075
9638.0	0.0548309
9639.0	0.0547598
9640.0	0.0546831
9641.0	0.0546064
9642.0	0.0545297
9642.643555	0.0544803
9643.0	0.0544549
9644.0	0.0543838
9645.0	0.0543126
9646.0	0.0542469
9647.0	0.0541756
9648.0	0.0541043
9649.0	0.0540329
9650.0	0.0539616
9651.0	0.0538901
9652.0	0.053824
9652.646484	0.0537778
9653.0	0.05375
9654.0	0.0536715
9655.0	0.053593
9656.0	0.0535144
9657.0	0.0534358
9658.0	0.0533572
9659.0	0.053284
9660.0	0.0532053
9661.0	0.0531266
9662.0	0.0530479
9662.649414	0.0529968
9663.0	0.05297
9664.0	0.0528938
9665.0	0.0528228
9666.0	0.0527464
9667.0	0.0526701
9668.0	0.0525937
9669.0	0.0525173
9670.0	0.0524408
9671.0	0.0523643
9672.0	0.052293
9672.652344	0.0522431
9673.0	0.0522176
9674.0	0.0521443
9675.0	0.0520709
9676.0	0.0519976
9677.0	0.0519241
9678.0	0.0518559
9679.0	0.0517824
9680.0	0.0517088
9681.0	0.0516352
9682.0	0.0515615
9682.655273	0.0515133
9683.0	0.0514869
9684.0	0.0514103
9685.0	0.0513388
9686.0	0.0512622
9687.0	0.0511855
9688.0	0.0511088
9689.0	0.0510321
9690.0	0.0509553
9691.0	0.0508785
9692.0	0.0508067
9692.657227	0.0507562
9693.0	0.0507282
9694.0	0.0506465
9695.0	0.0505649
9696.0	0.0504832
9697.0	0.0504015
9698.0	0.0503198
9699.0	0.0502432
9700.0	0.0501614
9701.0	0.0500796
9702.0	0.0499978
9702.660156	0.0499438
9703.0	0.0499177
9704.0	0.0498409
9705.0	0.049769
9706.0	0.0496921
9707.0	0.0496152
9708.0	0.0495382
9709.0	0.0494612
9710.0	0.0493842
9711.0	0.0493071
9712.0	0.0492349
9712.663086	0.0491838
9713.0	0.0491581
9714.0	0.0490819
9715.0	0.0490057
9716.0	0.0489294
9717.0	0.0488531
9718.0	0.0487768
9719.0	0.0487053
9720.0	0.0486289
9721.0	0.0485524
9722.0	0.0484759
9722.666016	0.0484249
9723.0	0.0483982
9724.0	0.0483182
9725.0	0.0482381
9726.0	0.0481629
9727.0	0.0480828
9728.0	0.0480027
9729.0	0.0479225
9730.0	0.0478423
9731.0	0.0477621
9732.0	0.0476818
9732.667969	0.0476282
9733.0	0.0476026
9734.0	0.0475302
9735.0	0.0474529
9736.0	0.0473756
9737.0	0.0472983
9738.0	0.047221
9739.0	0.0471436
9740.0	0.0470662
9741.0	0.0469935
9742.0	0.0469159
9742.670898	0.0468639
9743.0	0.0468377
9744.0	0.0467582
9745.0	0.0466787
9746.0	0.0465992
9747.0	0.0465196
9748.0	0.0464447
9749.0	0.0463651
9750.0	0.0462855
9751.0	0.0462058
9752.0	0.046126
9752.673828	0.0460723
9753.0	0.0460467
9754.0	0.0459682
9755.0	0.0458943
9756.0	0.0458157
9757.0	0.0457372
9758.0	0.0456585
9759.0	0.0455799
9760.0	0.0455012
9761.0	0.0454225
9762.0	0.0453437
9762.676758	0.0452935
9763.0	0.0452702
9764.0	0.0451934
9765.0	0.0451167
9766.0	0.0450398
9767.0	0.044963
9768.0	0.0448861
9769.0	0.0448092
9770.0	0.0447368
9771.0	0.0446597
9772.0	0.0445827
9772.679688	0.0445302
9773.0	0.0445036
9774.0	0.0444204
9775.0	0.0443371
9776.0	0.0442539
9777.0	0.0441706
9778.0	0.0440918
9779.0	0.0440085
9780.0	0.0439252
9781.0	0.0438418
9782.0	0.0437584
9782.681641	0.0437015
9783.0	0.0436764
9784.0	0.0435976
9785.0	0.0435231
9786.0	0.0434442
9787.0	0.0433652
9788.0	0.0432862
9789.0	0.0432072
9790.0	0.0431281
9791.0	0.043049
9792.0	0.0429698
9792.68457	0.0429186
9793.0	0.0428942
9794.0	0.0428127
9795.0	0.0427312
9796.0	0.0426497
9797.0	0.0425681
9798.0	0.0424865
9799.0	0.0424049
9800.0	0.0423233
9801.0	0.0422434
9802.0	0.0421592
9802.6875	0.0421014
9803.0	0.0420754
9804.0	0.0419925
9805.0	0.0419095
9806.0	0.0418265
9807.0	0.0417435
9808.0	0.0416604
9809.0	0.0415816
9810.0	0.0414985
9811.0	0.0414154
9812.0	0.0413322
9812.69043	0.0412748
9813.0	0.0412493
9814.0	0.0411669
9815.0	0.0410845
9816.0	0.041002
9817.0	0.0409238
9818.0	0.0408413
9819.0	0.0407588
9820.0	0.0406763
9821.0	0.0405937
9822.0	0.0405111
9822.692383	0.0404539
9823.0	0.0404279
9824.0	0.0403434
9825.0	0.0402629
9826.0	0.0401784
9827.0	0.0400938
9828.0	0.0400092
9829.0	0.0399246
9830.0	0.03984
9831.0	0.0397569
9832.0	0.0396738
9832.695312	0.0396188
9833.0	0.039595
9834.0	0.0395126
9835.0	0.0394302
9836.0	0.0393479
9837.0	0.0392655
9838.0	0.039183
9839.0	0.0391006
9840.0	0.0390181
9841.0	0.0389356
9842.0	0.038857
9842.698242	0.0387993
9843.0	0.0387754
9844.0	0.0386961
9845.0	0.0386168
9846.0	0.0385375
9847.0	0.0384581
9848.0	0.0383787
9849.0	0.0382993
9850.0	0.0382237
9851.0	0.0381442
9852.0	0.0380646
9852.701172	0.0380087
9853.0	0.0379834
9854.0	0.0378988
9855.0	0.0378141
9856.0	0.0377295
9857.0	0.0376448
9858.0	0.0375601
9859.0	0.0374793
9860.0	0.0373945
9861.0	0.0373097
9862.0	0.0372249
9862.703125	0.0371653
9863.0	0.0371408
9864.0	0.037058
9865.0	0.0369752
9866.0	0.0368925
9867.0	0.0368134
9868.0	0.0367306
9869.0	0.0366477
9870.0	0.0365648
9871.0	0.0364819
9872.0	0.0363989
9872.706055	0.0363403
9873.0	0.0363155
9874.0	0.0362313
9875.0	0.036147
9876.0	0.0360664
9877.0	0.0359821
9878.0	0.0358977
9879.0	0.0358134
9880.0	0.035729
9881.0	0.0356446
9882.0	0.0355601
9882.708984	0.0355002
9883.0	0.0354765
9884.0	0.0353949
9885.0	0.035317
9886.0	0.0352354
9887.0	0.0351537
9888.0	0.035072
9889.0	0.0349903
9890.0	0.0349086
9891.0	0.0348268
9892.0	0.0347449
9892.711914	0.0346866
9893.0	0.0346621
9894.0	0.0345805
9895.0	0.0344953
9896.0	0.0344102
9897.0	0.034325
9898.0	0.0342398
9899.0	0.0341546
9900.0	0.0340693
9901.0	0.033984
9902.0	0.0338987
9902.714844	0.0338378
9903.0	0.0338132
9904.0	0.0337307
9905.0	0.0336447
9906.0	0.0335586
9907.0	0.0334726
9908.0	0.0333866
9909.0	0.0333005
9910.0	0.0332144
9911.0	0.0331283
9912.0	0.0330422
9912.716797	0.0329828
9913.0	0.03296
9914.0	0.0328758
9915.0	0.0327916
9916.0	0.0327073
9917.0	0.0326231
9918.0	0.0325388
9919.0	0.0324545
9920.0	0.0323702
9921.0	0.0322858
9922.0	0.0322014
9922.719727	0.032143
9923.0	0.0321199
9924.0	0.0320342
9925.0	0.0319485
9926.0	0.0318627
9927.0	0.031777
9928.0	0.0316912
9929.0	0.0316054
9930.0	0.0315196
9931.0	0.0314337
9932.0	0.0313511
9932.722656	0.031289
9933.0	0.0312655
9934.0	0.0311808
9935.0	0.031096
9936.0	0.0310113
9937.0	0.0309265
9938.0	0.0308417
9939.0	0.0307568
9940.0	0.030672
9941.0	0.0305871
9942.0	0.0305053
9942.725586	0.0304436
9943.0	0.0304207
9944.0	0.030337
9945.0	0.0302533
9946.0	0.0301696
9947.0	0.0300858
9948.0	0.0300021
9949.0	0.0299183
9950.0	0.0298344
9951.0	0.0297505
9952.0	0.0296697
9952.727539	0.0296086
9953.0	0.029585
9954.0	0.0294983
9955.0	0.0294116
9956.0	0.029325
9957.0	0.0292383
9958.0	0.0291516
9959.0	0.0290649
9960.0	0.0289782
9961.0	0.0288914
9962.0	0.0288047
9962.730469	0.0287434
9963.0	0.0287213
9964.0	0.0286361
9965.0	0.028551
9966.0	0.0284658
9967.0	0.0283806
9968.0	0.0282953
9969.0	0.0282101
9970.0	0.0281248
9971.0	0.0280395
9972.0	0.0279541
9972.733398	0.0278936
9973.0	0.0278719
9974.0	0.0277873
9975.0	0.0277027
9976.0	0.027618
9977.0	0.0275334
9978.0	0.0274487
9979.0	0.027364
9980.0	0.0272792
9981.0	0.0271944
9982.0	0.0271096
9982.736328	0.0270471
9983.0	0.0270245
9984.0	0.0269414
9985.0	0.0268554
9986.0	0.0267695
9987.0	0.0266835
9988.0	0.0265975
9989.0	0.0265115
9990.0	0.0264255
9991.0	0.0263394
9992.0	0.0262533
9992.739258	0.0261897
9993.0	0.026167
9994.0	0.0260803
9995.0	0.0259962
9996.0	0.0259094
9997.0	0.0258226
9998.0	0.0257357
9999.0	0.0256489
10000.0	0.025562
10001.0	0.0255042
10002.0	0.0254464
10002.741211	0.0254035
10003.0	0.0253887
10004.0	0.0253315
10005.0	0.0252743
10006.0	0.0252197
10007.0	0.0251625
10008.0	0.0251053
10009.0	0.025048
10010.0	0.0249908
10011.0	0.0249336
10012.0	0.0248763
10012.744141	0.0248337
10013.0	0.0248194
10014.0	0.0247634
10015.0	0.0247075
10016.0	0.0246515
10017.0	0.0245955
10018.0	0.0245421
10019.0	0.0244861
10020.0	0.0244301
10021.0	0.024374
10022.0	0.024318
10022.74707	0.0242761
10023.0	0.0242612
10024.0	0.0242022
10025.0	0.0241432
10026.0	0.0240842
10027.0	0.0240252
10028.0	0.0239663
10029.0	0.0239073
10030.0	0.0238508
10031.0	0.0237918
10032.0	0.0237328
10032.75	0.0236886
10033.0	0.0236742
10034.0	0.0236166
10035.0	0.0235589
10036.0	0.0235013
10037.0	0.0234436
10038.0	0.023386
10039.0	0.0233284
10040.0	0.0232707
10041.0	0.0232131
10042.0	0.0231578
10042.751953	0.0231144
10043.0	0.0231004
10044.0	0.0230438
10045.0	0.0229873
10046.0	0.0229307
10047.0	0.0228741
10048.0	0.0228176
10049.0	0.022761
10050.0	0.0227044
10051.0	0.0226478
10052.0	0.0225912
10052.754883	0.0225484
10053.0	0.0225341
10054.0	0.0224755
10055.0	0.0224193
10056.0	0.0223607
10057.0	0.0223022
10058.0	0.0222437
10059.0	0.0221851
10060.0	0.0221266
10061.0	0.022068
10062.0	0.0220095
10062.757812	0.0219651
10063.0	0.0219513
10064.0	0.0218941
10065.0	0.021837
10066.0	0.0217798
10067.0	0.0217227
10068.0	0.0216678
10069.0	0.0216106
10070.0	0.0215534
10071.0	0.0214962
10072.0	0.021439
10072.759766	0.0213956
10073.0	0.0213819
10074.0	0.0213251
10075.0	0.0212682
10076.0	0.0212114
10077.0	0.0211545
10078.0	0.0210977
10079.0	0.0210408
10080.0	0.0209839
10081.0	0.0209292
10082.0	0.0208723
10082.762695	0.0208289
10083.0	0.0208152
10084.0	0.0207574
10085.0	0.0206996
10086.0	0.0206418
10087.0	0.020584
10088.0	0.0205262
10089.0	0.0204684
10090.0	0.0204106
10091.0	0.0203527
10092.0	0.0202949
10092.765625	0.0202506
10093.0	0.020237
10094.0	0.020179
10095.0	0.020123
10096.0	0.020065
10097.0	0.0200069
10098.0	0.0199489
10099.0	0.0198908
10100.0	0.0198328
10101.0	0.0197747
10102.0	0.0197167
10102.768555	0.0196721
10103.0	0.0196586
10104.0	0.0196007
10105.0	0.0195427
10106.0	0.0194847
10107.0	0.0194267
10108.0	0.0193687
10109.0	0.0193108
10110.0	0.0192548
10111.0	0.0191968
10112.0	0.0191389
10112.771484	0.0190941
10113.0	0.0190811
10114.0	0.0190244
10115.0	0.0189676
10116.0	0.0189108
10117.0	0.018854
10118.0	0.0187972
10119.0	0.0187404
10120.0	0.0186835
10121.0	0.0186267
10122.0	0.0185699
10122.774414	0.0185258
10123.0	0.0185126
10124.0	0.0184539
10125.0	0.0183972
10126.0	0.0183385
10127.0	0.0182799
10128.0	0.0182212
10129.0	0.0181626
10130.0	0.018104
10131.0	0.0180453
10132.0	0.0179867
10132.777344	0.0179411
10133.0	0.0179282
10134.0	0.0178704
10135.0	0.0178125
10136.0	0.0177546
10137.0	0.0176968
10138.0	0.0176389
10139.0	0.0175811
10140.0	0.0175233
10141.0	0.0174672
10142.0	0.0174094
10142.779297	0.0173643
10143.0	0.017352
10144.0	0.0172962
10145.0	0.0172404
10146.0	0.0171845
10147.0	0.0171287
10148.0	0.0170729
10149.0	0.017017
10150.0	0.0169612
10151.0	0.0169053
10152.0	0.0168494
10152.782227	0.0168056
10153.0	0.0167927
10154.0	0.0167332
10155.0	0.0166736
10156.0	0.0166141
10157.0	0.0165564
10158.0	0.0164969
10159.0	0.0164375
10160.0	0.016378
10161.0	0.0163186
10162.0	0.0162592
10162.785156	0.0162125
10163.0	0.0162003
10164.0	0.0161435
10165.0	0.0160867
10166.0	0.0160299
10167.0	0.015973
10168.0	0.0159162
10169.0	0.0158594
10170.0	0.0158025
10171.0	0.0157457
10172.0	0.0156888
10172.788086	0.015644
10173.0	0.0156319
10174.0	0.0155745
10175.0	0.0155188
10176.0	0.0154614
10177.0	0.0154041
10178.0	0.0153467
10179.0	0.0152894
10180.0	0.015232
10181.0	0.0151746
10182.0	0.0151173
10182.790039	0.015072
10183.0	0.0150598
10184.0	0.0150017
10185.0	0.0149437
10186.0	0.0148857
10187.0	0.0148277
10188.0	0.0147697
10189.0	0.0147117
10190.0	0.0146537
10191.0	0.0145957
10192.0	0.0145377
10192.792969	0.0144917
10193.0	0.0144798
10194.0	0.0144238
10195.0	0.0143662
10196.0	0.0143087
10197.0	0.0142512
10198.0	0.0141937
10199.0	0.0141361
10200.0	0.0140786
10201.0	0.014042
10202.0	0.0140053
10202.795898	0.0139762
10203.0	0.0139687
10204.0	0.0139322
10205.0	0.0138957
10206.0	0.0138592
10207.0	0.0138227
10208.0	0.0137862
10209.0	0.0137497
10210.0	0.0137132
10211.0	0.0136767
10212.0	0.0136402
10212.797852	0.0136111
10213.0	0.0136035
10214.0	0.0135676
10215.0	0.0135303
10216.0	0.013493
10217.0	0.0134557
10218.0	0.0134184
10219.0	0.0133811
10220.0	0.0133438
10221.0	0.0133065
10222.0	0.0132692
10222.800781	0.0132394
10223.0	0.0132321
10224.0	0.0131956
10225.0	0.0131591
10226.0	0.0131227
10227.0	0.0130862
10228.0	0.0130497
10229.0	0.0130132
10230.0	0.0129767
10231.0	0.0129402
10232.0	0.0129037
10232.803711	0.0128744
10233.0	0.0128672
10234.0	0.0128306
10235.0	0.0127939
10236.0	0.0127586
10237.0	0.0127219
10238.0	0.0126853
10239.0	0.0126486
10240.0	0.012612
10241.0	0.0125753
10242.0	0.0125386
10242.806641	0.0125091
10243.0	0.012502
10244.0	0.0124652
10245.0	0.0124284
10246.0	0.0123917
10247.0	0.012355
10248.0	0.0123182
10249.0	0.0122815
10250.0	0.0122447
10251.0	0.012208
10252.0	0.0121713
10252.808594	0.0121415
10253.0	0.0121347
10254.0	0.0120988
10255.0	0.0120628
10256.0	0.0120269
10257.0	0.011991
10258.0	0.0119551
10259.0	0.0119192
10260.0	0.0118845
10261.0	0.0118486
10262.0	0.0118126
10262.811523	0.0117835
10263.0	0.0117765
10264.0	0.0117394
10265.0	0.0117024
10266.0	0.0116653
10267.0	0.0116283
10268.0	0.0115912
10269.0	0.0115542
10270.0	0.0115172
10271.0	0.0114801
10272.0	0.0114431
10272.81543	0.0114129
10273.0	0.0114061
10274.0	0.0113692
10275.0	0.0113323
10276.0	0.0112954
10277.0	0.0112585
10278.0	0.0112216
10279.0	0.0111847
10280.0	0.0111478
10281.0	0.0111109
10282.0	0.011074
10282.817383	0.0110439
10283.0	0.0110373
10284.0	0.0110011
10285.0	0.0109649
10286.0	0.0109287
10287.0	0.0108925
10288.0	0.0108575
10289.0	0.0108213
10290.0	0.0107851
10291.0	0.0107489
10292.0	0.0107127
10292.820312	0.010683
10293.0	0.0106763
10294.0	0.0106395
10295.0	0.0106026
10296.0	0.0105658
10297.0	0.0105289
10298.0	0.0104921
10299.0	0.0104552
10300.0	0.0104184
10301.0	0.0103816
10302.0	0.0103447
10302.823242	0.0103144
10303.0	0.0103079
10304.0	0.0102712
10305.0	0.0102344
10306.0	0.0101977
10307.0	0.010161
10308.0	0.0101243
10309.0	0.0100875
10310.0	0.0100508
10311.0	0.0100141
10312.0	0.0099774
10312.826172	0.00994707
10313.0	0.00994074
10314.0	0.0099043
10315.0	0.00986787
10316.0	0.00983145
10317.0	0.00979502
10318.0	0.0097586
10319.0	0.00972218
10320.0	0.00968576
10321.0	0.00965037
10322.0	0.00961395
10322.828125	0.00958378
10323.0	0.00957755
10324.0	0.00954129
10325.0	0.00950504
10326.0	0.00946878
10327.0	0.00943253
10328.0	0.00939628
10329.0	0.00936003
10330.0	0.00932378
10331.0	0.00928752
10332.0	0.00925127
10332.831055	0.00922114
10333.0	0.00921502
10334.0	0.0091788
10335.0	0.00914258
10336.0	0.00910637
10337.0	0.00907015
10338.0	0.00903394
10339.0	0.00899772
10340.0	0.00896151
10341.0	0.00892529
10342.0	0.00888908
10342.833984	0.00885887
10343.0	0.00885271
10344.0	0.00881557
10345.0	0.00877845
10346.0	0.00874133
10347.0	0.00870423
10348.0	0.00866713
10349.0	0.00863004
10350.0	0.00859296
10351.0	0.00855588
10352.0	0.00851881
10352.835938	0.00848783
10353.0	0.00848191
10354.0	0.00844582
10355.0	0.00840972
10356.0	0.00837363
10357.0	0.00833754
10358.0	0.00830145
10359.0	0.00826536
10360.0	0.00822927
10361.0	0.00819318
10362.0	0.00815708
10362.838867	0.0081268
10363.0	0.00812092
10364.0	0.0080844
10365.0	0.00804875
10366.0	0.00801223
10367.0	0.00797573
10368.0	0.00793922
10369.0	0.00790272
10370.0	0.00786622
10371.0	0.00782973
10372.0	0.00779323
10372.841797	0.00776252
10373.0	0.00775683
10374.0	0.00772088
10375.0	0.00768493
10376.0	0.00764898
10377.0	0.00761303
10378.0	0.00757708
10379.0	0.00754113
10380.0	0.00750518
10381.0	0.00746923
10382.0	0.00743327
10382.84375	0.00740293
10383.0	0.00739721
10384.0	0.00736059
10385.0	0.00732397
10386.0	0.00728736
10387.0	0.00725076
10388.0	0.00721416
10389.0	0.00717757
10390.0	0.00714098
10391.0	0.0071044
10392.0	0.00706782
10392.84668	0.00703685
10393.0	0.00703124
10394.0	0.00699468
10395.0	0.00695812
10396.0	0.00692157
10397.0	0.00688502
10398.0	0.00684848
10399.0	0.00681195
10400.0	0.00677542
10401.0	0.00675683
10402.0	0.00673824
10402.849609	0.00672245
10403.0	0.0067197
10404.0	0.00670141
10405.0	0.00668312
10406.0	0.00666483
10407.0	0.00664654
10408.0	0.00662826
10409.0	0.00660997
10410.0	0.00659169
10411.0	0.00657341
10412.0	0.00655512
10412.852539	0.00653954
10413.0	0.00653682
10414.0	0.00651841
10415.0	0.0065
10416.0	0.00648159
10417.0	0.00646318
10418.0	0.00644478
10419.0	0.00642638
10420.0	0.00640798
10421.0	0.00638958
10422.0	0.00637118
10422.855469	0.00635545
10423.0	0.00635283
10424.0	0.00633477
10425.0	0.0063167
10426.0	0.00629863
10427.0	0.00628056
10428.0	0.0062625
10429.0	0.00624443
10430.0	0.00622637
10431.0	0.0062083
10432.0	0.00619024
10432.858398	0.00617473
10433.0	0.00617213
10434.0	0.00615382
10435.0	0.00613551
10436.0	0.0061172
10437.0	0.00609889
10438.0	0.00608058
10439.0	0.00606228
10440.0	0.00604398
10441.0	0.00602567
10442.0	0.00600737
10442.861328	0.00599161
10443.0	0.00598907
10444.0	0.00597077
10445.0	0.00595248
10446.0	0.00593418
10447.0	0.00591589
10448.0	0.0058976
10449.0	0.00587931
10450.0	0.00586103
10451.0	0.00584274
10452.0	0.00582446
10452.863281	0.00580867
10453.0	0.00580617
10454.0	0.00578783
10455.0	0.00576949
10456.0	0.00575116
10457.0	0.00573283
10458.0	0.0057145
10459.0	0.00569617
10460.0	0.00567785
10461.0	0.00565953
10462.0	0.00564121
10462.866211	0.00562534
10463.0	0.00562289
10464.0	0.00560456
10465.0	0.00558624
10466.0	0.00556792
10467.0	0.0055496
10468.0	0.00553129
10469.0	0.00551297
10470.0	0.00549466
10471.0	0.00547635
10472.0	0.00545805
10472.869141	0.00544214
10473.0	0.00543974
10474.0	0.00542142
10475.0	0.00540311
10476.0	0.00538479
10477.0	0.00536648
10478.0	0.00534817
10479.0	0.00532987
10480.0	0.00531157
10481.0	0.00529326
10482.0	0.00527497
10482.87207	0.00525901
10483.0	0.00525671
10484.0	0.00523875
10485.0	0.00522079
10486.0	0.00520283
10487.0	0.00518487
10488.0	0.00516691
10489.0	0.00514895
10490.0	0.00513099
10491.0	0.00511303
10492.0	0.00509507
10492.874023	0.00507937
10493.0	0.00507708
10494.0	0.00505885
10495.0	0.00504062
10496.0	0.0050224
10497.0	0.00500418
10498.0	0.00498596
10499.0	0.00496774
10500.0	0.00494953
10501.0	0.00493132
10502.0	0.00491311
10502.876953	0.00489714
10503.0	0.00489489
10504.0	0.00487662
10505.0	0.00485836
10506.0	0.0048401
10507.0	0.00482184
10508.0	0.00480358
10509.0	0.00478533
10510.0	0.00476708
10511.0	0.00474883
10512.0	0.00473058
10512.879883	0.00471453
10513.0	0.00471234
10514.0	0.00469409
10515.0	0.00467585
10516.0	0.0046576
10517.0	0.00463936
10518.0	0.00462113
10519.0	0.00460289
10520.0	0.00458466
10521.0	0.00456643
10522.0	0.0045482
10522.881836	0.00453213
10523.0	0.00453002
10524.0	0.00451213
10525.0	0.00449424
10526.0	0.00447635
10527.0	0.00445847
10528.0	0.00444058
10529.0	0.00442269
10530.0	0.00440481
10531.0	0.00438692
10532.0	0.00436903
10532.884766	0.00435321
10533.0	0.0043511
10534.0	0.00433283
10535.0	0.00431457
10536.0	0.0042963
10537.0	0.00427805
10538.0	0.00425979
10539.0	0.00424154
10540.0	0.00422329
10541.0	0.00420505
10542.0	0.0041868
10542.887695	0.00417061
10543.0	0.00416859
10544.0	0.00415057
10545.0	0.00413255
10546.0	0.00411453
10547.0	0.00409651
10548.0	0.0040785
10549.0	0.00406048
10550.0	0.00404247
10551.0	0.00402446
10552.0	0.00400645
10552.890625	0.00399041
10553.0	0.00398843
10554.0	0.00397036
10555.0	0.00395229
10556.0	0.00393423
10557.0	0.00391616
10558.0	0.0038981
10559.0	0.00387961
10560.0	0.00386156
10561.0	0.00384351
10562.0	0.00382545
10562.892578	0.00380934
10563.0	0.00380741
10564.0	0.00378936
10565.0	0.00377132
10566.0	0.00375328
10567.0	0.00373524
10568.0	0.00371721
10569.0	0.00369918
10570.0	0.00368115
10571.0	0.00366312
10572.0	0.00364509
10572.896484	0.00362894
10573.0	0.00362707
10574.0	0.00360906
10575.0	0.00359105
10576.0	0.00357304
10577.0	0.00355504
10578.0	0.00353703
10579.0	0.00351903
10580.0	0.00350103
10581.0	0.00348304
10582.0	0.00346504
10582.899414	0.00344886
10583.0	0.00344704
10584.0	0.00342894
10585.0	0.00341084
10586.0	0.00339275
10587.0	0.00337466
10588.0	0.00335658
10589.0	0.00333849
10590.0	0.00332042
10591.0	0.00330234
10592.0	0.00328427
10592.901367	0.00326798
10593.0	0.00326621
10594.0	0.0032483
10595.0	0.00323039
10596.0	0.00321248
10597.0	0.00319458
10598.0	0.00317667
10599.0	0.00315877
10600.0	0.00314087
10601.0	0.00313378
10602.0	0.00312669
10602.904297	0.00311997
10603.0	0.00311925
10604.0	0.00311208
10605.0	0.00310492
10606.0	0.00309775
10607.0	0.00309059
10608.0	0.00308343
10609.0	0.00307626
10610.0	0.00306911
10611.0	0.00306195
10612.0	0.00305479
10612.907227	0.0030483
10613.0	0.00304764
10614.0	0.00304053
10615.0	0.00303343
10616.0	0.00302632
10617.0	0.00301922
10618.0	0.00301212
10619.0	0.00300502
10620.0	0.00299792
10621.0	0.00299082
10622.0	0.00298372
10622.910156	0.00297727
10623.0	0.00297662
10624.0	0.00296943
10625.0	0.00296224
10626.0	0.00295505
10627.0	0.00294787
10628.0	0.00294069
10629.0	0.0029335
10630.0	0.00292632
10631.0	0.00291914
10632.0	0.00291196
10632.912109	0.00290542
10633.0	0.0029048
10634.0	0.0028978
10635.0	0.00289079
10636.0	0.00288347
10637.0	0.00287646
10638.0	0.00286946
10639.0	0.00286246
10640.0	0.00285546
10641.0	0.00284845
10642.0	0.00284145
10642.915039	0.00283505
10643.0	0.00283444
10644.0	0.00282734
10645.0	0.00282023
10646.0	0.00281312
10647.0	0.00280602
10648.0	0.00279892
10649.0	0.00279181
10650.0	0.00278471
10651.0	0.00277761
10652.0	0.00277052
10652.917969	0.002764
10653.0	0.00276341
10654.0	0.00275624
10655.0	0.00274906
10656.0	0.00274189
10657.0	0.00273472
10658.0	0.00272755
10659.0	0.00272039
10660.0	0.00271322
10661.0	0.00270606
10662.0	0.0026989
10662.919922	0.00269231
10663.0	0.00269174
10664.0	0.0026844
10665.0	0.00267735
10666.0	0.0026703
10667.0	0.00266326
10668.0	0.00265621
10669.0	0.00264917
10670.0	0.00264212
10671.0	0.00263508
10672.0	0.00262804
10672.922852	0.00262154
10673.0	0.002621
10674.0	0.00261396
10675.0	0.00260692
10676.0	0.00259988
10677.0	0.00259284
10678.0	0.0025858
10679.0	0.00257876
10680.0	0.00257173
10681.0	0.00256469
10682.0	0.00255766
10682.925781	0.00255114
10683.0	0.00255062
10684.0	0.00254354
10685.0	0.00253646
10686.0	0.00252939
10687.0	0.00252231
10688.0	0.00251496
10689.0	0.00250789
10690.0	0.00250082
10691.0	0.00249375
10692.0	0.00248668
10692.928711	0.00248012
10693.0	0.00247962
10694.0	0.00247256
10695.0	0.00246551
10696.0	0.00245846
10697.0	0.00245141
10698.0	0.00244436
10699.0	0.00243731
10700.0	0.00243026
10701.0	0.00242322
10702.0	0.00241617
10702.930664	0.00240962
10703.0	0.00240913
10704.0	0.00240207
10705.0	0.00239502
10706.0	0.00238796
10707.0	0.00238091
10708.0	0.00237386
10709.0	0.00236681
10710.0	0.0023595
10711.0	0.00235245
10712.0	0.00234541
10712.933594	0.00233883
10713.0	0.00233836
10714.0	0.0023313
10715.0	0.00232424
10716.0	0.00231717
10717.0	0.00231012
10718.0	0.00230306
10719.0	0.002296
10720.0	0.00228895
10721.0	0.00228189
10722.0	0.00227484
10722.936523	0.00226824
10723.0	0.0022678
10724.0	0.00226083
10725.0	0.00225386
10726.0	0.0022469
10727.0	0.00223993
10728.0	0.00223297
10729.0	0.002226
10730.0	0.00221879
10731.0	0.00221183
10732.0	0.00220487
10732.939453	0.00219833
10733.0	0.00219791
10734.0	0.00219095
10735.0	0.002184
10736.0	0.00217704
10737.0	0.00217009
10738.0	0.00216313
10739.0	0.00215618
10740.0	0.00214923
10741.0	0.00214228
10742.0	0.00213533
10742.942383	0.00212878
10743.0	0.00212838
10744.0	0.00212136
10745.0	0.00211435
10746.0	0.00210734
10747.0	0.00210033
10748.0	0.00209332
10749.0	0.00208607
10750.0	0.00207907
10751.0	0.00207206
10752.0	0.00206506
10752.945312	0.00205844
10753.0	0.00205806
10754.0	0.00205104
10755.0	0.00204403
10756.0	0.00203702
10757.0	0.00203001
10758.0	0.00202301
10759.0	0.002016
10760.0	0.002009
10761.0	0.00200199
10762.0	0.00199499
10762.948242	0.00198835
10763.0	0.001988
10764.0	0.0019811
10765.0	0.0019742
10766.0	0.00196708
10767.0	0.00196018
10768.0	0.00195328
10769.0	0.00194638
10770.0	0.00193949
10771.0	0.00193259
10772.0	0.0019257
10772.950195	0.00191915
10773.0	0.0019188
10774.0	0.00191177
10775.0	0.00190474
10776.0	0.00189771
10777.0	0.00189068
10778.0	0.00188366
10779.0	0.00187663
10780.0	0.00186961
10781.0	0.00186259
10782.0	0.00185557
10782.953125	0.00184868
10783.0	0.00184835
10784.0	0.00184151
10785.0	0.00183467
10786.0	0.00182783
10787.0	0.00182099
10788.0	0.00181415
10789.0	0.00180731
10790.0	0.00180047
10791.0	0.00179363
10792.0	0.0017868
10792.956055	0.00178026
10793.0	0.00177995
10794.0	0.00177298
10795.0	0.00176601
10796.0	0.00175904
10797.0	0.00175208
10798.0	0.00174511
10799.0	0.00173795
10800.0	0.00173099
10801.0	0.00172566
10802.0	0.00172033
10802.958008	0.00171523
10803.0	0.001715
10804.0	0.00170968
10805.0	0.00170436
10806.0	0.00169904
10807.0	0.00169371
10808.0	0.00168839
10809.0	0.00168308
10810.0	0.00167776
10811.0	0.00167244
10812.0	0.00166713
10812.960938	0.00166202
10813.0	0.00166182
10814.0	0.0016564
10815.0	0.00165118
10816.0	0.00164596
10817.0	0.00164073
10818.0	0.00163551
10819.0	0.00163029
10820.0	0.00162507
10821.0	0.00161985
10822.0	0.00161463
10822.963867	0.0016096
10823.0	0.0016094
10824.0	0.00160411
10825.0	0.00159881
10826.0	0.00159352
10827.0	0.00158822
10828.0	0.00158293
10829.0	0.00157746
10830.0	0.00157217
10831.0	0.00156688
10832.0	0.0015616
10832.966797	0.00155649
10833.0	0.00155631
10834.0	0.00155099
10835.0	0.00154567
10836.0	0.00154036
10837.0	0.00153504
10838.0	0.00152973
10839.0	0.00152441
10840.0	0.0015191
10841.0	0.00151379
10842.0	0.00150831
10842.96875	0.00150317
10843.0	0.00150301
10844.0	0.00149784
10845.0	0.00149266
10846.0	0.00148749
10847.0	0.00148231
10848.0	0.00147714
10849.0	0.00147197
10850.0	0.0014668
10851.0	0.00146162
10852.0	0.00145645
10852.97168	0.00145143
10853.0	0.00145128
10854.0	0.001446
10855.0	0.00144071
10856.0	0.00143527
10857.0	0.00142999
10858.0	0.00142471
10859.0	0.00141943
10860.0	0.00141416
10861.0	0.00140888
10862.0	0.00140361
10862.974609	0.00139847
10863.0	0.00139834
10864.0	0.00139313
10865.0	0.00138791
10866.0	0.0013827
10867.0	0.00137749
10868.0	0.00137228
10869.0	0.00136692
10870.0	0.00136171
10871.0	0.00135651
10872.0	0.0013513
10872.976562	0.00134622
10873.0	0.00134609
10874.0	0.00134085
10875.0	0.00133561
10876.0	0.00133037
10877.0	0.00132514
10878.0	0.0013199
10879.0	0.00131466
10880.0	0.00130943
10881.0	0.0013042
10882.0	0.00129881
10882.980469	0.00129369
10883.0	0.00129359
10884.0	0.00128845
10885.0	0.00128331
10886.0	0.00127817
10887.0	0.00127304
10888.0	0.0012679
10889.0	0.00126276
10890.0	0.00125763
10891.0	0.00125249
10892.0	0.00124736
10892.983398	0.00124231
10893.0	0.00124222
10894.0	0.00123683
10895.0	0.00123158
10896.0	0.00122634
10897.0	0.00122109
10898.0	0.00121585
10899.0	0.0012106
10900.0	0.00120536
10901.0	0.00120012
10902.0	0.00119488
10902.986328	0.00118971
10903.0	0.00118964
10904.0	0.00118447
10905.0	0.00117929
10906.0	0.00117399
10907.0	0.00116882
10908.0	0.00116364
10909.0	0.00115847
10910.0	0.0011533
10911.0	0.00114813
10912.0	0.00114297
10912.988281	0.00113786
10913.0	0.0011378
10914.0	0.00113257
10915.0	0.00112734
10916.0	0.00112211
10917.0	0.00111676
10918.0	0.00111153
10919.0	0.00110631
10920.0	0.00110109
10921.0	0.00109587
10922.0	0.00109065
10922.991211	0.00108548
10923.0	0.00108543
10924.0	0.0010803
10925.0	0.00107516
10926.0	0.00107003
10927.0	0.00106489
10928.0	0.00105976
10929.0	0.00105451
10930.0	0.00104938
10931.0	0.00104425
10932.0	0.00103912
10932.994141	0.00103402
10933.0	0.00103399
10934.0	0.00102884
10935.0	0.00102368
10936.0	0.00101853
10937.0	0.00101339
10938.0	0.00100824
10939.0	0.00100309
10940.0	0.000997826
10941.0	0.00099268
10942.0	0.000987536
10942.996094	0.000982411
10943.0	0.000982391
10944.0	0.000977202
10945.0	0.000972013
10946.0	0.000966826
10947.0	0.00096164
10948.0	0.000956455
10949.0	0.000951271
10950.0	0.00094598
10951.0	0.0009408
10952.0	0.00093562
10952.999023	0.000930447
10953.0	0.000930442
10954.0	0.000925282
10955.0	0.000920124
10956.0	0.000914966
10957.0	0.000909809
10958.0	0.000904653
10959.0	0.000899497
10960.0	0.000894343
10961.0	0.000889088
10962.0	0.000883937
10963.0	0.000878787
10963.001953	0.000878777
10964.0	0.000873633
10965.0	0.00086848
10966.0	0.000863327
10967.0	0.000858176
10968.0	0.000853025
10969.0	0.000847876
10970.0	0.000842728
10971.0	0.000837485
10972.0	0.000832339
10973.0	0.000827195
10973.004883	0.00082717
10974.0	0.000822081
10975.0	0.000816967
10976.0	0.000811854
10977.0	0.000806742
10978.0	0.00080163
10979.0	0.000796519
10980.0	0.000791408
10981.0	0.000786208
10982.0	0.0007811
10983.0	0.000775993
10983.006836	0.000775958
10984.0	0.00077087
10985.0	0.000765748
10986.0	0.000760627
10987.0	0.000755507
10988.0	0.000750387
10989.0	0.000745269
10990.0	0.000740151
10991.0	0.000734935
10992.0	0.000729805
10993.0	0.000724676
10993.009766	0.000724626
10994.0	0.000719568
10995.0	0.00071446
10996.0	0.000709353
10997.0	0.000704247
10998.0	0.000699142
10999.0	0.000694038
11000.0	0.000688934
11003.012695	0.000678406
