4977.388184	5.44291e-05
4978.0	5.49945e-05
4978.388672	5.53537e-05
4979.0	5.79857e-05
4979.38916	5.96612e-05
4980.0	6.22925e-05
4980.38916	6.3969e-05
4981.0	6.77259e-05
4981.389648	7.01224e-05
4982.0	7.25644e-05
4982.389648	7.41234e-05
4983.0	7.63767e-05
4983.390137	7.78171e-05
4984.0	7.98822e-05
4984.390137	8.12034e-05
4985.0	8.28927e-05
4985.390625	8.39748e-05
4986.0	9.035e-05
4986.390625	9.44367e-05
4987.0	9.59378e-05
4987.391113	9.69012e-05
4988.0	0.000101771
4988.391602	0.000104903
4989.0	0.000106964
4989.391602	0.000108295
4990.0	0.000110174
4990.39209	0.000111381
4991.0	0.000118118
4991.39209	0.000122462
4992.0	0.000128261
4992.392578	0.000132006
4993.0	0.000137429
4993.392578	0.000140935
4994.0	0.000145048
4994.393066	0.00014771
4995.0	0.00015369
4995.393066	0.000157563
4996.0	0.000163354
4996.393555	0.000167109
4997.0	0.000175881
4997.394043	0.00018158
4998.0	0.000187739
4998.394043	0.000191744
4999.0	0.000200137
4999.394531	0.000205601
5000.0	0.000211197
5000.394531	0.00021484
5001.0	0.000225272
5001.39502	0.000232077
5002.0	0.000240271
5002.39502	0.000245621
5003.0	0.000254369
5003.395508	0.000260088
5004.0	0.000272369
5004.395508	0.000280404
5005.0	0.000291749
5005.395996	0.000299181
5006.0	0.000311823
5006.395996	0.000320112
5007.0	0.000330333
5007.396484	0.000337042
5008.0	0.000348003
5008.396484	0.000355203
5009.0	0.00036913
5009.396973	0.000378303
5010.0	0.000395029
5010.396973	0.000406028
5011.0	0.000421429
5011.397461	0.000431579
5012.0	0.000452354
5012.397461	0.000466058
5013.0	0.00048089
5013.397949	0.000490686
5014.0	0.000513102
5014.398438	0.000527936
5015.0	0.000542382
5015.398438	0.000551949
5016.0	0.00058027
5016.398926	0.00059905
5017.0	0.000621626
5017.398926	0.000636609
5018.0	0.000660838
5018.399414	0.000676938
5019.0	0.000704857
5019.399414	0.000723424
5020.0	0.000753732
5020.399902	0.000773913
5021.0	0.000809753
5021.399902	0.000833637
5022.0	0.000861336
5022.400391	0.000879817
5023.0	0.000919116
5023.400879	0.000945391
5024.0	0.000980621
5024.400879	0.00100419
5025.0	0.00104199
5025.401367	0.00106731
5026.0	0.00110748
5026.401367	0.00113442
5027.0	0.00118195
5027.401855	0.00121385
5028.0	0.00126118
5028.401855	0.00129297
5029.0	0.00133715
5029.402344	0.00136686
5030.0	0.00143255
5030.402344	0.00147676
5031.0	0.00152841
5031.402832	0.00156323
5032.0	0.00163138
5032.40332	0.00167747
5033.0	0.00174238
5033.40332	0.0017862
5034.0	0.00186843
5034.403809	0.00192408
5035.0	0.00198903
5035.403809	0.00203302
5036.0	0.00212619
5036.404297	0.00218937
5037.0	0.00226819
5037.404297	0.00232169
5038.0	0.00241404
5038.404785	0.0024768
5039.0	0.00258194
5039.404785	0.00265344
5040.0	0.00276072
5040.405273	0.00283377
5041.0	0.00293113
5041.405273	0.00299747
5042.0	0.00312204
5042.405762	0.00320703
5043.0	0.00332845
5043.405762	0.00341135
5044.0	0.0035466
5044.40625	0.00363906
5045.0	0.00380469
5045.406738	0.00391815
5046.0	0.00408938
5046.406738	0.00420678
5047.0	0.0043688
5047.407227	0.00448001
5048.0	0.0046686
5048.407227	0.00479816
5049.0	0.00498136
5049.407715	0.00510737
5050.0	0.00532806
5050.407715	0.00547997
5051.0	0.00568998
5051.408203	0.00583471
5052.0	0.00607414
5052.408203	0.00623929
5053.0	0.00648678
5053.408691	0.0066577
5054.0	0.00691929
5054.408691	0.0071001
5055.0	0.00737629
5055.40918	0.00756741
5056.0	0.00788004
5056.40918	0.00809655
5057.0	0.00841301
5057.409668	0.00863274
5058.0	0.00901077
5058.410156	0.00927311
5059.0	0.00962787
5059.410156	0.00987455
5060.0	0.0103062
5060.410645	0.0106068
5061.0	0.0110167
5061.410645	0.0113023
5062.0	0.0117635
5062.411133	0.0120852
5063.0	0.0125773
5063.411133	0.0129208
5064.0	0.0134326
5064.411621	0.0137904
5065.0	0.0143194
5065.411621	0.0146895
5066.0	0.0152907
5066.412109	0.0157117
5067.0	0.0163212
5067.412598	0.0167489
5068.0	0.0174088
5068.412598	0.0178723
5069.0	0.018511
5069.413086	0.0189602
5070.0	0.0197327
5070.413086	0.0202764
5071.0	0.0210907
5071.413574	0.0216645
5072.0	0.0225286
5072.413574	0.0231381
5073.0	0.0240294
5073.414062	0.0246587
5074.0	0.025639
5074.414062	0.0263318
5075.0	0.0273167
5075.414551	0.0280135
5076.0	0.0290712
5076.415039	0.0298209
5077.0	0.0309248
5077.415039	0.031708
5078.0	0.0328478
5078.415527	0.0336574
5079.0	0.0349676
5079.415527	0.035899
5080.0	0.0371445
5080.416016	0.0380311
5081.0	0.0394117
5081.416016	0.0403952
5082.0	0.0416532
5082.416504	0.0425505
5083.0	0.044063
5083.416504	0.0451427
5084.0	0.0466703
5084.416992	0.0477619
5085.0	0.0495179
5085.416992	0.0507738
5086.0	0.0525047
5086.41748	0.053746
5087.0	0.0555168
5087.41748	0.056784
5088.0	0.0586412
5088.417969	0.0599739
5089.0	0.0618385
5089.417969	0.0631775
5090.0	0.0651441
5090.418457	0.0665579
5091.0	0.0685474
5091.418945	0.0699806
5092.0	0.072075
5092.418945	0.073585
5093.0	0.0757347
5093.419434	0.0772864
5094.0	0.079552
5094.419434	0.0811888
5095.0	0.0831658
5095.419922	0.0845957
5096.0	0.0869295
5096.419922	0.088619
5097.0	0.090858
5097.42041	0.0924807
5098.0	0.0951242
5098.42041	0.0970416
5099.0	0.0993928
5099.420898	0.1011
5100.0	0.103382
5100.420898	0.10504
5101.0	0.107621
5101.421387	0.109499
5102.0	0.112059
5102.421875	0.113925
5103.0	0.116338
5103.421875	0.118098
5104.0	0.120397
5104.422363	0.122077
5105.0	0.124739
5105.422363	0.126686
5106.0	0.129001
5106.422852	0.130696
5107.0	0.133098
5107.422852	0.134857
5108.0	0.137051
5108.42334	0.138661
5109.0	0.141012
5109.42334	0.142738
5110.0	0.145007
5110.423828	0.146675
5111.0	0.14905
5111.424316	0.1508
5112.0	0.153071
5112.424316	0.154745
5113.0	0.15709
5113.424805	0.158822
5114.0	0.160908
5114.424805	0.162448
5115.0	0.164451
5115.425293	0.165932
5116.0	0.168198
5116.425293	0.169875
5117.0	0.171704
5117.425781	0.173059
5118.0	0.175145
5118.425781	0.176691
5119.0	0.178424
5119.42627	0.17971
5120.0	0.181703
5120.42627	0.183184
5121.0	0.184665
5121.426758	0.185766
5122.0	0.187335
5122.426758	0.188509
5123.0	0.190293
5123.427246	0.191616
5124.0	0.193148
5124.427734	0.194291
5125.0	0.196149
5125.427734	0.197537
5126.0	0.198966
5126.428223	0.200035
5127.0	0.201459
5127.428223	0.202525
5128.0	0.203989
5128.428711	0.205087
5129.0	0.206266
5129.428711	0.207151
5130.0	0.208643
5130.429199	0.209764
5131.0	0.210889
5131.429199	0.211735
5132.0	0.213033
5132.429688	0.214009
5133.0	0.215196
5133.429688	0.216091
5134.0	0.216848
5134.430176	0.217419
5135.0	0.218756
5135.430664	0.219768
5136.0	0.220446
5136.430664	0.220959
5137.0	0.222186
5137.431152	0.223115
5138.0	0.224148
5138.431152	0.22493
5139.0	0.225673
5139.431641	0.226236
5140.0	0.227209
5140.431641	0.227947
5141.0	0.228562
5141.432129	0.22903
5142.0	0.229996
5142.432129	0.230731
5143.0	0.23157
5143.432617	0.232208
5144.0	0.232828
5144.433105	0.2333
5145.0	0.234029
5145.433105	0.234586
5146.0	0.235421
5146.433594	0.236059
5147.0	0.236685
5147.433594	0.237165
5148.0	0.237932
5148.434082	0.23852
5149.0	0.239064
5149.434082	0.239482
5150.0	0.240037
5150.43457	0.240464
5151.0	0.241236
5151.43457	0.24183
5152.0	0.242149
5152.435059	0.242394
5153.0	0.242757
5153.435059	0.243037
5154.0	0.243683
5154.435547	0.244182
5155.0	0.244898
5155.436035	0.245451
5156.0	0.245897
5156.436035	0.246243
5157.0	0.246542
5157.436523	0.246773
5158.0	0.247405
5158.436523	0.247895
5159.0	0.248269
5159.437012	0.248558
5160.0	0.248884
5160.437012	0.249136
5161.0	0.249541
5161.4375	0.249856
5162.0	0.250103
5162.4375	0.250295
5163.0	0.250975
5163.437988	0.251504
5164.0	0.251762
5164.437988	0.251963
5165.0	0.252126
5165.438477	0.252253
5166.0	0.252927
5166.438477	0.253453
5167.0	0.253413
5167.438965	0.253382
5168.0	0.254004
5168.438965	0.254491
5169.0	0.254945
5169.439453	0.2553
5170.0	0.255453
5170.439941	0.255573
5171.0	0.255551
5171.439941	0.255534
5172.0	0.255931
5172.44043	0.256254
5173.0	0.256563
5173.44043	0.256797
5174.0	0.257085
5174.440918	0.257312
5175.0	0.257575
5175.440918	0.257782
5176.0	0.258039
5176.441406	0.258241
5177.0	0.258324
5177.441406	0.258389
5178.0	0.258339
5178.441895	0.258299
5179.0	0.25892
5179.442383	0.259412
5180.0	0.259411
5180.442383	0.25941
5181.0	0.259524
5181.442871	0.259614
5182.0	0.259755
5182.442871	0.259867
5183.0	0.260036
5183.443359	0.260171
5184.0	0.260287
5184.443359	0.260379
5185.0	0.260785
5185.443848	0.261108
5186.0	0.261057
5186.443848	0.261015
5187.0	0.2612
5187.444336	0.261347
5188.0	0.261459
5188.444824	0.261549
5189.0	0.261871
5189.444824	0.262128
5190.0	0.261759
5190.445312	0.261462
5191.0	0.26175
5191.445312	0.261982
5192.0	0.262023
5192.445801	0.262056
5193.0	0.262287
5193.445801	0.262472
5194.0	0.262567
5194.446289	0.262643
5195.0	0.262717
5195.446289	0.262777
5196.0	0.263036
5196.446777	0.263244
5197.0	0.263071
5197.446777	0.262932
5198.0	0.263138
5198.447266	0.263304
5199.0	0.263404
5199.447266	0.263484
5200.0	0.263401
5200.447754	0.263333
5201.0	0.263149
5201.448242	0.263
5202.0	0.263319
5202.448242	0.263577
5203.0	0.263876
5203.44873	0.264119
5204.0	0.263893
5204.44873	0.263709
5205.0	0.263731
5205.449219	0.26375
5206.0	0.264053
5206.449219	0.264301
5207.0	0.264347
5207.449707	0.264385
5208.0	0.264514
5208.449707	0.26462
5209.0	0.264545
5209.450195	0.264483
5210.0	0.264482
5210.450195	0.264481
5211.0	0.264828
5211.450684	0.265112
5212.0	0.264749
5212.451172	0.264451
5213.0	0.264776
5213.451172	0.265043
5214.0	0.264815
5214.45166	0.264627
5215.0	0.264946
5215.45166	0.26521
5216.0	0.265317
5216.452148	0.265405
5217.0	0.265313
5217.452148	0.265237
5218.0	0.265206
5218.452637	0.265179
5219.0	0.265104
5219.452637	0.265042
5220.0	0.265319
5220.453125	0.265548
5221.0	0.265694
5221.453613	0.265814
5222.0	0.265662
5222.453613	0.265535
5223.0	0.265684
5223.454102	0.265809
5224.0	0.265656
5224.454102	0.265529
5225.0	0.2661
5225.45459	0.266575
5226.0	0.26639
5226.45459	0.266235
5227.0	0.266003
5227.455078	0.26581
5228.0	0.265985
5228.455078	0.266132
5229.0	0.26615
5229.455566	0.266165
5230.0	0.26623
5230.455566	0.266285
5231.0	0.266389
5231.456055	0.266476
5232.0	0.266554
5232.456543	0.266619
5233.0	0.26654
5233.456543	0.266473
5234.0	0.266711
5234.457031	0.266912
5235.0	0.266787
5235.457031	0.266682
5236.0	0.266756
5236.45752	0.266817
5237.0	0.266987
5237.45752	0.267131
5238.0	0.267064
5238.458008	0.267007
5239.0	0.267099
5239.458008	0.267176
5240.0	0.267302
5240.458496	0.267409
5241.0	0.267615
5241.458496	0.26779
5242.0	0.267658
5242.458984	0.267547
5243.0	0.26735
5243.458984	0.267182
5244.0	0.267571
5244.459473	0.267901
5245.0	0.268065
5245.459961	0.268205
5246.0	0.268171
5246.459961	0.268143
5247.0	0.267953
5247.460449	0.267791
5248.0	0.268134
5248.460449	0.268426
5249.0	0.268408
5249.460938	0.268392
5250.0	0.268402
5250.460938	0.268411
5251.0	0.268536
5251.461426	0.268643
5252.0	0.268785
5252.461426	0.268907
5253.0	0.268603
5253.461914	0.268343
5254.0	0.26845
5254.462402	0.268542
5255.0	0.268775
5255.462402	0.268975
5256.0	0.2692
5256.462891	0.269393
5257.0	0.269163
5257.462891	0.268964
5258.0	0.269201
5258.463379	0.269404
5259.0	0.26976
5259.463379	0.270066
5260.0	0.269494
5260.463867	0.268999
5261.0	0.269302
5261.463867	0.269563
5262.0	0.269637
5262.464355	0.269701
5263.0	0.269721
5263.464355	0.269738
5264.0	0.269726
5264.464844	0.269715
5265.0	0.269817
5265.465332	0.269906
5266.0	0.269831
5266.465332	0.269765
5267.0	0.269817
5267.46582	0.269863
5268.0	0.269972
5268.46582	0.270067
5269.0	0.270207
5269.466309	0.270329
5270.0	0.270345
5270.466309	0.270359
5271.0	0.270372
5271.466797	0.270385
5272.0	0.27044
5272.466797	0.270489
5273.0	0.270449
5273.467285	0.270414
5274.0	0.270438
5274.467285	0.27046
5275.0	0.270651
5275.467773	0.270818
5276.0	0.270884
5276.467773	0.270943
5277.0	0.270865
5277.468262	0.270797
5278.0	0.270692
5278.468262	0.270599
5279.0	0.270706
5279.46875	0.2708
5280.0	0.270921
5280.469238	0.271029
5281.0	0.270604
5281.469238	0.270228
5282.0	0.270656
5282.469727	0.271035
5283.0	0.270914
5283.469727	0.270806
5284.0	0.270949
5284.470215	0.271076
5285.0	0.27098
5285.470215	0.270894
5286.0	0.271003
5286.470703	0.2711
5287.0	0.271085
5287.470703	0.271071
5288.0	0.271211
5288.471191	0.271336
5289.0	0.271083
5289.47168	0.270856
5290.0	0.270835
5290.47168	0.270815
5291.0	0.270849
5291.472168	0.27088
5292.0	0.270909
5292.472168	0.270935
5293.0	0.270625
5293.472656	0.270347
5294.0	0.270564
5294.472656	0.270759
5295.0	0.270682
5295.473145	0.270613
5296.0	0.270434
5296.473145	0.270273
5297.0	0.270271
5297.473633	0.27027
5298.0	0.270343
5298.474121	0.27041
5299.0	0.270337
5299.474121	0.270272
5300.0	0.270239
5300.474609	0.270209
5301.0	0.270411
5301.474609	0.270593
5302.0	0.270485
5302.475098	0.270388
5303.0	0.270306
5303.475098	0.270231
5304.0	0.270538
5304.475586	0.270816
5305.0	0.270292
5305.475586	0.269818
5306.0	0.269789
5306.476074	0.269763
5307.0	0.26964
5307.476074	0.269528
5308.0	0.269666
5308.476562	0.269792
5309.0	0.269688
5309.476562	0.269593
5310.0	0.269313
5310.477051	0.269058
5311.0	0.269014
5311.477539	0.268974
5312.0	0.269052
5312.477539	0.269123
5313.0	0.269014
5313.478027	0.268915
5314.0	0.268923
5314.478027	0.268932
5315.0	0.268797
5315.478516	0.268673
5316.0	0.268662
5316.478516	0.268651
5317.0	0.268556
5317.479004	0.26847
5318.0	0.268713
5318.479004	0.268937
5319.0	0.268367
5319.479492	0.267841
5320.0	0.267673
5320.479492	0.267518
5321.0	0.267714
5321.47998	0.267894
5322.0	0.267683
5322.480469	0.267488
5323.0	0.267589
5323.480469	0.267683
5324.0	0.267426
5324.480957	0.267188
5325.0	0.267178
5325.480957	0.267169
5326.0	0.26738
5326.481445	0.267576
5327.0	0.267284
5327.481445	0.267013
5328.0	0.266928
5328.481934	0.26685
5329.0	0.266862
5329.481934	0.266873
5330.0	0.266625
5330.482422	0.266384
5331.0	0.266408
5331.48291	0.266441
5332.0	0.266194
5332.48291	0.265963
5333.0	0.26594
5333.483398	0.265918
5334.0	0.265747
5334.483398	0.265588
5335.0	0.26557
5335.483887	0.265553
5336.0	0.26556
5336.483887	0.265567
5337.0	0.265166
5337.484375	0.26479
5338.0	0.264847
5338.484375	0.264899
5339.0	0.264799
5339.484863	0.264705
5340.0	0.264599
5340.484863	0.2645
5341.0	0.264564
5341.485352	0.264624
5342.0	0.264284
5342.48584	0.263964
5343.0	0.264246
5343.48584	0.264513
5344.0	0.264027
5344.486328	0.263568
5345.0	0.263714
5345.486328	0.263852
5346.0	0.263557
5346.486816	0.263277
5347.0	0.263261
5347.486816	0.263245
5348.0	0.2633
5348.487305	0.263352
5349.0	0.26302
5349.487305	0.262704
5350.0	0.262685
5350.487793	0.262667
5351.0	0.262764
5351.487793	0.262856
5352.0	0.262778
5352.488281	0.262704
5353.0	0.262481
5353.488281	0.262269
5354.0	0.26212
5354.48877	0.261978
5355.0	0.262138
5355.489258	0.262291
5356.0	0.262244
5356.489258	0.262198
5357.0	0.261843
5357.489746	0.261503
5358.0	0.261413
5358.489746	0.261325
5359.0	0.261313
5359.490234	0.261302
5360.0	0.261354
5360.490234	0.261404
5361.0	0.261209
5361.490723	0.261022
5362.0	0.261091
5362.490723	0.261157
5363.0	0.260864
5363.491211	0.260581
5364.0	0.260537
5364.491699	0.260494
5365.0	0.260339
5365.491699	0.260189
5366.0	0.260127
5366.492188	0.260066
5367.0	0.260183
5367.492188	0.260296
5368.0	0.260024
5368.492676	0.25976
5369.0	0.259667
5369.492676	0.259576
5370.0	0.259512
5370.493164	0.259451
5371.0	0.259433
5371.493164	0.259417
5372.0	0.259288
5372.493652	0.259162
5373.0	0.25926
5373.494141	0.259356
5374.0	0.259205
5374.494141	0.259058
5375.0	0.258938
5375.494629	0.25882
5376.0	0.258692
5376.494629	0.258567
5377.0	0.258666
5377.495117	0.258762
5378.0	0.258728
5378.495117	0.258695
5379.0	0.258602
5379.495605	0.25851
5380.0	0.258394
5380.495605	0.258269
5381.0	0.258496
5381.496094	0.258731
5382.0	0.258502
5382.496094	0.258276
5383.0	0.258047
5383.496582	0.257821
5384.0	0.258093
5384.496582	0.258361
5385.0	0.258134
5385.49707	0.25791
5386.0	0.257677
5386.49707	0.257446
5387.0	0.25764
5387.497559	0.257832
5388.0	0.257758
5388.498047	0.257684
5389.0	0.257903
5389.498047	0.258121
5390.0	0.257728
5390.498535	0.257338
5391.0	0.25725
5391.498535	0.257162
5392.0	0.257151
5392.499023	0.257141
5393.0	0.257094
5393.499023	0.257047
5394.0	0.257202
5394.499512	0.257356
5395.0	0.256995
5395.499512	0.256634
5396.0	0.256664
5396.5	0.256693
5397.0	0.256729
5397.500488	0.256766
5398.0	0.25648
5398.500488	0.256193
5399.0	0.256313
5399.500977	0.256434
5400.0	0.256489
5400.500977	0.256544
5401.0	0.256581
5401.501465	0.256618
5402.0	0.256569
5402.501465	0.25652
5403.0	0.256569
5403.501953	0.256618
5404.0	0.256439
5404.501953	0.256259
5405.0	0.256333
5405.502441	0.256408
5406.0	0.256273
5406.50293	0.256137
5407.0	0.256405
5407.50293	0.256677
5408.0	0.256501
5408.503418	0.256322
5409.0	0.256322
5409.503418	0.256321
5410.0	0.256269
5410.503906	0.256217
5411.0	0.256147
5411.503906	0.256076
5412.0	0.256275
5412.504395	0.256476
5413.0	0.256287
5413.504395	0.256093
5414.0	0.255954
5414.504883	0.255812
5415.0	0.255805
5415.504883	0.255786
5416.0	0.255626
5416.505371	0.255474
5417.0	0.255582
5417.505371	0.255693
5418.0	0.255567
5418.505859	0.255439
5419.0	0.255434
5419.506348	0.255429
5420.0	0.255577
5420.506348	0.255728
5421.0	0.255594
5421.506836	0.255456
5422.0	0.255419
5422.506836	0.255381
5423.0	0.255561
5423.507324	0.255745
5424.0	0.255759
5424.507324	0.255773
5425.0	0.255595
5425.507812	0.255412
5426.0	0.255303
5426.507812	0.255191
5427.0	0.255127
5427.508301	0.255061
5428.0	0.255355
5428.508789	0.255659
5429.0	0.255266
5429.508789	0.254859
5430.0	0.254865
5430.509277	0.254871
5431.0	0.255096
5431.509277	0.255329
5432.0	0.255408
5432.509766	0.255489
5433.0	0.255229
5433.509766	0.254958
5434.0	0.255095
5434.510254	0.255238
5435.0	0.255231
5435.510254	0.255224
5436.0	0.255314
5436.510742	0.255407
5437.0	0.25522
5437.51123	0.255024
5438.0	0.255293
5438.51123	0.255574
5439.0	0.255364
5439.511719	0.255145
5440.0	0.255181
5440.511719	0.255218
5441.0	0.255148
5441.512207	0.255074
5442.0	0.255298
5442.512207	0.255534
5443.0	0.255193
5443.512695	0.254836
5444.0	0.254751
5444.512695	0.254651
5445.0	0.25483
5445.513184	0.25503
5446.0	0.254976
5446.513184	0.254919
5447.0	0.254769
5447.513672	0.254611
5448.0	0.254765
5448.513672	0.254927
5449.0	0.254793
5449.51416	0.254651
5450.0	0.254745
5450.51416	0.254843
5451.0	0.254738
5451.514648	0.254626
5452.0	0.254777
5452.515137	0.254936
5453.0	0.254713
5453.515137	0.254476
5454.0	0.254708
5454.515625	0.254955
5455.0	0.254629
5455.515625	0.254282
5456.0	0.254434
5456.516113	0.254596
5457.0	0.254621
5457.516113	0.254647
5458.0	0.25474
5458.516602	0.25484
5459.0	0.254622
5459.516602	0.254388
5460.0	0.254216
5460.51709	0.254031
5461.0	0.254112
5461.517578	0.254198
5462.0	0.254322
5462.517578	0.254455
5463.0	0.254359
5463.518066	0.254256
5464.0	0.254154
5464.518066	0.254045
5465.0	0.254142
5465.518555	0.254245
5466.0	0.254185
5466.518555	0.254121
5467.0	0.254175
5467.519043	0.254234
5468.0	0.253946
5468.519043	0.253636
5469.0	0.253587
5469.519531	0.253533
5470.0	0.253808
5470.52002	0.254094
5471.0	0.253842
5471.52002	0.253579
5472.0	0.253761
5472.520508	0.253958
5473.0	0.254032
5473.520508	0.254113
5474.0	0.253835
5474.520996	0.253534
5475.0	0.253647
5475.520996	0.253771
5476.0	0.253808
5476.521484	0.253849
5477.0	0.253707
5477.521484	0.253552
5478.0	0.253435
5478.521973	0.253307
5479.0	0.253453
5479.521973	0.253613
5480.0	0.253459
5480.522461	0.25329
5481.0	0.253284
5481.522461	0.253278
5482.0	0.253293
5482.522949	0.253311
5483.0	0.253193
5483.523438	0.253063
5484.0	0.253318
5484.523438	0.253597
5485.0	0.253443
5485.523926	0.253274
5486.0	0.253145
5486.523926	0.253003
5487.0	0.252945
5487.524414	0.252882
5488.0	0.252972
5488.524414	0.253071
5489.0	0.25311
5489.524902	0.253154
5490.0	0.253066
5490.524902	0.252968
5491.0	0.252865
5491.525391	0.252752
5492.0	0.252809
5492.525391	0.25286
5493.0	0.252722
5493.525879	0.252579
5494.0	0.252476
5494.526367	0.252361
5495.0	0.252408
5495.526367	0.252461
5496.0	0.252398
5496.526855	0.252329
5497.0	0.25219
5497.526855	0.252036
5498.0	0.252096
5498.527344	0.252163
5499.0	0.252111
5499.527344	0.252053
5500.0	0.252105
5500.527832	0.252162
5501.0	0.251983
5501.527832	0.251782
5502.0	0.251634
5502.52832	0.251468
5503.0	0.251557
5503.528809	0.251658
5504.0	0.25162
5504.528809	0.251577
5505.0	0.251796
5505.529297	0.252043
5506.0	0.25174
5506.529297	0.251401
5507.0	0.251348
5507.529785	0.25129
5508.0	0.251101
5508.529785	0.250889
5509.0	0.251032
5509.530273	0.251194
5510.0	0.251196
5510.530273	0.2512
5511.0	0.251093
5511.530762	0.250973
5512.0	0.250966
5512.530762	0.250958
5513.0	0.251055
5513.53125	0.251153
5514.0	0.250737
5514.531738	0.250277
5515.0	0.250473
5515.531738	0.250696
5516.0	0.25059
5516.532227	0.250469
5517.0	0.250388
5517.532227	0.250296
5518.0	0.250271
5518.532715	0.250244
5519.0	0.25026
5519.532715	0.250278
5520.0	0.250131
5520.533203	0.249962
5521.0	0.250165
5521.533203	0.250396
5522.0	0.25028
5522.533691	0.250148
5523.0	0.249858
5523.533691	0.249527
5524.0	0.249483
5524.53418	0.249431
5525.0	0.249371
5525.534668	0.249302
5526.0	0.249398
5526.534668	0.249508
5527.0	0.249431
5527.535156	0.249342
5528.0	0.249293
5528.535156	0.249237
5529.0	0.249149
5529.535645	0.249049
5530.0	0.248851
5530.535645	0.248623
5531.0	0.248645
5531.536133	0.248672
5532.0	0.248615
5532.536133	0.248537
5533.0	0.248674
5533.536621	0.248843
5534.0	0.248642
5534.537109	0.248408
5535.0	0.24828
5535.537109	0.248132
5536.0	0.248165
5536.537598	0.248205
5537.0	0.248186
5537.537598	0.248164
5538.0	0.247975
5538.538086	0.247754
5539.0	0.247785
5539.538086	0.247822
5540.0	0.247781
5540.538574	0.247733
5541.0	0.247439
5541.538574	0.247096
5542.0	0.247393
5542.539062	0.247739
5543.0	0.24748
5543.539062	0.247177
5544.0	0.247172
5544.539551	0.247166
5545.0	0.246989
5545.540039	0.246781
5546.0	0.246858
5546.540039	0.246949
5547.0	0.246679
5547.540527	0.246361
5548.0	0.246501
5548.540527	0.246665
5549.0	0.246541
5549.541016	0.246395
5550.0	0.246565
5550.541016	0.246753
5551.0	0.246359
5551.541504	0.245906
5552.0	0.245872
5552.541504	0.245831
5553.0	0.245764
5553.541992	0.245686
5554.0	0.24563
5554.541992	0.245563
5555.0	0.245426
5555.54248	0.245264
5556.0	0.245234
5556.54248	0.245198
5557.0	0.245076
5557.542969	0.244931
5558.0	0.244852
5558.543457	0.244759
5559.0	0.244689
5559.543457	0.244606
5560.0	0.244512
5560.543945	0.244401
5561.0	0.244396
5561.543945	0.244391
5562.0	0.244314
5562.544434	0.244222
5563.0	0.244213
5563.544434	0.244202
5564.0	0.243832
5564.544922	0.243388
5565.0	0.243502
5565.544922	0.243637
5566.0	0.243739
5566.54541	0.243861
5567.0	0.243612
5567.545898	0.243302
5568.0	0.243043
5568.545898	0.242743
5569.0	0.242771
5569.546387	0.242804
5570.0	0.242847
5570.546387	0.242898
5571.0	0.242471
5571.546875	0.241957
5572.0	0.242197
5572.546875	0.242486
5573.0	0.242388
5573.547363	0.242268
5574.0	0.241888
5574.547363	0.241429
5575.0	0.241713
5575.547852	0.242058
5576.0	0.241714
5576.54834	0.241297
5577.0	0.24116
5577.54834	0.240995
5578.0	0.240986
5578.548828	0.240975
5579.0	0.240778
5579.548828	0.240538
5580.0	0.24047
5580.549316	0.240387
5581.0	0.240263
5581.549316	0.240112
5582.0	0.240091
5582.549805	0.240064
5583.0	0.239932
5583.549805	0.239759
5584.0	0.239899
5584.550293	0.240082
5585.0	0.239709
5585.550293	0.239254
5586.0	0.239205
5586.550781	0.239145
5587.0	0.239215
5587.550781	0.239302
5588.0	0.239105
5588.55127	0.238864
5589.0	0.238739
5589.551758	0.238587
5590.0	0.238447
5590.551758	0.238275
5591.0	0.238307
5591.552246	0.238346
5592.0	0.238082
5592.552246	0.237756
5593.0	0.237806
5593.552734	0.237868
5594.0	0.237695
5594.552734	0.237481
5595.0	0.237326
5595.553223	0.237134
5596.0	0.237154
5596.553223	0.237179
5597.0	0.236978
5597.553711	0.23673
5598.0	0.236885
5598.554199	0.237067
5599.0	0.236751
5599.554199	0.236369
5600.0	0.236236
5600.554688	0.236069
5601.0	0.23597
5601.554688	0.235846
5602.0	0.235758
5602.555176	0.235648
5603.0	0.235464
5603.555176	0.235235
5604.0	0.235282
5604.555664	0.235341
5605.0	0.235195
5605.555664	0.235013
5606.0	0.235057
5606.556152	0.235113
5607.0	0.234969
5607.556641	0.234787
5608.0	0.234681
5608.556641	0.234549
5609.0	0.23423
5609.557129	0.23383
5610.0	0.23374
5610.557129	0.233626
5611.0	0.23356
5611.557617	0.233476
5612.0	0.233087
5612.557617	0.232598
5613.0	0.232809
5613.558105	0.233063
5614.0	0.233004
5614.558105	0.232939
5615.0	0.232854
5615.558594	0.232746
5616.0	0.232628
5616.558594	0.232478
5617.0	0.232224
5617.559082	0.231901
5618.0	0.231765
5618.559082	0.231593
5619.0	0.231386
5619.55957	0.231122
5620.0	0.2313
5620.55957	0.231526
5621.0	0.231344
5621.560059	0.231111
5622.0	0.230844
5622.560547	0.230503
5623.0	0.23023
5623.560547	0.22988
5624.0	0.229898
5624.561035	0.229919
5625.0	0.229879
5625.561035	0.229828
5626.0	0.229703
5626.561523	0.229542
5627.0	0.229293
5627.561523	0.228964
5628.0	0.228901
5628.562012	0.228832
5629.0	0.228823
5629.562012	0.228811
5630.0	0.228647
5630.5625	0.228432
5631.0	0.228345
5631.562988	0.228234
5632.0	0.228138
5632.562988	0.228015
5633.0	0.227782
5633.563477	0.227483
5634.0	0.227432
5634.563477	0.227367
5635.0	0.227188
5635.563965	0.226958
5636.0	0.226727
5636.563965	0.226429
5637.0	0.226429
5637.564453	0.226428
5638.0	0.22653
5638.564941	0.226662
5639.0	0.226274
5639.564941	0.225771
5640.0	0.225683
5640.56543	0.225569
5641.0	0.225337
5641.56543	0.225025
5642.0	0.22507
5642.565918	0.22514
5643.0	0.224902
5643.565918	0.224592
5644.0	0.224489
5644.566406	0.224355
5645.0	0.224212
5645.566406	0.224025
5646.0	0.2239
5646.566895	0.223736
5647.0	0.223477
5647.566895	0.223138
5648.0	0.223169
5648.567383	0.223209
5649.0	0.223056
5649.567383	0.222856
5650.0	0.222692
5650.567871	0.222478
5651.0	0.222435
5651.567871	0.222378
5652.0	0.222305
5652.568359	0.222209
5653.0	0.222035
5653.568848	0.221806
5654.0	0.221608
5654.568848	0.221336
5655.0	0.22118
5655.569336	0.220984
5656.0	0.220812
5656.569336	0.220585
5657.0	0.220524
5657.569824	0.220444
5658.0	0.220288
5658.569824	0.22008
5659.0	0.220125
5659.570312	0.220186
5660.0	0.219901
5660.570312	0.219522
5661.0	0.219634
5661.570801	0.219783
5662.0	0.219583
5662.571289	0.219318
5663.0	0.219122
5663.571289	0.218861
5664.0	0.21889
5664.571777	0.218927
5665.0	0.218549
5665.571777	0.218043
5666.0	0.218075
5666.572266	0.218116
5667.0	0.217881
5667.572266	0.217556
5668.0	0.217548
5668.572754	0.217548
5669.0	0.217261
5669.572754	0.216877
5670.0	0.216966
5670.573242	0.217085
5671.0	0.216932
5671.57373	0.216726
5672.0	0.216501
5672.57373	0.216198
5673.0	0.216204
5673.574219	0.216212
5674.0	0.216074
5674.574219	0.215888
5675.0	0.215786
5675.574707	0.215649
5676.0	0.215433
5676.574707	0.215142
5677.0	0.214998
5677.575195	0.214803
5678.0	0.214771
5678.575195	0.214727
5679.0	0.214522
5679.575684	0.214234
5680.0	0.21412
5680.575684	0.213976
5681.0	0.213937
5681.576172	0.213883
5682.0	0.213804
5682.576172	0.213698
5683.0	0.213585
5683.57666	0.213431
5684.0	0.213319
5684.577148	0.213165
5685.0	0.212851
5685.577148	0.212421
5686.0	0.212347
5686.577637	0.212246
5687.0	0.212266
5687.577637	0.212293
5688.0	0.212196
5688.578125	0.212064
5689.0	0.211903
5689.578125	0.211682
5690.0	0.21167
5690.578613	0.211653
5691.0	0.211494
5691.578613	0.211265
5692.0	0.211051
5692.579102	0.210767
5693.0	0.210653
5693.57959	0.210495
5694.0	0.210494
5694.57959	0.210494
5695.0	0.210281
5695.580078	0.209988
5696.0	0.209874
5696.580078	0.209716
5697.0	0.209487
5697.580566	0.209172
5698.0	0.208997
5698.580566	0.208754
5699.0	0.208909
5699.581055	0.209123
5700.0	0.209014
5700.581055	0.208864
5701.0	0.208751
5701.581543	0.208595
5702.0	0.208589
5702.582031	0.208582
5703.0	0.208404
5703.582031	0.208146
5704.0	0.207994
5704.58252	0.207791
5705.0	0.207554
5705.58252	0.207222
5706.0	0.207319
5706.583008	0.207455
5707.0	0.207185
5707.583008	0.206807
5708.0	0.206747
5708.583496	0.206662
5709.0	0.20667
5709.583496	0.206682
5710.0	0.206459
5710.583984	0.206148
5711.0	0.206154
5711.583984	0.206163
5712.0	0.205855
5712.584473	0.205422
5713.0	0.205682
5713.584473	0.206048
5714.0	0.205727
5714.584961	0.205264
5715.0	0.205224
5715.584961	0.205178
5716.0	0.205181
5716.585449	0.205186
5717.0	0.204947
5717.585938	0.204608
5718.0	0.204567
5718.585938	0.204509
5719.0	0.204335
5719.586426	0.204088
5720.0	0.204127
5720.586426	0.204182
5721.0	0.204012
5721.586914	0.203771
5722.0	0.203712
5722.586914	0.203629
5723.0	0.20345
5723.587402	0.203196
5724.0	0.203226
5724.587402	0.203269
5725.0	0.203235
5725.587891	0.203178
5726.0	0.202834
5726.588379	0.202353
5727.0	0.202434
5727.588379	0.202549
5728.0	0.202563
5728.588867	0.202583
5729.0	0.202335
5729.588867	0.201981
5730.0	0.201876
5730.589355	0.201725
5731.0	0.201608
5731.589355	0.201441
5732.0	0.201235
5732.589844	0.200939
5733.0	0.201043
5733.590332	0.201193
5734.0	0.201087
5734.590332	0.200935
5735.0	0.200807
5735.59082	0.200622
5736.0	0.200644
5736.59082	0.200666
5737.0	0.200503
5737.591309	0.200278
5738.0	0.200159
5738.591309	0.199988
5739.0	0.199943
5739.591797	0.199878
5740.0	0.199775
5740.591797	0.199626
5741.0	0.199458
5741.592285	0.199214
5742.0	0.199116
5742.592285	0.198973
5743.0	0.199006
5743.592773	0.199054
5744.0	0.198769
5744.592773	0.198354
5745.0	0.198319
5745.593262	0.198268
5746.0	0.198093
5746.593262	0.197838
5747.0	0.197901
5747.59375	0.197982
5748.0	0.197698
5748.594238	0.197293
5749.0	0.197192
5749.594238	0.197044
5750.0	0.196952
5750.594727	0.196818
5751.0	0.196686
5751.594727	0.196493
5752.0	0.196449
5752.595215	0.196385
5753.0	0.196152
5753.595215	0.195809
5754.0	0.19577
5754.595703	0.195712
5755.0	0.195502
5755.595703	0.195193
5756.0	0.19523
5756.596191	0.195284
5757.0	0.195015
5757.59668	0.194607
5758.0	0.194539
5758.59668	0.194449
5759.0	0.194311
5759.597168	0.194106
5760.0	0.194096
5760.597168	0.19408
5761.0	0.193818
5761.597656	0.193429
5762.0	0.193329
5762.597656	0.19318
5763.0	0.19307
5763.598145	0.192908
5764.0	0.192745
5764.598633	0.192503
5765.0	0.192403
5765.598633	0.192254
5766.0	0.192152
5766.599121	0.191999
5767.0	0.19176
5767.599121	0.191394
5768.0	0.191259
5768.599609	0.191067
5769.0	0.190839
5769.599609	0.190497
5770.0	0.190315
5770.600098	0.190042
5771.0	0.189818
5771.600098	0.189482
5772.0	0.189407
5772.600586	0.189296
5773.0	0.189088
5773.600586	0.188775
5774.0	0.188539
5774.601074	0.188183
5775.0	0.187849
5775.601074	0.187347
5776.0	0.187512
5776.601562	0.187762
5777.0	0.1873
5777.601562	0.186593
5778.0	0.186292
5778.602051	0.185846
5779.0	0.185748
5779.602539	0.185598
5780.0	0.185417
5780.602539	0.185143
5781.0	0.184844
5781.603027	0.184391
5782.0	0.184081
5782.603027	0.183611
5783.0	0.183409
5783.603516	0.183103
5784.0	0.182817
5784.603516	0.182383
5785.0	0.182086
5785.604004	0.181634
5786.0	0.181405
5786.604004	0.181055
5787.0	0.180715
5787.604492	0.180186
5788.0	0.179901
5788.60498	0.179474
5789.0	0.17918
5789.60498	0.178728
5790.0	0.178478
5790.605469	0.178096
5791.0	0.177723
5791.605469	0.17715
5792.0	0.17685
5792.605957	0.17639
5793.0	0.176039
5793.605957	0.175498
5794.0	0.175127
5794.606445	0.174555
5795.0	0.17418
5795.606445	0.173602
5796.0	0.173128
5796.606934	0.172398
5797.0	0.17206
5797.607422	0.171528
5798.0	0.170996
5798.607422	0.170181
5799.0	0.169932
5799.60791	0.169546
5800.0	0.168949
5800.60791	0.168024
5801.0	0.167651
5801.608398	0.167073
5802.0	0.166577
5802.608398	0.165806
5803.0	0.165296
5803.608887	0.164503
5804.0	0.164034
5804.608887	0.163304
5805.0	0.162731
5805.609375	0.161839
5806.0	0.161393
5806.609375	0.160691
5807.0	0.160116
5807.609863	0.159228
5808.0	0.158682
5808.609863	0.157828
5809.0	0.157205
5809.610352	0.156231
5810.0	0.155528
5810.61084	0.154425
5811.0	0.153932
5811.61084	0.153157
5812.0	0.152389
5812.611328	0.151182
5813.0	0.150532
5813.611328	0.14951
5814.0	0.148699
5814.611816	0.147422
5815.0	0.146776
5815.611816	0.14575
5816.0	0.145088
5816.612305	0.144053
5817.0	0.143354
5817.612305	0.142249
5818.0	0.14142
5818.612793	0.140109
5819.0	0.139249
5819.613281	0.137888
5820.0	0.137081
5820.613281	0.135801
5821.0	0.134904
5821.61377	0.13348
5822.0	0.132551
5822.61377	0.131074
5823.0	0.13024
5823.614258	0.128913
5824.0	0.12795
5824.614258	0.126416
5825.0	0.125496
5825.614746	0.124025
5826.0	0.123018
5826.614746	0.121417
5827.0	0.12049
5827.615234	0.119008
5828.0	0.11802
5828.615723	0.116439
5829.0	0.115478
5829.615723	0.113938
5830.0	0.113021
5830.616211	0.111553
5831.0	0.110421
5831.616211	0.108603
5832.0	0.107646
5832.616699	0.106108
5833.0	0.104988
5833.616699	0.103186
5834.0	0.102108
5834.617188	0.100367
5835.0	0.0992781
5835.617188	0.0975278
5836.0	0.0964282
5836.617676	0.0946542
5837.0	0.0935359
5837.617676	0.0917293
5838.0	0.0906916
5838.618164	0.0890139
5839.0	0.0879683
5839.618164	0.0862757
5840.0	0.0851526
5840.618652	0.0833329
5841.0	0.0823328
5841.619141	0.0807091
5842.0	0.079591
5842.619141	0.0777694
5843.0	0.0768609
5843.619629	0.0753872
5844.0	0.074379
5844.619629	0.0727367
5845.0	0.0716833
5845.620117	0.069966
5846.0	0.0689135
5846.620117	0.0671955
5847.0	0.0662478
5847.620605	0.0646998
5848.0	0.0637547
5848.620605	0.0622088
5849.0	0.0612185
5849.621094	0.0595975
5850.0	0.0586157
5850.621582	0.0570051
5851.0	0.0561399
5851.621582	0.054716
5852.0	0.0538686
5852.62207	0.0524787
5853.0	0.051604
5853.62207	0.0501643
5854.0	0.0493434
5854.622559	0.0479912
5855.0	0.0471542
5855.622559	0.0457737
5856.0	0.0450529
5856.623047	0.0438631
5857.0	0.0431522
5857.623047	0.0419772
5858.0	0.0412745
5858.623535	0.0401122
5859.0	0.039325
5859.624023	0.0380203
5860.0	0.0373708
5860.624023	0.0362909
5861.0	0.0356451
5861.624512	0.0345745
5862.0	0.0339318
5862.624512	0.032863
5863.0	0.0322335
5863.625	0.0311858
5864.0	0.0305964
5864.625	0.0296141
5865.0	0.0290846
5865.625488	0.0282013
5866.0	0.0276683
5866.625488	0.0267782
5867.0	0.0262716
5867.625977	0.0254249
5868.0	0.024928
5868.625977	0.0240953
5869.0	0.0236853
5869.626465	0.0229999
5870.0	0.0225702
5870.626465	0.0218495
5871.0	0.0214734
5871.626953	0.0208422
5872.0	0.02041
5872.627441	0.0196832
5873.0	0.0192994
5873.627441	0.018653
5874.0	0.0182883
5874.62793	0.0176735
5875.0	0.0173298
5875.62793	0.0167498
5876.0	0.0164154
5876.628418	0.0158507
5877.0	0.0155336
5877.628418	0.0149966
5878.0	0.0147033
5878.628906	0.0142077
5879.0	0.0139369
5879.628906	0.0134779
5880.0	0.0132094
5880.629395	0.0127539
5881.0	0.0125106
5881.629883	0.0120972
5882.0	0.0118718
5882.629883	0.0114882
5883.0	0.0112702
5883.630371	0.010899
5884.0	0.0107003
5884.630371	0.0103616
5885.0	0.0101577
5885.630859	0.00980931
5886.0	0.00960868
5886.630859	0.00926634
5887.0	0.00908345
5887.631348	0.00877067
5888.0	0.00860008
5888.631348	0.00830794
5889.0	0.00814549
5889.631836	0.00786708
5890.0	0.00771015
5890.632324	0.00744062
5891.0	0.00729119
5891.632324	0.00703423
5892.0	0.00691049
5892.632812	0.00669754
5893.0	0.00656612
5893.632812	0.00633931
5894.0	0.00622062
5894.633301	0.00601626
5895.0	0.00589722
5895.633301	0.00569164
5896.0	0.00559623
5896.633789	0.00543133
5897.0	0.00532899
5897.633789	0.0051519
5898.0	0.00505849
5898.634277	0.00489671
5899.0	0.00480743
5899.634277	0.0046526
5900.0	0.00455594
5900.634766	0.00438819
5901.0	0.00430625
5901.634766	0.00416362
5902.0	0.00408401
5902.635254	0.00394577
5903.0	0.00388012
5903.635742	0.00376571
5904.0	0.00368957
5904.635742	0.00355668
5905.0	0.00349407
5905.63623	0.00338472
5906.0	0.00332131
5906.63623	0.00321039
5907.0	0.00315146
5907.636719	0.00304832
5908.0	0.00299563
5908.636719	0.00290329
5909.0	0.0028489
5909.637207	0.00275335
5910.0	0.00270792
5910.637207	0.00262829
5911.0	0.00258016
5911.637695	0.00249556
5912.0	0.00245139
5912.638184	0.00237359
5913.0	0.00233195
5913.638184	0.00225851
5914.0	0.00221559
5914.638672	0.00213985
5915.0	0.00210053
5915.638672	0.00203105
5916.0	0.00199511
5916.63916	0.00193152
5917.0	0.00189841
5917.63916	0.00183967
5918.0	0.00180674
5918.639648	0.00174847
5919.0	0.00171725
5919.640137	0.00166181
5920.0	0.00163363
5920.640137	0.00158352
5921.0	0.00155912
5921.640625	0.00151568
5922.0	0.00148562
5922.640625	0.00143203
5923.0	0.00141024
5923.641113	0.00137137
5924.0	0.00134628
5924.641113	0.00130147
5925.0	0.00128078
5925.641602	0.00124373
5926.0	0.00122464
5926.641602	0.00119052
5927.0	0.00116741
5927.64209	0.00112601
5928.0	0.00110687
5928.64209	0.00107254
5929.0	0.00105491
5929.642578	0.00102326
5930.0	0.00100575
5930.642578	0.000974277
5931.0	0.00095774
5931.643066	0.000927986
5932.0	0.000912956
5932.643066	0.000885828
5933.0	0.000871845
5933.643555	0.000846682
5934.0	0.000832639
5934.644043	0.000807268
5935.0	0.000793982
5935.644043	0.000769945
5936.0	0.000757091
5936.644531	0.000733818
5937.0	0.000723416
5937.644531	0.000704555
5938.0	0.000692993
5938.64502	0.000672013
5939.0	0.000661627
5939.64502	0.000642756
5940.0	0.000632164
5940.645508	0.00061287
5941.0	0.000603434
5941.645508	0.000586285
5942.0	0.000574971
5942.645996	0.000554354
5943.0	0.000546538
5943.646484	0.000532265
5944.0	0.000523086
5944.646484	0.000506301
5945.0	0.000498181
5945.646973	0.000483322
5946.0	0.000476052
5946.646973	0.000462729
5947.0	0.000455989
5947.647461	0.000443629
5948.0	0.000436581
5948.647461	0.000423613
5949.0	0.000417817
5949.647949	0.000407188
5950.0	0.000400469
5950.648438	0.000388094
5951.0	0.000382325
5951.648438	0.000371684
5952.0	0.000366442
5952.648926	0.000356766
5953.0	0.000351948
5953.648926	0.000343042
5954.0	0.00033718
5954.649414	0.000326338
5955.0	0.000321945
5955.649414	0.000313791
5956.0	0.000308138
5956.649902	0.000297678
5957.0	0.000292353
5957.649902	0.000282469
5958.0	0.000278816
5958.650391	0.000272029
5959.0	0.00026765
5959.650391	0.000259505
5960.0	0.00025721
5960.650879	0.000252939
5961.0	0.000248359
5961.650879	0.000239821
5962.0	0.000236283
5962.651367	0.00022967
5963.0	0.000226959
5963.651367	0.000221909
5964.0	0.000218688
5964.651855	0.000212666
5965.0	0.000209036
5965.652344	0.000202233
5966.0	0.000200574
5966.652344	0.00019746
5967.0	0.000193628
5967.652832	0.000186432
5968.0	0.000183431
5968.652832	0.000177788
5969.0	0.000176236
5969.65332	0.000173314
5970.0	0.000169595
5970.65332	0.000162578
5971.0	0.00016092
5971.653809	0.000157803
5972.0	0.000155946
5972.654297	0.000152437
5973.0	0.000150376
5973.654297	0.000146476
5974.0	0.000143594
5974.654785	0.000138135
5975.0	0.000136488
5975.654785	0.000133366
5976.0	0.00013131
5976.655273	0.000127407
5977.0	0.000125558
5977.655273	0.000122037
5978.0	0.000120904
5978.655762	0.000118754
5979.0	0.000116704
5979.655762	0.000112797
5980.0	0.000110645
5980.65625	0.000106543
5981.0	0.000105314
5981.656738	0.000102967
5982.0	0.000101944
5982.656738	9.99873e-05
5983.0	9.8965e-05
5983.657227	9.70076e-05
5984.0	9.50682e-05
5984.657227	9.13449e-05
5985.0	9.07294e-05
5985.657715	8.95534e-05
5986.0	8.74136e-05
5986.657715	8.33021e-05
5987.0	8.24867e-05
5987.658203	8.09187e-05
5988.0	7.92907e-05
5988.658203	7.61557e-05
5989.0	7.62562e-05
5989.658691	7.645e-05
5990.0	7.50276e-05
5990.658691	7.22825e-05
5991.0	7.16726e-05
5991.65918	7.04909e-05
5992.0	6.95756e-05
5992.65918	6.78094e-05
5993.0	6.69979e-05
5993.659668	6.54274e-05
5994.0	6.40095e-05
5994.659668	6.12614e-05
5995.0	6.13617e-05
5995.660156	6.15563e-05
5996.0	6.01413e-05
5996.660645	5.73907e-05
5997.0	5.6179e-05
