7766.0	2.98954e-05
7767.0	3.13557e-05
7768.0	3.28115e-05
7769.0	3.42685e-05
7770.0	3.57206e-05
7771.0	3.71742e-05
7772.0	3.86227e-05
7772.138184	3.88232e-05
7773.0	3.97766e-05
7774.0	4.0878e-05
7775.0	4.19817e-05
7776.0	4.30803e-05
7777.0	4.41815e-05
7778.0	4.52773e-05
7779.0	4.63759e-05
7780.0	4.7469e-05
7781.0	4.85651e-05
7782.0	4.96555e-05
7782.140625	4.98093e-05
7783.0	5.07652e-05
7784.0	5.18718e-05
7785.0	5.29816e-05
7786.0	5.40902e-05
7787.0	5.51926e-05
7788.0	5.62986e-05
7789.0	5.73982e-05
7790.0	5.85016e-05
7791.0	5.95984e-05
7792.0	6.06993e-05
7792.143555	6.08564e-05
7793.0	6.29255e-05
7794.0	6.53444e-05
7795.0	6.77545e-05
7796.0	7.01677e-05
7797.0	7.25718e-05
7798.0	7.49794e-05
7799.0	7.73774e-05
7800.0	7.97794e-05
7801.0	8.21714e-05
7802.0	8.45678e-05
7802.145996	8.49164e-05
7803.0	8.7643e-05
7804.0	9.084e-05
7805.0	9.40251e-05
7806.0	9.72147e-05
7807.0	0.000100392
7808.0	0.000103574
7809.0	0.000106743
7810.0	0.000109918
7811.0	0.000113079
7812.0	0.000116246
7812.148926	0.000116716
7813.0	0.000119574
7814.0	0.000122939
7815.0	0.000126289
7816.0	0.000129646
7817.0	0.000132988
7818.0	0.000136337
7819.0	0.00013967
7820.0	0.000143011
7821.0	0.000146336
7822.0	0.00014967
7822.151367	0.000150172
7823.0	0.00015489
7824.0	0.000160458
7825.0	0.000166004
7826.0	0.000171559
7827.0	0.000177091
7828.0	0.000182632
7829.0	0.000188151
7830.0	0.000193679
7831.0	0.000199203
7832.0	0.000204738
7832.154297	0.000205589
7833.0	0.000211653
7834.0	0.000218836
7835.0	0.000225992
7836.0	0.00023316
7837.0	0.000240301
7838.0	0.000247456
7839.0	0.000254581
7840.0	0.000261721
7841.0	0.000268831
7842.0	0.000275958
7842.157227	0.000277074
7843.0	0.000285125
7844.0	0.000294694
7845.0	0.000304227
7846.0	0.000313778
7847.0	0.00032329
7848.0	0.000332822
7849.0	0.000342314
7850.0	0.000351827
7851.0	0.000361299
7852.0	0.000370793
7852.159668	0.000372303
7853.0	0.000383711
7854.0	0.000397308
7855.0	0.000410855
7856.0	0.000424425
7857.0	0.000437943
7858.0	0.000451486
7859.0	0.000464975
7860.0	0.000478492
7861.0	0.000491952
7862.0	0.000505442
7862.162598	0.000507626
7863.0	0.000523831
7864.0	0.00054321
7865.0	0.000562521
7866.0	0.000581863
7867.0	0.000601132
7868.0	0.000620435
7869.0	0.000639662
7870.0	0.000658927
7871.0	0.000678113
7872.0	0.00069734
7872.165039	0.000700501
7873.0	0.000721416
7874.0	0.000746507
7875.0	0.000771505
7876.0	0.000796546
7877.0	0.00082149
7878.0	0.000846481
7879.0	0.000871371
7880.0	0.000896313
7881.0	0.000921148
7882.0	0.000946041
7882.167969	0.000950205
7883.0	0.000979768
7884.0	0.00101535
7885.0	0.00105081
7886.0	0.00108632
7887.0	0.0011217
7888.0	0.00115715
7889.0	0.00119245
7890.0	0.00122782
7891.0	0.00126305
7892.0	0.00129835
7892.17041	0.00130434
7893.0	0.00134486
7894.0	0.00139378
7895.0	0.00144252
7896.0	0.00149134
7897.0	0.00153998
7898.0	0.0015887
7899.0	0.00163723
7900.0	0.00168586
7901.0	0.00173428
7902.0	0.00178281
7902.17334	0.00179119
7903.0	0.00184638
7904.0	0.00191325
7905.0	0.00197988
7906.0	0.00204661
7907.0	0.00211309
7908.0	0.00217969
7909.0	0.00224603
7910.0	0.0023125
7911.0	0.00237869
7912.0	0.00244503
7912.175781	0.00245664
7913.0	0.00253323
7914.0	0.00262629
7915.0	0.00271902
7916.0	0.0028119
7917.0	0.00290442
7918.0	0.00299711
7919.0	0.00308944
7920.0	0.00318194
7921.0	0.00327406
7922.0	0.00336638
7922.178711	0.00338281
7923.0	0.00349394
7924.0	0.00362943
7925.0	0.00376445
7926.0	0.00389966
7927.0	0.00403439
7928.0	0.00416896
7929.0	0.00430376
7930.0	0.00443804
7931.0	0.00457257
7932.0	0.00470655
7932.181152	0.00473088
7933.0	0.00488609
7934.0	0.00507502
7935.0	0.0052642
7936.0	0.00545271
7937.0	0.00564151
7938.0	0.00582961
7939.0	0.00601803
7940.0	0.00620571
7941.0	0.00639375
7942.0	0.00658103
7942.184082	0.00661559
7943.0	0.00682168
7944.0	0.00707341
7945.0	0.00732552
7946.0	0.0075767
7947.0	0.0078283
7948.0	0.00807893
7949.0	0.00833002
7950.0	0.0085801
7951.0	0.00883069
7952.0	0.00908022
7952.186523	0.00912688
7953.0	0.00941467
7954.0	0.00976727
7955.0	0.0101204
7956.0	0.0104722
7957.0	0.0108246
7958.0	0.0111756
7959.0	0.0115263
7960.0	0.0118776
7961.0	0.0122274
7962.0	0.012578
7962.189453	0.0126442
7963.0	0.0130363
7964.0	0.0135208
7965.0	0.0140035
7966.0	0.014487
7967.0	0.0149687
7968.0	0.0154513
7969.0	0.0159319
7970.0	0.0164134
7971.0	0.016893
7972.0	0.0173736
7972.191895	0.0174655
7973.0	0.0179979
7974.0	0.0186577
7975.0	0.0193151
7976.0	0.0199736
7977.0	0.0206296
7978.0	0.0212868
7979.0	0.0219413
7980.0	0.0225972
7981.0	0.0232505
7982.0	0.023903
7982.194824	0.0240305
7983.0	0.0246787
7984.0	0.0254807
7985.0	0.0262842
7986.0	0.0270845
7987.0	0.0278864
7988.0	0.0286849
7989.0	0.0294852
7990.0	0.030282
7991.0	0.0310812
7992.0	0.0318768
7992.197754	0.0320346
7993.0	0.032888
7994.0	0.0339477
7995.0	0.0350095
7996.0	0.0360671
7997.0	0.0371268
7998.0	0.0381821
7999.0	0.0392398
8000.0	0.0402928
8001.0	0.0413436
8002.0	0.042397
8002.200195	0.042607
8003.0	0.0436469
8004.0	0.0449499
8005.0	0.0462473
8006.0	0.0475476
8007.0	0.0488421
8008.0	0.0501397
8009.0	0.0514314
8010.0	0.0527263
8011.0	0.0540157
8012.0	0.0553087
8012.203125	0.0555701
8013.0	0.0567307
8014.0	0.0581909
8015.0	0.0596444
8016.0	0.0611016
8017.0	0.0625518
8018.0	0.0640004
8019.0	0.0654532
8020.0	0.0668985
8021.0	0.0683488
8022.0	0.0697915
8022.205566	0.0700891
8023.0	0.0712945
8024.0	0.072804
8025.0	0.0743184
8026.0	0.0758246
8027.0	0.077336
8028.0	0.0788388
8029.0	0.0803472
8030.0	0.0818467
8031.0	0.0833532
8032.0	0.0848507
8032.208496	0.0851627
8033.0	0.0863589
8034.0	0.0878767
8035.0	0.0893849
8036.0	0.0908997
8037.0	0.0924048
8038.0	0.0939166
8039.0	0.0954184
8040.0	0.0969272
8041.0	0.0984259
8042.0	0.099932
8042.210938	0.100248
8043.0	0.101314
8044.0	0.102672
8045.0	0.104021
8046.0	0.105377
8047.0	0.106722
8048.0	0.108066
8049.0	0.109418
8050.0	0.110759
8051.0	0.112108
8052.0	0.113446
8052.213867	0.113734
8053.0	0.114611
8054.0	0.115716
8055.0	0.116829
8056.0	0.117931
8057.0	0.119042
8058.0	0.120142
8059.0	0.121251
8060.0	0.122348
8061.0	0.123443
8062.0	0.124549
8062.216309	0.124786
8063.0	0.125418
8064.0	0.126234
8065.0	0.127039
8066.0	0.127854
8067.0	0.128657
8068.0	0.12947
8069.0	0.130271
8070.0	0.131083
8071.0	0.131882
8072.0	0.132693
8072.219238	0.132868
8073.0	0.133296
8074.0	0.133845
8075.0	0.134405
8076.0	0.134952
8077.0	0.135511
8078.0	0.136057
8079.0	0.136614
8080.0	0.137159
8081.0	0.137715
8082.0	0.138259
8082.22168	0.138382
8083.0	0.13866
8084.0	0.139005
8085.0	0.139349
8086.0	0.139705
8087.0	0.140048
8088.0	0.140404
8089.0	0.140746
8090.0	0.141101
8091.0	0.141442
8092.0	0.141796
8092.224609	0.141873
8093.0	0.142014
8094.0	0.14221
8095.0	0.142392
8096.0	0.142574
8097.0	0.142768
8098.0	0.14295
8099.0	0.143144
8100.0	0.143325
8101.0	0.143519
8102.0	0.143699
8102.227539	0.143743
8103.0	0.143791
8104.0	0.143839
8105.0	0.143901
8106.0	0.143949
8107.0	0.143998
8108.0	0.144059
8109.0	0.144107
8110.0	0.144168
8111.0	0.144216
8112.0	0.144277
8112.22998	0.144288
8113.0	0.144291
8114.0	0.144307
8115.0	0.144311
8116.0	0.144327
8117.0	0.14433
8118.0	0.144333
8119.0	0.14435
8120.0	0.144353
8121.0	0.144369
8122.0	0.144372
8122.23291	0.144375
8123.0	0.14435
8124.0	0.144303
8125.0	0.14427
8126.0	0.144223
8127.0	0.144177
8128.0	0.144143
8129.0	0.144097
8130.0	0.144063
8131.0	0.144017
8132.0	0.143983
8132.235352	0.143972
8133.0	0.143919
8134.0	0.143862
8135.0	0.143793
8136.0	0.143723
8137.0	0.143667
8138.0	0.143597
8139.0	0.14354
8140.0	0.143471
8141.0	0.143414
8142.0	0.143345
8142.238281	0.143331
8143.0	0.143279
8144.0	0.143197
8145.0	0.143115
8146.0	0.143046
8147.0	0.142964
8148.0	0.142895
8149.0	0.142813
8150.0	0.142744
8151.0	0.142662
8152.0	0.142594
8152.240723	0.142574
8153.0	0.142508
8154.0	0.142422
8155.0	0.142349
8156.0	0.142263
8157.0	0.14219
8158.0	0.142104
8159.0	0.142031
8160.0	0.141945
8161.0	0.141872
8162.0	0.141786
8162.243652	0.141765
8163.0	0.14172
8164.0	0.141675
8165.0	0.141616
8166.0	0.14157
8167.0	0.141512
8168.0	0.141466
8169.0	0.141407
8170.0	0.141361
8171.0	0.141303
8172.0	0.141244
8172.246094	0.141233
8173.0	0.141191
8174.0	0.141123
8175.0	0.141069
8176.0	0.141001
8177.0	0.140946
8178.0	0.140878
8179.0	0.14081
8180.0	0.140755
8181.0	0.140688
8182.0	0.140633
8182.249023	0.140616
8183.0	0.140582
8184.0	0.140549
8185.0	0.140504
8186.0	0.140472
8187.0	0.140427
8188.0	0.140381
8189.0	0.140349
8190.0	0.140304
8191.0	0.140271
8192.0	0.140226
8192.251953	0.140218
8193.0	0.140206
8194.0	0.140177
8195.0	0.140148
8196.0	0.140132
8197.0	0.140103
8198.0	0.140087
8199.0	0.140058
8200.0	0.140042
8201.0	0.140014
8202.0	0.14
8202.253906	0.139993
8203.0	0.139966
8204.0	0.13993
8205.0	0.139907
8206.0	0.139871
8207.0	0.139847
8208.0	0.139811
8209.0	0.139787
8210.0	0.139751
8211.0	0.139715
8212.0	0.139691
8212.256836	0.139682
8213.0	0.139681
8214.0	0.139692
8215.0	0.13969
8216.0	0.139701
8217.0	0.1397
8218.0	0.139698
8219.0	0.139709
8220.0	0.139707
8221.0	0.139717
8222.0	0.139715
8222.259766	0.139718
8223.0	0.139702
8224.0	0.139668
8225.0	0.139633
8226.0	0.139612
8227.0	0.139578
8228.0	0.139556
8229.0	0.139522
8230.0	0.1395
8231.0	0.139474
8232.0	0.139447
8232.262695	0.139444
8233.0	0.139458
8234.0	0.139464
8235.0	0.139483
8236.0	0.13949
8237.0	0.139509
8238.0	0.139515
8239.0	0.139521
8240.0	0.139539
8241.0	0.139545
8242.0	0.139564
8242.264648	0.139566
8243.0	0.139559
8244.0	0.139562
8245.0	0.139553
8246.0	0.139543
8247.0	0.139546
8248.0	0.139537
8249.0	0.13954
8250.0	0.13953
8251.0	0.139533
8252.0	0.139524
8252.267578	0.139521
8253.0	0.139511
8254.0	0.139511
8255.0	0.139497
8256.0	0.139496
8257.0	0.139483
8258.0	0.139482
8259.0	0.139468
8260.0	0.139455
8261.0	0.139454
8262.0	0.13944
8262.270508	0.139439
8263.0	0.139454
8264.0	0.139462
8265.0	0.13947
8266.0	0.13949
8267.0	0.139497
8268.0	0.139517
8269.0	0.139525
8270.0	0.139545
8271.0	0.139552
8272.0	0.139559
8272.273438	0.139564
8273.0	0.139548
8274.0	0.139514
8275.0	0.139492
8276.0	0.139457
8277.0	0.139435
8278.0	0.139401
8279.0	0.139366
8280.0	0.139344
8281.0	0.139309
8282.0	0.139287
8282.276367	0.139277
8283.0	0.139262
8284.0	0.139241
8285.0	0.139233
8286.0	0.139212
8287.0	0.139204
8288.0	0.139183
8289.0	0.139174
8290.0	0.139153
8291.0	0.139132
8292.0	0.139123
8292.27832	0.139117
8293.0	0.139087
8294.0	0.139058
8295.0	0.139016
8296.0	0.138975
8297.0	0.138946
8298.0	0.138904
8299.0	0.138875
8300.0	0.138833
8301.0	0.138804
8302.0	0.138762
8302.28125	0.13875
8303.0	0.138716
8304.0	0.138683
8305.0	0.138636
8306.0	0.138602
8307.0	0.138555
8308.0	0.138508
8309.0	0.138474
8310.0	0.138427
8311.0	0.138393
8312.0	0.138346
8312.28418	0.138333
8313.0	0.138302
8314.0	0.138272
8315.0	0.138229
8316.0	0.138199
8317.0	0.138156
8318.0	0.138125
8319.0	0.138082
8320.0	0.138039
8321.0	0.138008
8322.0	0.137965
8322.287109	0.137956
8323.0	0.137926
8324.0	0.13787
8325.0	0.137814
8326.0	0.137771
8327.0	0.137715
8328.0	0.137671
8329.0	0.137615
8330.0	0.137559
8331.0	0.137516
8332.0	0.13746
8332.289062	0.137447
8333.0	0.137412
8334.0	0.137349
8335.0	0.137298
8336.0	0.137235
8337.0	0.137172
8338.0	0.137121
8339.0	0.137058
8340.0	0.137008
8341.0	0.136945
8342.0	0.136881
8342.291992	0.136867
8343.0	0.136828
8344.0	0.136761
8345.0	0.136706
8346.0	0.136638
8347.0	0.136571
8348.0	0.136516
8349.0	0.136449
8350.0	0.136394
8351.0	0.136327
8352.0	0.136259
8352.294922	0.136243
8353.0	0.136213
8354.0	0.136158
8355.0	0.136115
8356.0	0.136059
8357.0	0.136004
8358.0	0.135961
8359.0	0.135906
8360.0	0.135863
8361.0	0.135808
8362.0	0.135752
8362.297852	0.135739
8363.0	0.135693
8364.0	0.135616
8365.0	0.13555
8366.0	0.135472
8367.0	0.135395
8368.0	0.135329
8369.0	0.135251
8370.0	0.135186
8371.0	0.135108
8372.0	0.135031
8372.299805	0.135011
8373.0	0.134969
8374.0	0.134897
8375.0	0.134838
8376.0	0.134766
8377.0	0.134694
8378.0	0.134634
8379.0	0.134562
8380.0	0.134503
8381.0	0.134431
8382.0	0.134359
8382.302734	0.134341
8383.0	0.134293
8384.0	0.134213
8385.0	0.134144
8386.0	0.134064
8387.0	0.133983
8388.0	0.133915
8389.0	0.133835
8390.0	0.133767
8391.0	0.133686
8392.0	0.133606
8392.305664	0.133585
8393.0	0.133542
8394.0	0.133467
8395.0	0.133405
8396.0	0.133331
8397.0	0.133257
8398.0	0.133195
8399.0	0.13312
8400.0	0.133058
8401.0	0.132994
8402.0	0.132929
8402.308594	0.132913
8403.0	0.132871
8404.0	0.132799
8405.0	0.132739
8406.0	0.132667
8407.0	0.132594
8408.0	0.132534
8409.0	0.132462
8410.0	0.132402
8411.0	0.13233
8412.0	0.132258
8412.310547	0.132239
8413.0	0.132199
8414.0	0.132128
8415.0	0.13207
8416.0	0.132
8417.0	0.131929
8418.0	0.131871
8419.0	0.1318
8420.0	0.13173
8421.0	0.131672
8422.0	0.131601
8422.313477	0.131583
8423.0	0.131535
8424.0	0.131454
8425.0	0.131373
8426.0	0.131304
8427.0	0.131222
8428.0	0.131153
8429.0	0.131072
8430.0	0.130991
8431.0	0.130933
8432.0	0.130864
8432.316406	0.130846
8433.0	0.130806
8434.0	0.130735
8435.0	0.130665
8436.0	0.130606
8437.0	0.130535
8438.0	0.130477
8439.0	0.130406
8440.0	0.130335
8441.0	0.130276
8442.0	0.130206
8442.319336	0.130183
8443.0	0.130139
8444.0	0.130086
8445.0	0.130021
8446.0	0.129968
8447.0	0.129903
8448.0	0.129838
8449.0	0.129785
8450.0	0.12972
8451.0	0.129667
8452.0	0.129602
8452.322266	0.129581
8453.0	0.129534
8454.0	0.129477
8455.0	0.129408
8456.0	0.129339
8457.0	0.129283
8458.0	0.129214
8459.0	0.129157
8460.0	0.129088
8461.0	0.129019
8462.0	0.128962
8462.324219	0.12894
8463.0	0.128898
8464.0	0.128847
8465.0	0.128785
8466.0	0.128723
8467.0	0.128672
8468.0	0.12861
8469.0	0.128548
8470.0	0.128497
8471.0	0.128435
8472.0	0.128385
8472.327148	0.128364
8473.0	0.128327
8474.0	0.128273
8475.0	0.12823
8476.0	0.128175
8477.0	0.128132
8478.0	0.128077
8479.0	0.128022
8480.0	0.127979
8481.0	0.127924
8482.0	0.12787
8482.330078	0.127855
8483.0	0.127733
8484.0	0.12754
8485.0	0.127358
8486.0	0.127164
8487.0	0.126971
8488.0	0.126789
8489.0	0.126596
8490.0	0.126403
8491.0	0.126221
8492.0	0.126029
8492.333008	0.125969
8493.0	0.125934
8494.0	0.12587
8495.0	0.125806
8496.0	0.125753
8497.0	0.125689
8498.0	0.125625
8499.0	0.125573
8500.0	0.125509
8501.0	0.125435
8502.0	0.125349
8502.334961	0.12532
8503.0	0.125263
8504.0	0.125189
8505.0	0.125103
8506.0	0.125017
8507.0	0.124943
8508.0	0.124857
8509.0	0.124782
8510.0	0.124696
8511.0	0.12461
8512.0	0.124536
8512.337891	0.124507
8513.0	0.124456
8514.0	0.124379
8515.0	0.124313
8516.0	0.124236
8517.0	0.12417
8518.0	0.124093
8519.0	0.124015
8520.0	0.12395
8521.0	0.123872
8522.0	0.123795
8522.34082	0.123773
8523.0	0.123718
8524.0	0.123623
8525.0	0.12354
8526.0	0.123446
8527.0	0.123351
8528.0	0.123268
8529.0	0.123174
8530.0	0.123079
8531.0	0.122996
8532.0	0.122901
8532.34375	0.122873
8533.0	0.122836
8534.0	0.122769
8535.0	0.122701
8536.0	0.122645
8537.0	0.122577
8538.0	0.12251
8539.0	0.122454
8540.0	0.122386
8541.0	0.12233
8542.0	0.122262
8542.34668	0.122239
8543.0	0.122188
8544.0	0.122123
8545.0	0.122046
8546.0	0.121969
8547.0	0.121904
8548.0	0.121827
8549.0	0.12175
8550.0	0.121685
8551.0	0.121608
8552.0	0.121542
8552.348633	0.121515
8553.0	0.121475
8554.0	0.121412
8555.0	0.121361
8556.0	0.121298
8557.0	0.121235
8558.0	0.121184
8559.0	0.121121
8560.0	0.121058
8561.0	0.121007
8562.0	0.120944
8562.351562	0.120926
8563.0	0.120894
8564.0	0.120833
8565.0	0.120773
8566.0	0.120724
8567.0	0.120663
8568.0	0.120602
8569.0	0.120553
8570.0	0.120492
8571.0	0.120432
8572.0	0.120382
8572.354492	0.120361
8573.0	0.12031
8574.0	0.120242
8575.0	0.120164
8576.0	0.120085
8577.0	0.120017
8578.0	0.119938
8579.0	0.119859
8580.0	0.119792
8581.0	0.119713
8582.0	0.119634
8582.357422	0.11961
8583.0	0.119576
8584.0	0.119512
8585.0	0.119459
8586.0	0.119395
8587.0	0.119331
8588.0	0.119279
8589.0	0.119214
8590.0	0.11915
8591.0	0.119097
8592.0	0.119033
8592.359375	0.11901
8593.0	0.118984
8594.0	0.118954
8595.0	0.118912
8596.0	0.118871
8597.0	0.118841
8598.0	0.118799
8599.0	0.118769
8600.0	0.118727
8601.0	0.118685
8602.0	0.118655
8602.362305	0.118639
8603.0	0.118587
8604.0	0.118504
8605.0	0.118433
8606.0	0.11835
8607.0	0.118267
8608.0	0.118196
8609.0	0.118113
8610.0	0.11803
8611.0	0.117958
8612.0	0.117876
8612.365234	0.117849
8613.0	0.117808
8614.0	0.117731
8615.0	0.117654
8616.0	0.117588
8617.0	0.117511
8618.0	0.117434
8619.0	0.117368
8620.0	0.117291
8621.0	0.117214
8622.0	0.117148
8622.368164	0.117119
8623.0	0.117084
8624.0	0.117029
8625.0	0.116985
8626.0	0.116929
8627.0	0.116874
8628.0	0.11683
8629.0	0.116774
8630.0	0.11673
8631.0	0.116698
8632.0	0.116665
8632.370117	0.116658
8633.0	0.116636
8634.0	0.116591
8635.0	0.116546
8636.0	0.116511
8637.0	0.116466
8638.0	0.11642
8639.0	0.116386
8640.0	0.11634
8641.0	0.116295
8642.0	0.11626
8642.373047	0.116243
8643.0	0.116231
8644.0	0.116212
8645.0	0.116204
8646.0	0.116184
8647.0	0.116165
8648.0	0.116156
8649.0	0.116137
8650.0	0.116128
8651.0	0.116108
8652.0	0.116088
8652.375977	0.116085
8653.0	0.116065
8654.0	0.116022
8655.0	0.115978
8656.0	0.115946
8657.0	0.115903
8658.0	0.115859
8659.0	0.115827
8660.0	0.115783
8661.0	0.11574
8662.0	0.115707
8662.378906	0.11569
8663.0	0.115667
8664.0	0.115629
8665.0	0.115602
8666.0	0.115564
8667.0	0.115526
8668.0	0.115499
8669.0	0.115461
8670.0	0.115422
8671.0	0.115395
8672.0	0.115357
8672.381836	0.115342
8673.0	0.115334
8674.0	0.115331
8675.0	0.115318
8676.0	0.115316
8677.0	0.115302
8678.0	0.115289
8679.0	0.115286
8680.0	0.115272
8681.0	0.115258
8682.0	0.115255
8682.383789	0.11525
8683.0	0.115227
8684.0	0.11519
8685.0	0.115164
8686.0	0.115127
8687.0	0.11509
8688.0	0.115064
8689.0	0.115027
8690.0	0.11499
8691.0	0.114964
8692.0	0.114926
8692.386719	0.114912
8693.0	0.114896
8694.0	0.114881
8695.0	0.114854
8696.0	0.114828
8697.0	0.114813
8698.0	0.114786
8699.0	0.11476
8700.0	0.114744
8701.0	0.114717
8702.0	0.11469
8702.389648	0.114684
8703.0	0.114662
8704.0	0.114615
8705.0	0.114567
8706.0	0.11453
8707.0	0.114483
8708.0	0.114435
8709.0	0.114398
8710.0	0.114351
8711.0	0.114303
8712.0	0.114266
8712.392578	0.114247
8713.0	0.114219
8714.0	0.114173
8715.0	0.114138
8716.0	0.114092
8717.0	0.114047
8718.0	0.114011
8719.0	0.113965
8720.0	0.113919
8721.0	0.113883
8722.0	0.113837
8722.394531	0.113819
8723.0	0.11379
8724.0	0.113754
8725.0	0.113706
8726.0	0.113659
8727.0	0.113622
8728.0	0.113574
8729.0	0.113527
8730.0	0.11349
8731.0	0.113442
8732.0	0.113394
8732.397461	0.113379
8733.0	0.113348
8734.0	0.113286
8735.0	0.113224
8736.0	0.113172
8737.0	0.113109
8738.0	0.113047
8739.0	0.112995
8740.0	0.112932
8741.0	0.11287
8742.0	0.112818
8742.400391	0.112792
8743.0	0.112748
8744.0	0.112673
8745.0	0.112609
8746.0	0.112534
8747.0	0.112459
8748.0	0.112395
8749.0	0.11232
8750.0	0.112245
8751.0	0.11218
8752.0	0.112105
8752.40332	0.112075
8753.0	0.112033
8754.0	0.111973
8755.0	0.111902
8756.0	0.111831
8757.0	0.111771
8758.0	0.1117
8759.0	0.11163
8760.0	0.111569
8761.0	0.111498
8762.0	0.111427
8762.405273	0.111403
8763.0	0.111362
8764.0	0.111282
8765.0	0.111203
8766.0	0.111134
8767.0	0.111055
8768.0	0.110975
8769.0	0.110906
8770.0	0.110827
8771.0	0.110747
8772.0	0.110678
8772.408203	0.110646
8773.0	0.110584
8774.0	0.110479
8775.0	0.110374
8776.0	0.11028
8777.0	0.110176
8778.0	0.110071
8779.0	0.109977
8780.0	0.109872
8781.0	0.109767
8782.0	0.109673
8782.411133	0.10963
8783.0	0.109585
8784.0	0.109507
8785.0	0.109441
8786.0	0.109363
8787.0	0.109286
8788.0	0.109219
8789.0	0.109142
8790.0	0.109065
8791.0	0.108998
8792.0	0.10892
8792.414062	0.108888
8793.0	0.108832
8794.0	0.108745
8795.0	0.108649
8796.0	0.108552
8797.0	0.108466
8798.0	0.108369
8799.0	0.108272
8800.0	0.108186
8801.0	0.108075
8802.0	0.107964
8802.416016	0.107918
8803.0	0.107872
8804.0	0.107804
8805.0	0.107725
8806.0	0.107647
8807.0	0.107578
8808.0	0.1075
8809.0	0.107421
8810.0	0.107352
8811.0	0.107273
8812.0	0.107195
8812.418945	0.107166
8813.0	0.10712
8814.0	0.10703
8815.0	0.10694
8816.0	0.106861
8817.0	0.106771
8818.0	0.106682
8819.0	0.106602
8820.0	0.106512
8821.0	0.106423
8822.0	0.106333
8822.421875	0.106299
8823.0	0.106265
8824.0	0.106196
8825.0	0.106127
8826.0	0.106068
8827.0	0.105999
8828.0	0.105929
8829.0	0.10587
8830.0	0.105801
8831.0	0.105749
8832.0	0.105706
8832.424805	0.105684
8833.0	0.105663
8834.0	0.105627
8835.0	0.1056
8836.0	0.105564
8837.0	0.105527
8838.0	0.1055
8839.0	0.105463
8840.0	0.105426
8841.0	0.105389
8842.0	0.105362
8842.427734	0.105346
8843.0	0.105314
8844.0	0.105259
8845.0	0.105213
8846.0	0.105158
8847.0	0.105102
8848.0	0.105056
8849.0	0.105
8850.0	0.104944
8851.0	0.104898
8852.0	0.104842
8852.429688	0.104818
8853.0	0.10474
8854.0	0.104604
8855.0	0.104477
8856.0	0.104341
8857.0	0.104205
8858.0	0.104079
8859.0	0.103943
8860.0	0.103807
8861.0	0.103681
8862.0	0.103544
8862.432617	0.103486
8863.0	0.103312
8864.0	0.103015
8865.0	0.102709
8866.0	0.102403
8867.0	0.102097
8868.0	0.101801
8869.0	0.101496
8870.0	0.10119
8871.0	0.100895
8872.0	0.10059
8872.435547	0.100458
8873.0	0.100099
8874.0	0.0994727
8875.0	0.0988378
8876.0	0.0982035
8877.0	0.0975791
8878.0	0.096946
8879.0	0.0963136
8880.0	0.0956817
8881.0	0.0950596
8882.0	0.094429
8882.438477	0.0941527
8883.0	0.0936243
8884.0	0.0926929
8885.0	0.0917537
8886.0	0.0908155
8887.0	0.0898868
8888.0	0.0889505
8889.0	0.0880153
8890.0	0.087081
8891.0	0.086156
8892.0	0.0852237
8892.44043	0.0848134
8893.0	0.0840563
8894.0	0.0827125
8895.0	0.0813622
8896.0	0.0800134
8897.0	0.0786737
8898.0	0.0773279
8899.0	0.0759837
8900.0	0.074641
8901.0	0.0733069
8902.0	0.0719672
8902.443359	0.0713737
8903.0	0.0705046
8904.0	0.0689513
8905.0	0.067393
8906.0	0.0658367
8907.0	0.0642883
8908.0	0.0627354
8909.0	0.0611845
8910.0	0.0596354
8911.0	0.0580937
8912.0	0.0565482
8912.446289	0.055859
8913.0	0.0550793
8914.0	0.0536775
8915.0	0.0522722
8916.0	0.0508686
8917.0	0.0494714
8918.0	0.048071
8919.0	0.0466724
8920.0	0.0452755
8921.0	0.0438845
8922.0	0.0424909
8922.449219	0.0418654
8923.0	0.0411917
8924.0	0.0399733
8925.0	0.0387525
8926.0	0.0375332
8927.0	0.0363155
8928.0	0.0351026
8929.0	0.0338877
8930.0	0.0326744
8931.0	0.0314656
8932.0	0.0302553
8932.452148	0.0297085
8933.0	0.0291915
8934.0	0.0282515
8935.0	0.0273099
8936.0	0.0263695
8937.0	0.0254303
8938.0	0.0244946
8939.0	0.0235576
8940.0	0.0226219
8941.0	0.0216894
8942.0	0.020756
8942.454102	0.0203325
8943.0	0.0199745
8944.0	0.0193194
8945.0	0.0186668
8946.0	0.0180133
8947.0	0.0173606
8948.0	0.0167103
8949.0	0.0160593
8950.0	0.015409
8951.0	0.0147597
8952.0	0.0141125
8952.457031	0.0138163
8953.0	0.0135729
8954.0	0.013125
8955.0	0.012679
8956.0	0.0122322
8957.0	0.011786
8958.0	0.0113415
8959.0	0.0108965
8960.0	0.010452
8961.0	0.0100082
8962.0	0.00956583
8962.459961	0.00936212
8963.0	0.00919639
8964.0	0.00888981
8965.0	0.00858445
8966.0	0.00827865
8967.0	0.00797326
8968.0	0.00766828
8969.0	0.0073644
8970.0	0.0070602
8971.0	0.00675642
8972.0	0.00645366
8972.462891	0.00631335
8973.0	0.00620713
8974.0	0.00600957
8975.0	0.00581227
8976.0	0.00561577
8977.0	0.00541898
8978.0	0.00522245
8979.0	0.00502668
8980.0	0.00483067
8981.0	0.00463493
8982.0	0.00443945
8982.464844	0.00434887
8983.0	0.00427814
8984.0	0.00414569
8985.0	0.00401342
8986.0	0.0038817
8987.0	0.00374978
8988.0	0.00361803
8989.0	0.00348647
8990.0	0.00335541
8991.0	0.0032242
8992.0	0.00309316
8992.467773	0.00303193
8993.0	0.00298584
8994.0	0.00289961
8995.0	0.00281321
8996.0	0.00272693
8997.0	0.00264102
8998.0	0.00255496
8999.0	0.00246903
9000.0	0.00238322
9001.0	0.00229778
9002.0	0.00221223
9002.470703	0.00217201
9003.0	0.00214161
9004.0	0.00208442
9005.0	0.00202712
9006.0	0.00196989
9007.0	0.00191274
9008.0	0.00185585
9009.0	0.00179885
9010.0	0.00174193
9011.0	0.00168526
9012.0	0.00162849
9012.473633	0.00160163
9013.0	0.00157614
9014.0	0.00152776
9015.0	0.00147958
9016.0	0.00143133
9017.0	0.00138314
9018.0	0.00133502
9019.0	0.00128709
9020.0	0.0012391
9021.0	0.00119118
9022.0	0.00114344
9022.476562	0.00112065
9023.0	0.00110871
9024.0	0.00108591
9025.0	0.00106315
9026.0	0.00104052
9027.0	0.00101781
9028.0	0.000995143
9029.0	0.000972596
9030.0	0.000949986
9031.0	0.000927466
9032.0	0.000904976
9032.478516	0.000894265
9033.0	0.000886577
9034.0	0.000871763
9035.0	0.000856968
9036.0	0.000842191
9037.0	0.000827512
9038.0	0.000812772
9039.0	0.00079805
9040.0	0.000783421
9041.0	0.000768737
9042.0	0.00075407
9042.481445	0.000747016
9043.0	0.000735995
9044.0	0.000714831
9045.0	0.000693624
9046.0	0.000672444
9047.0	0.000651293
9048.0	0.000630229
9049.0	0.000609131
9050.0	0.00058806
9051.0	0.000567073
9052.0	0.000546057
9052.484375	0.000535887
9053.0	0.000533203
9054.0	0.000528001
9055.0	0.000522857
9056.0	0.000517667
9057.0	0.000512485
9058.0	0.000507308
9059.0	0.000502186
9060.0	0.000497022
9061.0	0.000491865
9062.0	0.000486715
9062.487305	0.00048423
9063.0	0.000477026
9064.0	0.000462941
9065.0	0.000448876
9066.0	0.000434871
9067.0	0.000420842
9068.0	0.000406831
9069.0	0.00039284
9070.0	0.000378903
9071.0	0.000364949
9072.0	0.000351013
9072.489258	0.000344202
9073.0	0.000343512
9074.0	0.000342196
9075.0	0.000340848
9076.0	0.000339501
9077.0	0.000338156
9078.0	0.000336845
9079.0	0.000335502
9080.0	0.000334161
9081.0	0.000332854
9082.0	0.000331515
9082.492188	0.000330857
9083.0	0.000328252
9084.0	0.000323127
9085.0	0.000318038
9086.0	0.000312926
9087.0	0.00030782
9088.0	0.000302721
9089.0	0.000297658
9090.0	0.000292572
9091.0	0.000287494
9092.0	0.000282422
9092.495117	0.000279927
9093.0	0.000278747
9094.0	0.000276387
9095.0	0.00027403
9096.0	0.000271701
9097.0	0.00026935
9098.0	0.000267001
9099.0	0.000264655
9100.0	0.000262338
9101.0	0.000259998
9102.0	0.000257661
9102.498047	0.000256499
9103.0	0.000255554
9104.0	0.000253697
9105.0	0.000251818
9106.0	0.000249941
9107.0	0.000248067
9108.0	0.000246218
9109.0	0.000244348
9110.0	0.000242481
9111.0	0.000240616
9112.0	0.000238776
9112.5	0.000237846
9113.0	0.000235277
9114.0	0.000230144
9115.0	0.000225019
9116.0	0.000219921
9117.0	0.00021481
9118.0	0.000209705
9119.0	0.000204608
9120.0	0.000199537
9121.0	0.000194454
9122.0	0.000189378
9122.50293	0.000186836
9123.0	0.000186786
9124.0	0.000186666
9125.0	0.000186546
9126.0	0.000186426
9127.0	0.000186324
9128.0	0.000186203
9129.0	0.000186083
9130.0	0.000185962
9131.0	0.00018586
9132.0	0.000185739
9132.505859	0.000185678
9133.0	0.000182039
9134.0	0.000174682
9135.0	0.000167352
9136.0	0.000160016
9137.0	0.000152691
9138.0	0.000145377
9139.0	0.000138086
9140.0	0.000130793
9141.0	0.00012351
9142.0	0.000116238
9142.508789	0.000112548
9143.0	0.000113528
9144.0	0.00011551
9145.0	0.000117488
9146.0	0.000119463
9147.0	0.000121447
9148.0	0.000123416
9149.0	0.000125381
9150.0	0.000127344
9151.0	0.000129316
9152.0	0.000131272
9152.510742	0.00013227
9153.0	0.000132703
9154.0	0.000133586
9155.0	0.000134481
9156.0	0.000135361
9157.0	0.00013624
9158.0	0.000137117
9159.0	0.000138005
9160.0	0.000138879
9161.0	0.000139752
9162.0	0.000140623
9162.513672	0.000141076
9163.0	0.000140344
9164.0	0.000138826
9165.0	0.00013731
9166.0	0.000135796
9167.0	0.000134297
9168.0	0.000132787
9169.0	0.00013128
9170.0	0.000129774
9171.0	0.000128283
9172.0	0.000126782
9172.516602	0.000126007
9173.0	0.000125192
9174.0	0.000123509
9175.0	0.000121839
9176.0	0.00012016
9177.0	0.000118483
9178.0	0.000116809
9179.0	0.000115148
9180.0	0.000113479
9181.0	0.000111812
9182.0	0.000110147
9182.519531	0.000109289
9183.0	0.000111793
9184.0	0.000116988
9185.0	0.000122174
9186.0	0.000127352
9187.0	0.000132534
9188.0	0.000137695
9189.0	0.000142847
9190.0	0.000147991
9191.0	0.000153142
9192.0	0.000158269
9192.522461	0.000160945
9193.0	0.000159231
9194.0	0.000155648
9195.0	0.000152084
9196.0	0.000148511
9197.0	0.000144943
9198.0	0.000141381
9199.0	0.000137825
9200.0	0.000134287
9201.0	0.000130733
9202.0	0.000127185
9202.524414	0.000125327
9203.0	0.000125096
9204.0	0.000124623
9205.0	0.000124139
9206.0	0.000123655
9207.0	0.000123172
9208.0	0.000122701
9209.0	0.000122219
9210.0	0.000121738
9211.0	0.000121258
9212.0	0.000120789
9212.527344	0.000120536
9213.0	0.000120538
9214.0	0.000120542
9215.0	0.000120546
9216.0	0.000120561
9217.0	0.000120564
9218.0	0.000120566
9219.0	0.000120569
9220.0	0.000120583
9221.0	0.000120585
9222.0	0.000120587
9222.530273	0.000120588
9223.0	0.000118853
9224.0	0.000115165
9225.0	0.000111494
9226.0	0.000107818
9227.0	0.000104149
9228.0	0.000100486
9229.0	9.68391e-05
9230.0	9.3189e-05
9231.0	8.95493e-05
9232.0	8.59159e-05
9232.533203	8.39854e-05
9233.0	8.49719e-05
9234.0	8.70743e-05
9235.0	8.91729e-05
9236.0	9.12675e-05
9237.0	9.33673e-05
9238.0	9.54544e-05
9239.0	9.75376e-05
9240.0	9.96169e-05
9241.0	0.000101692
9242.0	0.000103774
9242.535156	0.000104881
9243.0	0.000105088
9244.0	0.000105531
9245.0	0.000105974
9246.0	0.000106426
9247.0	0.000106867
9248.0	0.000107307
9249.0	0.000107745
9250.0	0.000108194
9251.0	0.00010863
9252.0	0.000109066
9252.538086	0.0001093
9253.0	0.000109443
9254.0	0.000109763
9255.0	0.000110071
9256.0	0.000110378
9257.0	0.000110685
9258.0	0.00011099
9259.0	0.000111306
9260.0	0.00011161
9261.0	0.000111914
9262.0	0.000112216
9262.541016	0.000112386
9263.0	0.000111635
9264.0	0.000109989
9265.0	0.000108347
9266.0	0.000106707
9267.0	0.00010508
9268.0	0.000103446
9269.0	0.000101815
9270.0	0.000100186
9271.0	9.856e-05
9272.0	9.69463e-05
9272.543945	9.60645e-05
9273.0	9.55796e-05
9274.0	9.45177e-05
9275.0	9.34575e-05
9276.0	9.24081e-05
9277.0	9.13513e-05
9278.0	9.02963e-05
9279.0	8.92431e-05
9280.0	8.81916e-05
9281.0	8.71505e-05
9282.0	8.61025e-05
9282.546875	8.55302e-05
9283.0	8.64601e-05
9284.0	8.85092e-05
9285.0	9.05631e-05
9286.0	9.26043e-05
9287.0	9.46414e-05
9288.0	9.66744e-05
9289.0	9.8713e-05
9290.0	0.000100738
9291.0	0.000102759
9292.0	0.000104776
9292.548828	0.000105881
9293.0	0.000104527
9294.0	0.000101539
9295.0	9.85466e-05
9296.0	9.55597e-05
9297.0	9.25783e-05
9298.0	8.96111e-05
9299.0	8.66405e-05
9300.0	8.36754e-05
9301.0	8.07159e-05
9302.0	7.77619e-05
9302.551758	7.61384e-05
9303.0	7.53487e-05
9304.0	7.35818e-05
9305.0	7.18181e-05
9306.0	7.00576e-05
9307.0	6.83072e-05
9308.0	6.65531e-05
9309.0	6.48023e-05
9310.0	6.30548e-05
9311.0	6.13106e-05
9312.0	5.95755e-05
9312.554688	5.86111e-05
9313.0	5.98315e-05
9314.0	6.25679e-05
9315.0	6.52988e-05
9316.0	6.80307e-05
9317.0	7.07506e-05
9318.0	7.3465e-05
9319.0	7.61738e-05
9320.0	7.8877e-05
9321.0	8.15826e-05
9322.0	8.42748e-05
9322.557617	8.57736e-05
9323.0	8.47617e-05
9324.0	8.24772e-05
9325.0	8.01972e-05
9326.0	7.79291e-05
9327.0	7.56576e-05
9328.0	7.33904e-05
9329.0	7.11277e-05
9330.0	6.88761e-05
9331.0	6.66219e-05
9332.0	6.43722e-05
9332.55957	6.31152e-05
9333.0	6.40298e-05
9334.0	6.61032e-05
9335.0	6.81789e-05
9336.0	7.02437e-05
9337.0	7.23041e-05
9338.0	7.436e-05
9339.0	7.64191e-05
9340.0	7.84664e-05
9341.0	8.05093e-05
9342.0	8.25477e-05
9342.5625	8.36924e-05
9343.0	8.27774e-05
9344.0	8.0697e-05
9345.0	7.86125e-05
9346.0	7.65321e-05
9347.0	7.44558e-05
9348.0	7.23837e-05
9349.0	7.03225e-05
9350.0	6.82584e-05
9351.0	6.61985e-05
9352.0	6.41427e-05
9352.56543	6.29856e-05
9353.0	6.35717e-05
9354.0	6.4912e-05
9355.0	6.62493e-05
9356.0	6.75836e-05
9357.0	6.89149e-05
9358.0	7.02501e-05
9359.0	7.15755e-05
9360.0	7.28979e-05
9361.0	7.42173e-05
9362.0	7.55336e-05
9362.568359	7.62847e-05
9363.0	7.56056e-05
9364.0	7.4027e-05
9365.0	7.24515e-05
9366.0	7.08792e-05
9367.0	6.93102e-05
9368.0	6.77509e-05
9369.0	6.6188e-05
9370.0	6.46282e-05
9371.0	6.30717e-05
9372.0	6.15244e-05
9372.570312	6.06398e-05
9373.0	6.03087e-05
9374.0	5.95393e-05
9375.0	5.87713e-05
9376.0	5.80048e-05
9377.0	5.72455e-05
9378.0	5.6482e-05
9379.0	5.57199e-05
9380.0	5.49594e-05
9381.0	5.42004e-05
9382.0	5.34481e-05
9382.573242	5.30145e-05
9383.0	5.37065e-05
9384.0	5.53254e-05
9385.0	5.69406e-05
9386.0	5.8552e-05
9387.0	6.01655e-05
9388.0	6.17695e-05
9389.0	6.33697e-05
9390.0	6.49662e-05
9391.0	6.65589e-05
9392.0	6.81546e-05
9392.576172	6.90684e-05
9393.0	6.8568e-05
9394.0	6.7389e-05
9395.0	6.62124e-05
9396.0	6.50383e-05
9397.0	6.38729e-05
9398.0	6.27035e-05
9399.0	6.15366e-05
9400.0	6.03722e-05
9401.0	5.92098e-05
9402.0	5.80442e-05
9402.579102	5.73704e-05
9403.0	5.75063e-05
9404.0	5.78286e-05
9405.0	5.81498e-05
9406.0	5.84758e-05
9407.0	5.8795e-05
9408.0	5.91133e-05
9409.0	5.94305e-05
9410.0	5.97467e-05
9411.0	6.00678e-05
9412.0	6.0382e-05
9412.582031	6.05644e-05
9413.0	6.0636e-05
9414.0	6.08067e-05
9415.0	6.09768e-05
9416.0	6.11523e-05
9417.0	6.13211e-05
9418.0	6.14892e-05
9419.0	6.16567e-05
9420.0	6.18235e-05
9421.0	6.19958e-05
9422.0	6.21614e-05
9422.583984	6.22577e-05
9423.0	6.21865e-05
9424.0	6.20155e-05
9425.0	6.18446e-05
9426.0	6.16801e-05
9427.0	6.15096e-05
9428.0	6.13394e-05
9429.0	6.11693e-05
9430.0	6.09995e-05
9431.0	6.08399e-05
9432.0	6.06745e-05
9432.586914	6.05775e-05
9433.0	6.09117e-05
9434.0	6.17192e-05
9435.0	6.25245e-05
9436.0	6.33337e-05
9437.0	6.41346e-05
9438.0	6.49332e-05
9439.0	6.57295e-05
9440.0	6.65237e-05
9441.0	6.73155e-05
9442.0	6.81119e-05
9442.589844	6.85766e-05
9443.0	6.81883e-05
9444.0	6.72431e-05
9445.0	6.63e-05
9446.0	6.53591e-05
9447.0	6.44266e-05
9448.0	6.34899e-05
9449.0	6.25553e-05
9450.0	6.16228e-05
9451.0	6.06925e-05
9452.0	5.97703e-05
9452.592773	5.9221e-05
9453.0	5.86849e-05
9454.0	5.73707e-05
9455.0	5.60596e-05
9456.0	5.47517e-05
9457.0	5.34522e-05
9458.0	5.21505e-05
9459.0	5.0852e-05
9460.0	4.95566e-05
9461.0	4.82644e-05
9462.0	4.698e-05
9462.594727	4.62149e-05
9463.0	4.60177e-05
9464.0	4.55321e-05
9465.0	4.50475e-05
9466.0	4.4564e-05
9467.0	4.40859e-05
9468.0	4.36046e-05
9469.0	4.31243e-05
9470.0	4.26451e-05
9471.0	4.2167e-05
9472.0	4.16901e-05
9472.597656	4.1408e-05
9473.0	4.14561e-05
9474.0	4.15712e-05
9475.0	4.16859e-05
9476.0	4.18e-05
9477.0	4.19137e-05
9478.0	4.20311e-05
9479.0	4.21438e-05
9480.0	4.2256e-05
9481.0	4.23678e-05
9482.0	4.2479e-05
9482.600586	4.25482e-05
9483.0	4.28399e-05
9484.0	4.35648e-05
9485.0	4.42874e-05
9486.0	4.50079e-05
9487.0	4.57262e-05
9488.0	4.64423e-05
9489.0	4.7161e-05
9490.0	4.78729e-05
9491.0	4.85826e-05
9492.0	4.92901e-05
9492.603516	4.97161e-05
9493.0	4.95519e-05
9494.0	4.91433e-05
9495.0	4.87307e-05
9496.0	4.83191e-05
9497.0	4.79084e-05
9498.0	4.74986e-05
9499.0	4.70944e-05
9500.0	4.66865e-05
9501.0	4.62952e-05
9502.0	4.59047e-05
9502.606445	4.56681e-05
9503.0	4.38628e-05
9504.0	3.92824e-05
9505.0	3.47151e-05
9506.0	3.01535e-05
