3632.0	5.64766e-05
3633.0	5.86238e-05
3634.0	6.07669e-05
3635.0	6.29109e-05
3636.0	6.50614e-05
3637.0	6.72072e-05
3638.0	6.93539e-05
3639.0	7.15077e-05
3640.0	7.36563e-05
3641.0	7.58057e-05
3641.037598	7.58868e-05
3642.0	7.90049e-05
3643.0	8.22395e-05
3644.0	8.54754e-05
3645.0	8.87126e-05
3646.0	9.19589e-05
3647.0	9.5199e-05
3648.0	9.84402e-05
3649.0	0.000101692
3650.0	0.000104936
3651.0	0.000108181
3651.040039	0.000108311
3652.0	0.00011087
3653.0	0.000113527
3654.0	0.000116185
3655.0	0.000118855
3656.0	0.000121515
3657.0	0.000124176
3658.0	0.000126839
3659.0	0.000129514
3660.0	0.000132179
3661.0	0.000134844
3662.0	0.000137523
3663.0	0.000140192
3664.0	0.000142861
3665.0	0.000145544
3666.0	0.000148215
3667.0	0.000150888
3668.0	0.000153575
3669.0	0.00015625
3670.0	0.000158926
3671.0	0.000161603
3671.045166	0.000161725
3672.0	0.000168501
3673.0	0.000175587
3674.0	0.000182675
3675.0	0.000189783
3676.0	0.000196877
3677.0	0.000203975
3678.0	0.000211093
3679.0	0.000218197
3680.0	0.000225303
3681.0	0.000232412
3681.047852	0.000232753
3682.0	0.000244519
3683.0	0.000256861
3684.0	0.000269208
3685.0	0.000281584
3686.0	0.000293942
3687.0	0.000306304
3688.0	0.000318699
3689.0	0.000331072
3690.0	0.00034345
3691.0	0.000355833
3691.050293	0.000356458
3692.0	0.000374668
3693.0	0.00039382
3694.0	0.000412978
3695.0	0.000432182
3696.0	0.000451358
3697.0	0.000470541
3698.0	0.000489774
3699.0	0.000508974
3700.0	0.000528181
3701.0	0.000547396
3701.052979	0.000548417
3702.0	0.000575808
3703.0	0.000604696
3704.0	0.000633594
3705.0	0.000662562
3706.0	0.000691485
3707.0	0.000720421
3708.0	0.000749432
3709.0	0.000778393
3710.0	0.000807365
3711.0	0.000836348
3711.055664	0.000837966
3712.0	0.00088473
3713.0	0.000934198
3714.0	0.000983685
3715.0	0.00103328
3716.0	0.00108281
3717.0	0.00113236
3718.0	0.00118193
3719.0	0.00123162
3720.0	0.00128124
3721.0	0.00133087
3721.058105	0.00133376
3722.0	0.00141382
3723.0	0.00149873
3724.0	0.00158368
3725.0	0.0016688
3726.0	0.00175382
3727.0	0.00183888
3728.0	0.00192397
3729.0	0.00200926
3730.0	0.00209442
3731.0	0.00217962
3731.060791	0.00218481
3732.0	0.00232022
3733.0	0.00246426
3734.0	0.00260836
3735.0	0.00275252
3736.0	0.00289698
3737.0	0.00304126
3738.0	0.0031856
3739.0	0.00333028
3740.0	0.00347474
3741.0	0.00361926
3741.063232	0.0036284
3742.0	0.00386468
3743.0	0.00411735
3744.0	0.00436979
3745.0	0.00462233
3746.0	0.00487539
3747.0	0.00512815
3748.0	0.00538101
3749.0	0.00563445
3750.0	0.00588753
3751.0	0.00614071
3751.065918	0.0061574
3752.0	0.00659997
3753.0	0.00707455
3754.0	0.00754876
3755.0	0.00802315
3756.0	0.00849846
3757.0	0.00897326
3758.0	0.00944824
3759.0	0.00992341
3760.0	0.0103997
3761.0	0.0108752
3761.068604	0.0109079
3762.0	0.0117297
3763.0	0.0126135
3764.0	0.0134966
3765.0	0.0143801
3766.0	0.0152639
3767.0	0.0161495
3768.0	0.017034
3769.0	0.0179189
3770.0	0.0188058
3771.0	0.0196915
3771.071045	0.0197544
3772.0	0.0211925
3773.0	0.0227412
3774.0	0.0242925
3775.0	0.0258425
3776.0	0.0273931
3777.0	0.0289468
3778.0	0.0304988
3779.0	0.0320513
3780.0	0.0336044
3781.0	0.0351612
3781.07373	0.0352758
3782.0	0.0376234
3783.0	0.0401589
3784.0	0.0426954
3785.0	0.0452368
3786.0	0.0477754
3787.0	0.050315
3788.0	0.0528602
3789.0	0.055402
3790.0	0.0579448
3791.0	0.0604886
3791.076416	0.0606834
3792.0	0.0639847
3793.0	0.0675552
3794.0	0.0711271
3795.0	0.0747068
3796.0	0.0782818
3797.0	0.0818581
3798.0	0.0854358
3799.0	0.0890225
3800.0	0.0926033
3801.0	0.0962174
3801.078857	0.0965032
3802.0	0.100168
3803.0	0.104142
3804.0	0.108121
3805.0	0.112104
3806.0	0.1161
3807.0	0.120091
3808.0	0.124087
3809.0	0.128086
3810.0	0.132101
3811.0	0.136109
3811.081543	0.136436
3812.0	0.139388
3813.0	0.142618
3814.0	0.145839
3815.0	0.149064
3816.0	0.152292
3817.0	0.155536
3818.0	0.158771
3819.0	0.162009
3820.0	0.16525
3821.0	0.168509
3821.083984	0.168782
3822.0	0.170485
3823.0	0.172345
3824.0	0.174223
3825.0	0.176088
3826.0	0.177954
3827.0	0.179823
3828.0	0.181709
3829.0	0.183581
3830.0	0.185455
3831.0	0.187347
3831.08667	0.18751
3832.0	0.188226
3833.0	0.189012
3834.0	0.189798
3835.0	0.190601
3836.0	0.191389
3837.0	0.192178
3838.0	0.192967
3839.0	0.193773
3840.0	0.194564
3841.0	0.195355
3841.089355	0.195426
3842.0	0.195653
3843.0	0.19592
3844.0	0.196171
3845.0	0.196421
3846.0	0.196688
3847.0	0.196939
3848.0	0.19719
3849.0	0.197441
3850.0	0.197709
3851.0	0.19796
3851.091797	0.197984
3852.0	0.198076
3853.0	0.198177
3854.0	0.198295
3855.0	0.198397
3856.0	0.198498
3857.0	0.198617
3858.0	0.198718
3859.0	0.198819
3860.0	0.198921
3861.0	0.199039
3861.094482	0.199049
3862.0	0.199172
3863.0	0.199307
3864.0	0.199443
3865.0	0.199595
3866.0	0.199731
3867.0	0.199867
3868.0	0.200002
3869.0	0.200155
3870.0	0.200291
3871.0	0.200427
3871.097168	0.200442
3872.0	0.200628
3873.0	0.200818
3874.0	0.201007
3875.0	0.201197
3876.0	0.201404
3877.0	0.201594
3878.0	0.201784
3879.0	0.201974
3880.0	0.202182
3881.0	0.202372
3881.099609	0.202391
3882.0	0.202562
3883.0	0.202753
3884.0	0.202961
3885.0	0.203151
3886.0	0.203342
3887.0	0.203533
3888.0	0.203741
3889.0	0.203933
3890.0	0.204124
3891.0	0.204332
3891.102295	0.204352
3892.0	0.204483
3893.0	0.20463
3894.0	0.204776
3895.0	0.20494
3896.0	0.205086
3897.0	0.205233
3898.0	0.20538
3899.0	0.205544
3900.0	0.205691
3901.0	0.205837
3901.10498	0.205852
3902.0	0.205951
3903.0	0.20608
3904.0	0.206191
3905.0	0.206301
3906.0	0.206412
3907.0	0.20654
3908.0	0.206651
3909.0	0.206762
3910.0	0.206873
3911.0	0.207001
3911.107422	0.207013
3912.0	0.207085
3913.0	0.207167
3914.0	0.207248
3915.0	0.207347
3916.0	0.207428
3917.0	0.20751
3918.0	0.207609
3919.0	0.20769
3920.0	0.207771
3921.0	0.207852
3921.110107	0.207863
3922.0	0.207937
3923.0	0.208002
3924.0	0.208068
3925.0	0.208133
3926.0	0.208216
3927.0	0.208281
3928.0	0.208346
3929.0	0.208411
3930.0	0.208494
3931.0	0.208559
3931.112793	0.208566
3932.0	0.208616
3933.0	0.208671
3934.0	0.208744
3935.0	0.208799
3936.0	0.208854
3937.0	0.20891
3938.0	0.208983
3939.0	0.209038
3940.0	0.209093
3941.0	0.209147
3941.115479	0.209156
3942.0	0.209265
3943.0	0.209371
3944.0	0.209476
3945.0	0.209582
3946.0	0.209706
3947.0	0.209811
3948.0	0.209917
3949.0	0.210023
3950.0	0.210147
3951.0	0.210252
3951.11792	0.210264
3952.0	0.21038
3953.0	0.210512
3954.0	0.210661
3955.0	0.210793
3956.0	0.210924
3957.0	0.211056
3958.0	0.211205
3959.0	0.211337
3960.0	0.211468
3961.0	0.2116
3961.120605	0.211618
3962.0	0.211804
3963.0	0.211997
3964.0	0.21219
3965.0	0.212383
3966.0	0.212594
3967.0	0.212788
3968.0	0.212981
3969.0	0.213175
3970.0	0.213387
3971.0	0.21358
3971.123291	0.213604
3972.0	0.213822
3973.0	0.214071
3974.0	0.214339
3975.0	0.214589
3976.0	0.214838
3977.0	0.215088
3978.0	0.215356
3979.0	0.215606
3980.0	0.215857
3981.0	0.216107
3981.125732	0.216138
3982.0	0.216361
3983.0	0.216635
3984.0	0.21689
3985.0	0.217146
3986.0	0.217401
3987.0	0.217676
3988.0	0.217932
3989.0	0.218188
3990.0	0.218444
3991.0	0.218719
3991.128418	0.218752
3992.0	0.218994
3993.0	0.219272
3994.0	0.219549
3995.0	0.219846
3996.0	0.220124
3997.0	0.220402
3998.0	0.220681
3999.0	0.220978
4000.0	0.221257
4001.0	0.221457
4001.131104	0.221484
4002.0	0.22165
4003.0	0.221861
4004.0	0.222052
4005.0	0.222244
4006.0	0.222436
4007.0	0.222647
4008.0	0.222839
4009.0	0.22303
4010.0	0.223222
4011.0	0.223414
4011.133545	0.223442
4012.0	0.223599
4013.0	0.223762
4014.0	0.223924
4015.0	0.224086
4016.0	0.224268
4017.0	0.22443
4018.0	0.224593
4019.0	0.224755
4020.0	0.224937
4021.0	0.225099
4021.13623	0.225121
4022.0	0.225239
4023.0	0.225375
4024.0	0.22553
4025.0	0.225666
4026.0	0.225802
4027.0	0.225938
4028.0	0.226075
4029.0	0.22623
4030.0	0.226366
4031.0	0.226517
4031.138916	0.226538
4032.0	0.226642
4033.0	0.226783
4034.0	0.226905
4035.0	0.227027
4036.0	0.227148
4037.0	0.227289
4038.0	0.227411
4039.0	0.227533
4040.0	0.227655
4041.0	0.227796
4041.141602	0.227813
4042.0	0.22786
4043.0	0.227915
4044.0	0.22797
4045.0	0.228025
4046.0	0.2281
4047.0	0.228155
4048.0	0.228209
4049.0	0.228264
4050.0	0.228339
4051.0	0.228394
4051.144043	0.228402
4052.0	0.228426
4053.0	0.228455
4054.0	0.228504
4055.0	0.228532
4056.0	0.228561
4057.0	0.22859
4058.0	0.228619
4059.0	0.228668
4060.0	0.228696
4061.0	0.228725
4061.146729	0.228729
4062.0	0.228734
4063.0	0.22876
4064.0	0.228765
4065.0	0.228771
4066.0	0.228777
4067.0	0.228783
4068.0	0.228808
4069.0	0.228814
4070.0	0.22882
4071.0	0.228825
4071.149414	0.228829
4072.0	0.228829
4073.0	0.228808
4074.0	0.228788
4075.0	0.228767
4076.0	0.228767
4077.0	0.228746
4078.0	0.228726
4079.0	0.228705
4080.0	0.228685
4081.0	0.228684
4081.151855	0.22868
4082.0	0.228683
4083.0	0.228687
4084.0	0.22869
4085.0	0.228714
4086.0	0.228717
4087.0	0.228721
4088.0	0.228724
4089.0	0.228728
4090.0	0.228751
4091.0	0.228754
4091.154541	0.228754
4092.0	0.228742
4093.0	0.228727
4094.0	0.228732
4095.0	0.228718
4096.0	0.228703
4097.0	0.228688
4098.0	0.228674
4099.0	0.228679
4100.0	0.228664
4101.0	0.228649
4101.157227	0.228647
4102.0	0.228631
4103.0	0.228632
4104.0	0.228613
4105.0	0.228595
4106.0	0.228576
4107.0	0.228557
4108.0	0.228558
4109.0	0.228539
4110.0	0.228521
4111.0	0.228502
4111.159668	0.228502
4112.0	0.228557
4113.0	0.228603
4114.0	0.228649
4115.0	0.228695
4116.0	0.228741
4117.0	0.228807
4118.0	0.228853
4119.0	0.228899
4120.0	0.228945
4121.0	0.228991
4121.162598	0.229002
4122.0	0.229046
4123.0	0.22908
4124.0	0.229114
4125.0	0.229148
4126.0	0.229201
4127.0	0.229235
4128.0	0.229269
4129.0	0.229303
4130.0	0.229337
4131.0	0.22939
4131.165039	0.229396
4132.0	0.229481
4133.0	0.229583
4134.0	0.229686
4135.0	0.229808
4136.0	0.22991
4137.0	0.230012
4138.0	0.230115
4139.0	0.230217
4140.0	0.230339
4141.0	0.230442
4141.16748	0.230459
4142.0	0.230548
4143.0	0.230655
4144.0	0.230762
4145.0	0.230889
4146.0	0.230996
4147.0	0.231103
4148.0	0.23121
4149.0	0.231318
4150.0	0.231445
4151.0	0.231552
4151.17041	0.23157
4152.0	0.231678
4153.0	0.231809
4154.0	0.23196
4155.0	0.232091
4156.0	0.232222
4157.0	0.232353
4158.0	0.232484
4159.0	0.232635
4160.0	0.232766
4161.0	0.232897
4161.172852	0.232919
4162.0	0.233033
4163.0	0.23317
4164.0	0.233327
4165.0	0.233465
4166.0	0.233602
4167.0	0.23374
4168.0	0.233877
4169.0	0.234035
4170.0	0.234173
4171.0	0.23431
4171.175293	0.234334
4172.0	0.234466
4173.0	0.234645
4174.0	0.234804
4175.0	0.234964
4176.0	0.235123
4177.0	0.235283
4178.0	0.235462
4179.0	0.235622
4180.0	0.235782
4181.0	0.235941
4181.178223	0.23597
4182.0	0.2361
4183.0	0.236279
4184.0	0.236439
4185.0	0.236598
4186.0	0.236757
4187.0	0.236916
4188.0	0.237096
4189.0	0.237255
4190.0	0.237414
4191.0	0.237574
4191.180664	0.237602
4192.0	0.23774
4193.0	0.237928
4194.0	0.238096
4195.0	0.238264
4196.0	0.238432
4197.0	0.2386
4198.0	0.238789
4199.0	0.238957
4200.0	0.239125
4201.0	0.239293
4201.183594	0.239324
4202.0	0.239404
4203.0	0.239521
4204.0	0.239618
4205.0	0.239716
4206.0	0.239813
4207.0	0.23991
4208.0	0.240028
4209.0	0.240125
4210.0	0.240223
4211.0	0.24032
4211.186035	0.240338
4212.0	0.240455
4213.0	0.240619
4214.0	0.240762
4215.0	0.240906
4216.0	0.24105
4217.0	0.241193
4218.0	0.241358
4219.0	0.241502
4220.0	0.241645
4221.0	0.241789
4221.188477	0.241816
4222.0	0.24187
4223.0	0.241958
4224.0	0.242025
4225.0	0.242091
4226.0	0.242158
4227.0	0.242225
4228.0	0.242313
4229.0	0.242379
4230.0	0.242446
4231.0	0.242504
4231.191406	0.242515
4232.0	0.242573
4233.0	0.242665
4234.0	0.242737
4235.0	0.242809
4236.0	0.242881
4237.0	0.242953
4238.0	0.243046
4239.0	0.243118
4240.0	0.243189
4241.0	0.243261
4241.193848	0.243275
4242.0	0.243302
4243.0	0.243355
4244.0	0.243388
4245.0	0.243421
4246.0	0.243454
4247.0	0.243487
4248.0	0.24352
4249.0	0.243573
4250.0	0.243606
4251.0	0.243639
4251.196289	0.243645
4252.0	0.243653
4253.0	0.243663
4254.0	0.243694
4255.0	0.243703
4256.0	0.243713
4257.0	0.243723
4258.0	0.243733
4259.0	0.243763
4260.0	0.243773
4261.0	0.243782
4261.199219	0.243784
4262.0	0.243802
4263.0	0.243823
4264.0	0.243866
4265.0	0.243888
4266.0	0.243909
4267.0	0.243931
4268.0	0.243953
4269.0	0.243975
4270.0	0.244017
4271.0	0.244039
4271.20166	0.244043
4272.0	0.244024
4273.0	0.244001
4274.0	0.243978
4275.0	0.243975
4276.0	0.243952
4277.0	0.243928
4278.0	0.243905
4279.0	0.243881
4280.0	0.243879
4281.0	0.243855
4281.20459	0.24385
4282.0	0.243855
4283.0	0.24386
4284.0	0.243866
4285.0	0.243872
4286.0	0.243898
4287.0	0.243904
4288.0	0.24391
4289.0	0.243915
4290.0	0.243921
4291.0	0.243947
4291.207031	0.243948
4292.0	0.243934
4293.0	0.243915
4294.0	0.243897
4295.0	0.243879
4296.0	0.243881
4297.0	0.243863
4298.0	0.243844
4299.0	0.243826
4300.0	0.243807
4301.0	0.243789
4301.209473	0.243789
4302.0	0.24381
4303.0	0.243815
4304.0	0.243821
4305.0	0.243826
4306.0	0.243832
4307.0	0.243858
4308.0	0.243864
4309.0	0.243869
4310.0	0.243875
4311.0	0.24388
4311.212402	0.243881
4312.0	0.243898
4313.0	0.243941
4314.0	0.243962
4315.0	0.243984
4316.0	0.244006
4317.0	0.244027
4318.0	0.24407
4319.0	0.244091
4320.0	0.244113
4321.0	0.244134
4321.214844	0.244139
4322.0	0.244146
4323.0	0.244155
4324.0	0.244186
4325.0	0.244195
4326.0	0.244204
4327.0	0.244213
4328.0	0.244223
4329.0	0.244232
4330.0	0.244262
4331.0	0.244271
4331.217773	0.244273
4332.0	0.244304
4333.0	0.244344
4334.0	0.244385
4335.0	0.244446
4336.0	0.244486
4337.0	0.244526
4338.0	0.244566
4339.0	0.244606
4340.0	0.244646
4341.0	0.244707
4341.220215	0.244716
4342.0	0.244764
4343.0	0.244825
4344.0	0.244886
4345.0	0.244948
4346.0	0.245009
4347.0	0.245091
4348.0	0.245153
4349.0	0.245214
4350.0	0.245275
4351.0	0.245337
4351.222656	0.24535
4352.0	0.245407
4353.0	0.245501
4354.0	0.245573
4355.0	0.245646
4356.0	0.245719
4357.0	0.245792
4358.0	0.245886
4359.0	0.245959
4360.0	0.246031
4361.0	0.246104
4361.225586	0.246121
4362.0	0.246187
4363.0	0.246274
4364.0	0.246381
4365.0	0.246467
4366.0	0.246553
4367.0	0.24664
4368.0	0.246726
4369.0	0.246812
4370.0	0.24692
4371.0	0.247006
4371.228027	0.247026
4372.0	0.247102
4373.0	0.247201
4374.0	0.2473
4375.0	0.247399
4376.0	0.247519
4377.0	0.247618
4378.0	0.247717
4379.0	0.247816
4380.0	0.247915
4381.0	0.248015
4381.230469	0.248042
4382.0	0.24814
4383.0	0.248247
4384.0	0.248353
4385.0	0.248459
4386.0	0.248565
4387.0	0.248672
4388.0	0.248799
4389.0	0.248906
4390.0	0.249012
4391.0	0.249118
4391.233398	0.249143
4392.0	0.249221
4393.0	0.249323
4394.0	0.249446
4395.0	0.249548
4396.0	0.249649
4397.0	0.249751
4398.0	0.249853
4399.0	0.249955
4400.0	0.250078
4401.0	0.25018
4401.23584	0.250204
4402.0	0.2503
4403.0	0.250426
4404.0	0.250552
4405.0	0.250678
4406.0	0.250825
4407.0	0.250951
4408.0	0.251076
4409.0	0.251202
4410.0	0.251328
4411.0	0.251454
4411.23877	0.251484
4412.0	0.251572
4413.0	0.251709
4414.0	0.251825
4415.0	0.251941
4416.0	0.252056
4417.0	0.252172
4418.0	0.252288
4419.0	0.252425
4420.0	0.252541
4421.0	0.252657
4421.241211	0.252685
4422.0	0.252773
4423.0	0.252889
4424.0	0.253006
4425.0	0.253144
4426.0	0.25326
4427.0	0.253377
4428.0	0.253493
4429.0	0.25361
4430.0	0.253726
4431.0	0.253874
4431.244141	0.253905
4432.0	0.253965
4433.0	0.254044
4434.0	0.254124
4435.0	0.254204
4436.0	0.254283
4437.0	0.254363
4438.0	0.254464
4439.0	0.254544
4440.0	0.254624
4441.0	0.254704
4441.246582	0.254723
4442.0	0.254787
4443.0	0.254872
4444.0	0.254979
4445.0	0.255065
4446.0	0.25515
4447.0	0.255235
4448.0	0.25532
4449.0	0.255405
4450.0	0.255491
4451.0	0.255598
4451.249023	0.255619
4452.0	0.255682
4453.0	0.255766
4454.0	0.255849
4455.0	0.255933
4456.0	0.256017
4457.0	0.256123
4458.0	0.256207
4459.0	0.25629
4460.0	0.256374
4461.0	0.256458
4461.251953	0.256479
4462.0	0.256497
4463.0	0.256521
4464.0	0.256566
4465.0	0.25659
4466.0	0.256614
4467.0	0.256637
4468.0	0.256661
4469.0	0.256685
4470.0	0.25673
4471.0	0.256754
4471.254395	0.25676
4472.0	0.256804
4473.0	0.256863
4474.0	0.256922
4475.0	0.256982
4476.0	0.257041
4477.0	0.257122
4478.0	0.257181
4479.0	0.25724
4480.0	0.257299
4481.0	0.257358
4481.257324	0.257373
4482.0	0.25737
4483.0	0.257366
4484.0	0.257384
4485.0	0.257379
4486.0	0.257375
4487.0	0.25737
4488.0	0.257366
4489.0	0.257362
4490.0	0.257357
4491.0	0.257375
4491.259766	0.257374
4492.0	0.257382
4493.0	0.257394
4494.0	0.257406
4495.0	0.257418
4496.0	0.25743
4497.0	0.257442
4498.0	0.257476
4499.0	0.257488
4500.0	0.2575
4501.0	0.257495
4501.262207	0.257494
4502.0	0.257484
4503.0	0.25747
4504.0	0.257478
4505.0	0.257464
4506.0	0.257451
4507.0	0.257437
4508.0	0.257423
4509.0	0.257409
4510.0	0.257395
4511.0	0.257403
4511.265137	0.257399
4512.0	0.257363
4513.0	0.257313
4514.0	0.257263
4515.0	0.257214
4516.0	0.257164
4517.0	0.257114
4518.0	0.257064
4519.0	0.257037
4520.0	0.256987
4521.0	0.256937
4521.267578	0.256924
4522.0	0.256903
4523.0	0.256876
4524.0	0.256848
4525.0	0.25682
4526.0	0.256814
4527.0	0.256787
4528.0	0.256759
4529.0	0.256731
4530.0	0.256703
4531.0	0.256676
4531.270508	0.256668
4532.0	0.256632
4533.0	0.256603
4534.0	0.256553
4535.0	0.256503
4536.0	0.256453
4537.0	0.256403
4538.0	0.256353
4539.0	0.256302
4540.0	0.256274
4541.0	0.256224
4541.272949	0.25621
4542.0	0.256184
4543.0	0.256149
4544.0	0.256113
4545.0	0.256077
4546.0	0.256041
4547.0	0.256006
4548.0	0.255992
4549.0	0.255956
4550.0	0.25592
4551.0	0.255885
4551.275391	0.255875
4552.0	0.25586
4553.0	0.25584
4554.0	0.25582
4555.0	0.255822
4556.0	0.255802
4557.0	0.255782
4558.0	0.255763
4559.0	0.255743
4560.0	0.255723
4561.0	0.255703
4561.27832	0.255703
4562.0	0.25569
4563.0	0.255649
4564.0	0.255609
4565.0	0.255569
4566.0	0.255528
4567.0	0.255488
4568.0	0.255448
4569.0	0.255407
4570.0	0.255389
4571.0	0.255348
4571.280762	0.255337
4572.0	0.255335
4573.0	0.255333
4574.0	0.25533
4575.0	0.255328
4576.0	0.255325
4577.0	0.255323
4578.0	0.255342
4579.0	0.25534
4580.0	0.255337
4581.0	0.255335
4581.283691	0.255334
4582.0	0.255331
4583.0	0.255326
4584.0	0.255321
4585.0	0.255317
4586.0	0.255334
4587.0	0.255329
4588.0	0.255324
4589.0	0.255319
4590.0	0.255315
4591.0	0.25531
4591.286133	0.255309
4592.0	0.255325
4593.0	0.25537
4594.0	0.255393
4595.0	0.255416
4596.0	0.255439
4597.0	0.255462
4598.0	0.255485
4599.0	0.255508
4600.0	0.255531
4601.0	0.255576
4601.288574	0.255582
4602.0	0.255614
4603.0	0.255657
4604.0	0.255701
4605.0	0.255745
4606.0	0.255789
4607.0	0.255833
4608.0	0.255877
4609.0	0.255942
4610.0	0.255986
4611.0	0.25603
4611.291504	0.256043
4612.0	0.256076
4613.0	0.256123
4614.0	0.256171
4615.0	0.256218
4616.0	0.256265
4617.0	0.256312
4618.0	0.256381
4619.0	0.256428
4620.0	0.256475
4621.0	0.256522
4621.293945	0.256536
4622.0	0.256591
4623.0	0.256669
4624.0	0.256748
4625.0	0.256826
4626.0	0.256926
4627.0	0.257004
4628.0	0.257082
4629.0	0.25716
4630.0	0.257238
4631.0	0.257311
4631.296875	0.257332
4632.0	0.257384
4633.0	0.257459
4634.0	0.257555
4635.0	0.257629
4636.0	0.257703
4637.0	0.257778
4638.0	0.257852
4639.0	0.257926
4640.0	0.258001
4641.0	0.258075
4641.299316	0.258097
4642.0	0.258178
4643.0	0.258316
4644.0	0.258431
4645.0	0.258547
4646.0	0.258662
4647.0	0.258778
4648.0	0.258894
4649.0	0.259009
4650.0	0.259125
4651.0	0.259263
4651.301758	0.259298
4652.0	0.259351
4653.0	0.259427
4654.0	0.259503
4655.0	0.259579
4656.0	0.259655
4657.0	0.259731
4658.0	0.259808
4659.0	0.259884
4660.0	0.259982
4661.0	0.260058
4661.304688	0.260081
4662.0	0.260178
4663.0	0.260316
4664.0	0.260455
4665.0	0.260594
4666.0	0.260732
4667.0	0.260871
4668.0	0.26101
4669.0	0.261171
4670.0	0.261309
4671.0	0.261448
4671.307129	0.261491
4672.0	0.261577
4673.0	0.261702
4674.0	0.261826
4675.0	0.261951
4676.0	0.262076
4677.0	0.2622
4678.0	0.262347
4679.0	0.262472
4680.0	0.262597
4681.0	0.262721
4681.310059	0.26276
4682.0	0.262838
4683.0	0.262951
4684.0	0.263064
4685.0	0.263177
4686.0	0.26329
4687.0	0.263425
4688.0	0.263538
4689.0	0.263651
4690.0	0.263764
4691.0	0.263877
4691.3125	0.263913
4692.0	0.26401
4693.0	0.264151
4694.0	0.264293
4695.0	0.264434
4696.0	0.264598
4697.0	0.264739
4698.0	0.264881
4699.0	0.265022
4700.0	0.265164
4701.0	0.265305
4701.31543	0.26535
4702.0	0.265421
4703.0	0.265526
4704.0	0.26563
4705.0	0.265735
4706.0	0.265862
4707.0	0.265966
4708.0	0.26607
4709.0	0.266175
4710.0	0.266279
4711.0	0.266384
4711.317871	0.266417
4712.0	0.266505
4713.0	0.266633
4714.0	0.266762
4715.0	0.266891
4716.0	0.267042
4717.0	0.267171
4718.0	0.267299
4719.0	0.267428
4720.0	0.267557
4721.0	0.267686
4721.320312	0.267727
4722.0	0.267796
4723.0	0.267898
4724.0	0.268
4725.0	0.268125
4726.0	0.268227
4727.0	0.268329
4728.0	0.268431
4729.0	0.268533
4730.0	0.268635
4731.0	0.268737
4731.323242	0.26877
4732.0	0.268837
4733.0	0.268937
4734.0	0.269038
4735.0	0.269161
4736.0	0.269261
4737.0	0.269361
4738.0	0.269461
4739.0	0.269561
4740.0	0.269662
4741.0	0.269762
4741.325684	0.269795
4742.0	0.269857
4743.0	0.269949
4744.0	0.270041
4745.0	0.270134
4746.0	0.270249
4747.0	0.270341
4748.0	0.270433
4749.0	0.270526
4750.0	0.270618
4751.0	0.27071
4751.328613	0.270741
4752.0	0.270776
4753.0	0.270828
4754.0	0.27088
4755.0	0.270932
4756.0	0.271008
4757.0	0.27106
4758.0	0.271112
4759.0	0.271164
4760.0	0.271216
4761.0	0.271269
4761.331055	0.271286
4762.0	0.271333
4763.0	0.271404
4764.0	0.271475
4765.0	0.271546
4766.0	0.271617
4767.0	0.271711
4768.0	0.271782
4769.0	0.271853
4770.0	0.271924
4771.0	0.271995
4771.333984	0.272018
4772.0	0.272018
4773.0	0.272016
4774.0	0.272015
4775.0	0.272014
4776.0	0.272012
4777.0	0.272034
4778.0	0.272033
4779.0	0.272031
4780.0	0.27203
4781.0	0.272029
4781.336426	0.272028
4782.0	0.272059
4783.0	0.272106
4784.0	0.272153
4785.0	0.272199
4786.0	0.272246
4787.0	0.272292
4788.0	0.272339
4789.0	0.272409
4790.0	0.272455
4791.0	0.272502
4791.338867	0.272518
4792.0	0.272514
4793.0	0.272508
4794.0	0.272502
4795.0	0.272496
4796.0	0.27249
4797.0	0.272484
4798.0	0.272478
4799.0	0.272472
4800.0	0.272489
4801.0	0.272483
4801.341797	0.272481
4802.0	0.272468
4803.0	0.272449
4804.0	0.272429
4805.0	0.27241
4806.0	0.272391
4807.0	0.272371
4808.0	0.272352
4809.0	0.272332
4810.0	0.272313
4811.0	0.272293
4811.344238	0.272295
4812.0	0.272297
4813.0	0.272278
4814.0	0.272258
4815.0	0.272239
4816.0	0.27222
4817.0	0.2722
4818.0	0.272181
4819.0	0.272162
4820.0	0.272142
4821.0	0.272123
4821.347168	0.272116
4822.0	0.272078
4823.0	0.27202
4824.0	0.271985
4825.0	0.271926
4826.0	0.271868
4827.0	0.271809
4828.0	0.271751
4829.0	0.271693
4830.0	0.271634
4831.0	0.271573
4831.349609	0.271551
4832.0	0.27152
4833.0	0.271473
4834.0	0.271425
4835.0	0.271378
4836.0	0.271353
4837.0	0.271306
4838.0	0.271258
4839.0	0.271211
4840.0	0.271163
4841.0	0.271116
4841.352539	0.271099
4842.0	0.27105
4843.0	0.270973
4844.0	0.270897
4845.0	0.27082
4846.0	0.270744
4847.0	0.270667
4848.0	0.270591
4849.0	0.270537
4850.0	0.270461
4851.0	0.270384
4851.35498	0.270357
4852.0	0.270331
4853.0	0.270291
4854.0	0.270251
4855.0	0.270211
4856.0	0.27017
4857.0	0.27013
4858.0	0.27009
4859.0	0.27005
4860.0	0.27001
4861.0	0.26997
4861.357422	0.269964
4862.0	0.269954
4863.0	0.269917
4864.0	0.26988
4865.0	0.269842
4866.0	0.269805
4867.0	0.269767
4868.0	0.26973
4869.0	0.269693
4870.0	0.269655
4871.0	0.269618
4871.360352	0.269605
4872.0	0.269535
4873.0	0.269427
4874.0	0.269318
4875.0	0.269232
4876.0	0.269124
4877.0	0.269015
4878.0	0.268907
4879.0	0.268798
4880.0	0.26869
4881.0	0.268581
4881.362793	0.268542
4882.0	0.26852
4883.0	0.268485
4884.0	0.268451
4885.0	0.268416
4886.0	0.268382
4887.0	0.268347
4888.0	0.268313
4889.0	0.268301
4890.0	0.268266
4891.0	0.268232
4891.365723	0.268219
4892.0	0.268173
4893.0	0.268101
4894.0	0.268029
4895.0	0.267957
4896.0	0.267885
4897.0	0.267813
4898.0	0.267741
4899.0	0.267669
4900.0	0.267597
4901.0	0.267524
4901.368164	0.267498
4902.0	0.267481
4903.0	0.267455
4904.0	0.267451
4905.0	0.267425
4906.0	0.267399
4907.0	0.267373
4908.0	0.267346
4909.0	0.26732
4910.0	0.267294
4911.0	0.267267
4911.371094	0.267258
4912.0	0.267247
4913.0	0.267229
4914.0	0.267211
4915.0	0.267194
4916.0	0.267176
4917.0	0.267158
4918.0	0.267141
4919.0	0.267145
4920.0	0.267128
4921.0	0.26711
4921.373535	0.267104
4922.0	0.267075
4923.0	0.267031
4924.0	0.266986
4925.0	0.266941
4926.0	0.266896
4927.0	0.266851
4928.0	0.266806
4929.0	0.266761
4930.0	0.266716
4931.0	0.266671
4931.375977	0.266654
4932.0	0.266653
4933.0	0.266651
4934.0	0.266649
4935.0	0.266647
4936.0	0.266668
4937.0	0.266666
4938.0	0.266664
4939.0	0.266662
4940.0	0.26666
4941.0	0.266658
4941.378906	0.266658
4942.0	0.266647
4943.0	0.266631
4944.0	0.266614
4945.0	0.266598
4946.0	0.266581
4947.0	0.266564
4948.0	0.266548
4949.0	0.266531
4950.0	0.266515
4951.0	0.266498
4951.381348	0.2665
4952.0	0.266541
4953.0	0.266585
4954.0	0.266628
4955.0	0.266672
4956.0	0.266715
4957.0	0.266759
4958.0	0.266802
4959.0	0.266846
4960.0	0.266889
4961.0	0.266933
4961.384277	0.26695
4962.0	0.266947
4963.0	0.266943
4964.0	0.266939
4965.0	0.266935
4966.0	0.266931
4967.0	0.266927
4968.0	0.266922
4969.0	0.266918
4970.0	0.266937
4971.0	0.266933
4971.386719	0.266931
4972.0	0.26695
4973.0	0.26698
4974.0	0.26701
4975.0	0.26704
4976.0	0.26707
4977.0	0.267101
4978.0	0.267131
4979.0	0.267161
4980.0	0.267191
4981.0	0.267221
4981.389648	0.267233
4982.0	0.267267
4983.0	0.267322
4984.0	0.267377
4985.0	0.267432
4986.0	0.267487
4987.0	0.267542
4988.0	0.267597
4989.0	0.267652
4990.0	0.26773
4991.0	0.267785
4991.39209	0.267806
4992.0	0.26783
4993.0	0.267868
4994.0	0.267906
4995.0	0.267944
4996.0	0.267983
4997.0	0.268021
4998.0	0.268059
4999.0	0.268098
5000.0	0.268136
5001.0	0.268165
5001.39502	0.268177
5002.0	0.268233
5003.0	0.268326
5004.0	0.268419
5005.0	0.268513
5006.0	0.268606
5007.0	0.268699
5008.0	0.268792
5009.0	0.268886
5010.0	0.269002
5011.0	0.269095
5011.397461	0.269132
5012.0	0.269163
5013.0	0.269215
5014.0	0.269267
5015.0	0.269318
5016.0	0.26937
5017.0	0.269422
5018.0	0.269473
5019.0	0.269525
5020.0	0.269577
5021.0	0.269629
5021.399902	0.269649
5022.0	0.2697
5023.0	0.269785
5024.0	0.26987
5025.0	0.269955
5026.0	0.27004
5027.0	0.270125
5028.0	0.27021
5029.0	0.270295
5030.0	0.27038
5031.0	0.270459
5031.402832	0.27049
5032.0	0.270523
5033.0	0.270601
5034.0	0.270656
5035.0	0.270712
5036.0	0.270767
5037.0	0.270822
5038.0	0.270877
5039.0	0.270932
5040.0	0.270987
5041.0	0.271043
5041.405273	0.271065
5042.0	0.271103
5043.0	0.271168
5044.0	0.271232
5045.0	0.271297
5046.0	0.271361
5047.0	0.271426
5048.0	0.27149
5049.0	0.271555
5050.0	0.271619
5051.0	0.271683
5051.408203	0.27171
5052.0	0.271765
5053.0	0.271859
5054.0	0.271953
5055.0	0.272047
5056.0	0.272141
5057.0	0.272235
5058.0	0.272352
5059.0	0.272446
5060.0	0.27254
5061.0	0.272634
5061.410645	0.272672
5062.0	0.27269
5063.0	0.27272
5064.0	0.272751
5065.0	0.272781
5066.0	0.272811
5067.0	0.272841
5068.0	0.272871
5069.0	0.272901
5070.0	0.272931
5071.0	0.272962
5071.413574	0.272974
5072.0	0.273028
5073.0	0.273121
5074.0	0.273213
5075.0	0.273305
5076.0	0.273398
5077.0	0.27349
5078.0	0.273583
5079.0	0.273675
5080.0	0.273767
5081.0	0.27386
5081.416016	0.273898
5082.0	0.273936
5083.0	0.274001
5084.0	0.274067
5085.0	0.274132
5086.0	0.274197
5087.0	0.274286
5088.0	0.274351
5089.0	0.274416
5090.0	0.274481
5091.0	0.274546
5091.418945	0.274574
5092.0	0.274609
5093.0	0.274669
5094.0	0.274729
5095.0	0.274789
5096.0	0.274849
5097.0	0.274909
5098.0	0.274969
5099.0	0.275029
5100.0	0.275089
5101.0	0.275149
5101.421387	0.275175
5102.0	0.275204
5103.0	0.275254
5104.0	0.275305
5105.0	0.275355
5106.0	0.275406
5107.0	0.275456
5108.0	0.275507
5109.0	0.275557
5110.0	0.275608
5111.0	0.275658
5111.424316	0.27568
5112.0	0.275697
5113.0	0.275729
5114.0	0.27576
5115.0	0.275791
5116.0	0.275822
5117.0	0.275853
5118.0	0.275884
5119.0	0.275915
5120.0	0.275946
5121.0	0.275977
5121.426758	0.27599
5122.0	0.276024
5123.0	0.276107
5124.0	0.276166
5125.0	0.276225
5126.0	0.276283
5127.0	0.276342
5128.0	0.276401
5129.0	0.27646
5130.0	0.276519
5131.0	0.276578
5131.429199	0.276604
5132.0	0.276599
5133.0	0.276591
5134.0	0.276584
5135.0	0.276576
5136.0	0.276568
5137.0	0.27656
5138.0	0.276553
5139.0	0.276545
5140.0	0.276537
5141.0	0.27653
5141.432129	0.276526
5142.0	0.276542
5143.0	0.276571
5144.0	0.276599
5145.0	0.276628
5146.0	0.276656
5147.0	0.276685
5148.0	0.276713
5149.0	0.276741
5150.0	0.27677
5151.0	0.276798
5151.43457	0.276811
5152.0	0.276792
5153.0	0.276759
5154.0	0.276726
5155.0	0.276693
5156.0	0.27666
5157.0	0.276627
5158.0	0.276594
5159.0	0.276561
5160.0	0.276528
5161.0	0.276495
5161.4375	0.276481
5162.0	0.276488
5163.0	0.276502
5164.0	0.276517
5165.0	0.276531
5166.0	0.276545
5167.0	0.276559
5168.0	0.276573
5169.0	0.276587
5170.0	0.276601
5171.0	0.276615
5171.439941	0.276621
5172.0	0.276609
5173.0	0.27661
5174.0	0.276589
5175.0	0.276567
5176.0	0.276545
5177.0	0.276524
5178.0	0.276502
5179.0	0.27648
5180.0	0.276459
5181.0	0.276437
5181.442871	0.276427
5182.0	0.276391
5183.0	0.276326
5184.0	0.276261
5185.0	0.276196
5186.0	0.276131
5187.0	0.276066
5188.0	0.276001
5189.0	0.275936
5190.0	0.275871
5191.0	0.275806
5191.445312	0.275777
5192.0	0.275784
5193.0	0.275798
5194.0	0.275812
5195.0	0.275826
5196.0	0.275839
5197.0	0.275853
5198.0	0.275867
5199.0	0.275881
5200.0	0.275894
5201.0	0.275908
5201.448242	0.275914
5202.0	0.275862
5203.0	0.275768
5204.0	0.275673
5205.0	0.275578
5206.0	0.275484
5207.0	0.275389
5208.0	0.275295
5209.0	0.2752
5210.0	0.275105
5211.0	0.275011
5211.450684	0.274968
5212.0	0.274924
5213.0	0.274844
5214.0	0.274763
5215.0	0.274683
5216.0	0.274603
5217.0	0.274523
5218.0	0.274442
5219.0	0.274362
5220.0	0.274282
5221.0	0.274201
5221.453613	0.274165
5222.0	0.274139
5223.0	0.274091
5224.0	0.274044
5225.0	0.273996
5226.0	0.273948
5227.0	0.273901
5228.0	0.273853
5229.0	0.273805
5230.0	0.273758
5231.0	0.273712
5231.456055	0.273691
5232.0	0.273654
5233.0	0.273586
5234.0	0.273517
5235.0	0.273449
5236.0	0.273381
5237.0	0.273313
5238.0	0.273245
5239.0	0.273177
5240.0	0.273109
5241.0	0.273041
5241.458496	0.27301
5242.0	0.272975
5243.0	0.27291
5244.0	0.272846
5245.0	0.272782
5246.0	0.272718
5247.0	0.272653
5248.0	0.272589
5249.0	0.272525
5250.0	0.27246
5251.0	0.272396
5251.461426	0.272366
5252.0	0.272309
5253.0	0.272203
5254.0	0.272097
5255.0	0.271991
5256.0	0.271885
5257.0	0.271779
5258.0	0.271673
5259.0	0.271567
5260.0	0.271461
5261.0	0.271355
5261.463867	0.271305
5262.0	0.271271
5263.0	0.271208
5264.0	0.271144
5265.0	0.271081
5266.0	0.271017
5267.0	0.270954
5268.0	0.27089
5269.0	0.270826
5270.0	0.270763
5271.0	0.270699
5271.466797	0.27067
5272.0	0.270618
5273.0	0.270521
5274.0	0.270424
5275.0	0.270327
5276.0	0.270229
5277.0	0.270132
5278.0	0.270035
5279.0	0.269938
5280.0	0.269841
5281.0	0.269744
5281.469238	0.269698
5282.0	0.269659
5283.0	0.269584
5284.0	0.26951
5285.0	0.269435
5286.0	0.26936
5287.0	0.269286
5288.0	0.269211
5289.0	0.269137
5290.0	0.269062
5291.0	0.268988
5291.472168	0.268952
5292.0	0.268903
5293.0	0.268809
5294.0	0.268716
5295.0	0.268622
5296.0	0.268529
5297.0	0.268435
5298.0	0.268342
5299.0	0.268248
5300.0	0.268155
5301.0	0.268061
5301.474609	0.268016
5302.0	0.267972
5303.0	0.267886
5304.0	0.267801
5305.0	0.267716
5306.0	0.26763
5307.0	0.267545
5308.0	0.26746
5309.0	0.267374
5310.0	0.267289
5311.0	0.267203
5311.477539	0.267163
5312.0	0.267123
5313.0	0.267048
5314.0	0.266973
5315.0	0.266898
5316.0	0.266823
5317.0	0.266748
5318.0	0.266673
5319.0	0.266598
5320.0	0.266523
5321.0	0.266448
5321.47998	0.266412
5322.0	0.266356
5323.0	0.266247
5324.0	0.266138
5325.0	0.26603
5326.0	0.265921
5327.0	0.265812
5328.0	0.265704
5329.0	0.265595
5330.0	0.265486
5331.0	0.265355
5331.48291	0.265302
5332.0	0.265272
5333.0	0.265212
5334.0	0.265152
5335.0	0.265092
5336.0	0.265033
5337.0	0.264973
5338.0	0.264913
5339.0	0.264854
5340.0	0.264794
5341.0	0.264734
5341.485352	0.264705
5342.0	0.264659
5343.0	0.264569
5344.0	0.264479
5345.0	0.264389
5346.0	0.264299
5347.0	0.264209
5348.0	0.264119
5349.0	0.264029
5350.0	0.263939
5351.0	0.263849
5351.487793	0.263805
5352.0	0.263771
5353.0	0.263704
5354.0	0.263637
5355.0	0.263571
5356.0	0.263504
5357.0	0.263437
5358.0	0.263371
5359.0	0.263304
5360.0	0.263237
5361.0	0.26317
5361.490723	0.263138
5362.0	0.263103
5363.0	0.263036
5364.0	0.262968
5365.0	0.2629
5366.0	0.262833
5367.0	0.262765
5368.0	0.262698
5369.0	0.26263
5370.0	0.262563
5371.0	0.262495
5371.493164	0.262462
5372.0	0.262407
5373.0	0.2623
5374.0	0.262193
5375.0	0.262085
5376.0	0.261978
5377.0	0.261871
5378.0	0.261763
5379.0	0.261656
5380.0	0.261549
5381.0	0.261419
5381.496094	0.261366
5382.0	0.261341
5383.0	0.261292
5384.0	0.261242
5385.0	0.261193
5386.0	0.261143
5387.0	0.261094
5388.0	0.261044
5389.0	0.260995
5390.0	0.260946
5391.0	0.260896
5391.498535	0.260871
5392.0	0.260829
5393.0	0.260743
5394.0	0.260658
5395.0	0.260573
5396.0	0.260487
5397.0	0.260402
5398.0	0.260317
5399.0	0.260232
5400.0	0.260146
5401.0	0.260061
5401.501465	0.260018
5402.0	0.259988
5403.0	0.259926
5404.0	0.259865
5405.0	0.259804
5406.0	0.259743
5407.0	0.259682
5408.0	0.25962
5409.0	0.259559
5410.0	0.259498
5411.0	0.259437
5411.503906	0.259406
5412.0	0.259375
5413.0	0.259312
5414.0	0.259249
5415.0	0.259187
5416.0	0.259102
5417.0	0.25904
5418.0	0.258977
5419.0	0.258914
5420.0	0.258852
5421.0	0.258789
5421.506836	0.258757
5422.0	0.258704
5423.0	0.258596
5424.0	0.258487
5425.0	0.258379
5426.0	0.258271
5427.0	0.258162
5428.0	0.258054
5429.0	0.257946
5430.0	0.257837
5431.0	0.257729
5431.509277	0.257674
5432.0	0.257647
5433.0	0.257594
5434.0	0.257541
5435.0	0.257488
5436.0	0.257435
5437.0	0.257382
5438.0	0.257328
5439.0	0.257275
5440.0	0.257222
5441.0	0.257169
5441.512207	0.257141
5442.0	0.257094
5443.0	0.256997
5444.0	0.2569
5445.0	0.256781
5446.0	0.256684
5447.0	0.256587
5448.0	0.25649
5449.0	0.256393
5450.0	0.256296
5451.0	0.256198
5451.514648	0.256148
5452.0	0.256114
5453.0	0.256043
5454.0	0.255972
5455.0	0.255901
5456.0	0.25583
5457.0	0.255759
5458.0	0.255688
5459.0	0.255617
5460.0	0.255546
5461.0	0.255475
5461.517578	0.255438
5462.0	0.255401
5463.0	0.255324
5464.0	0.255247
5465.0	0.25517
5466.0	0.255093
5467.0	0.255016
5468.0	0.254939
5469.0	0.254862
5470.0	0.254785
5471.0	0.254686
5471.52002	0.254646
5472.0	0.254599
5473.0	0.254501
5474.0	0.254402
5475.0	0.254304
5476.0	0.254206
5477.0	0.254107
5478.0	0.254009
5479.0	0.253911
5480.0	0.253812
5481.0	0.253714
5481.522461	0.253662
5482.0	0.25362
5483.0	0.25353
5484.0	0.25344
5485.0	0.253351
5486.0	0.253261
5487.0	0.253171
5488.0	0.253082
5489.0	0.252992
5490.0	0.252902
5491.0	0.252812
5491.525391	0.252765
5492.0	0.252702
5493.0	0.252546
5494.0	0.252412
5495.0	0.252278
5496.0	0.252144
5497.0	0.25201
5498.0	0.251876
5499.0	0.251742
5500.0	0.251607
5501.0	0.251473
5501.527832	0.251402
5502.0	0.251353
5503.0	0.25125
5504.0	0.251147
5505.0	0.251043
5506.0	0.25094
5507.0	0.250837
5508.0	0.250734
5509.0	0.250631
5510.0	0.250528
5511.0	0.250425
5511.530762	0.25037
5512.0	0.250325
5513.0	0.250231
5514.0	0.250115
5515.0	0.25002
5516.0	0.249926
5517.0	0.249831
5518.0	0.249737
5519.0	0.249642
5520.0	0.249547
5521.0	0.249453
5521.533203	0.249402
5522.0	0.24934
5523.0	0.249208
5524.0	0.249076
5525.0	0.248943
5526.0	0.248811
5527.0	0.248679
5528.0	0.248546
5529.0	0.248414
5530.0	0.248282
5531.0	0.248149
5531.536133	0.248078
5532.0	0.24802
5533.0	0.247875
5534.0	0.24775
5535.0	0.247625
5536.0	0.247501
5537.0	0.247376
5538.0	0.247251
5539.0	0.247127
5540.0	0.247002
5541.0	0.246877
5541.538574	0.24681
5542.0	0.246734
5543.0	0.246569
5544.0	0.246404
5545.0	0.246238
5546.0	0.246073
5547.0	0.245908
5548.0	0.245743
5549.0	0.245578
5550.0	0.245413
5551.0	0.245227
5551.541504	0.245138
5552.0	0.245081
5553.0	0.244957
5554.0	0.244833
5555.0	0.244709
5556.0	0.244585
5557.0	0.244461
5558.0	0.244338
5559.0	0.244214
5560.0	0.24409
5561.0	0.243966
5561.543945	0.243898
5562.0	0.243814
5563.0	0.243629
5564.0	0.243445
5565.0	0.24326
5566.0	0.243075
5567.0	0.242891
5568.0	0.242686
5569.0	0.242501
5570.0	0.242316
5571.0	0.242132
5571.546875	0.242031
5572.0	0.241967
5573.0	0.241825
5574.0	0.241683
5575.0	0.241542
5576.0	0.2414
5577.0	0.241258
5578.0	0.241117
5579.0	0.240975
5580.0	0.240834
5581.0	0.240692
5581.549316	0.240614
5582.0	0.240535
5583.0	0.240358
5584.0	0.240161
5585.0	0.239984
5586.0	0.239807
5587.0	0.23963
5588.0	0.239453
5589.0	0.239276
5590.0	0.2391
5591.0	0.238923
5591.552246	0.238825
5592.0	0.238741
5593.0	0.238553
5594.0	0.238365
5595.0	0.238177
5596.0	0.237989
5597.0	0.237801
5598.0	0.237613
5599.0	0.237405
5600.0	0.237217
5601.0	0.237029
5601.554688	0.236924
5602.0	0.236844
5603.0	0.236665
5604.0	0.236485
5605.0	0.236306
5606.0	0.236126
5607.0	0.235947
5608.0	0.235767
5609.0	0.235588
5610.0	0.235409
5611.0	0.235229
5611.557617	0.235129
5612.0	0.235033
5613.0	0.234815
5614.0	0.234577
5615.0	0.23436
5616.0	0.234142
5617.0	0.233924
5618.0	0.233707
5619.0	0.233489
5620.0	0.233271
5621.0	0.233054
5621.560059	0.232932
5622.0	0.232855
5623.0	0.23268
5624.0	0.232505
5625.0	0.23233
5626.0	0.232156
5627.0	0.231981
5628.0	0.231786
5629.0	0.231612
5630.0	0.231437
5631.0	0.231256
5631.562988	0.231154
5632.0	0.231054
5633.0	0.230824
5634.0	0.230594
5635.0	0.230364
5636.0	0.230134
5637.0	0.229904
5638.0	0.229674
5639.0	0.229444
5640.0	0.229215
5641.0	0.228985
5641.56543	0.228844
5642.0	0.228738
5643.0	0.228512
5644.0	0.228286
5645.0	0.228061
5646.0	0.227835
5647.0	0.22761
5648.0	0.227384
5649.0	0.227159
5650.0	0.226933
5651.0	0.226708
5651.567871	0.22658
5652.0	0.226482
5653.0	0.226255
5654.0	0.226028
5655.0	0.225782
5656.0	0.225555
5657.0	0.225329
5658.0	0.225102
5659.0	0.224875
5660.0	0.224648
5661.0	0.224422
5661.570801	0.224292
5662.0	0.224184
5663.0	0.223933
5664.0	0.223682
5665.0	0.223431
5666.0	0.22318
5667.0	0.222929
5668.0	0.22266
5669.0	0.222409
5670.0	0.222158
5671.0	0.221907
5671.57373	0.221763
5672.0	0.22167
5673.0	0.221452
5674.0	0.221234
5675.0	0.221017
5676.0	0.220799
5677.0	0.220581
5678.0	0.220363
5679.0	0.220145
5680.0	0.219909
5681.0	0.219691
5681.576172	0.219566
5682.0	0.219467
5683.0	0.219235
5684.0	0.219002
5685.0	0.21877
5686.0	0.218538
5687.0	0.218305
5688.0	0.218073
5689.0	0.217841
5690.0	0.217609
5691.0	0.217376
5691.578613	0.217231
5692.0	0.217115
5693.0	0.216857
5694.0	0.216599
5695.0	0.216341
5696.0	0.216083
5697.0	0.215825
5698.0	0.215567
5699.0	0.215309
5700.0	0.215052
5701.0	0.214794
5701.581543	0.214644
5702.0	0.214541
5703.0	0.214294
5704.0	0.214029
5705.0	0.213782
5706.0	0.213535
5707.0	0.213288
5708.0	0.213042
5709.0	0.212795
5710.0	0.212548
5711.0	0.212301
5711.583984	0.212157
5712.0	0.212054
5713.0	0.211804
5714.0	0.211554
5715.0	0.211287
5716.0	0.211037
5717.0	0.210787
5718.0	0.210538
5719.0	0.210288
5720.0	0.210039
5721.0	0.209789
5721.586914	0.209643
5722.0	0.20953
5723.0	0.209259
5724.0	0.208987
5725.0	0.208716
5726.0	0.208426
5727.0	0.208155
5728.0	0.207883
5729.0	0.207612
5730.0	0.20734
5731.0	0.207069
5731.589355	0.206909
5732.0	0.206818
5733.0	0.206598
5734.0	0.206377
5735.0	0.206157
5736.0	0.205936
5737.0	0.205698
5738.0	0.205478
5739.0	0.205257
5740.0	0.205037
5741.0	0.204817
5741.592285	0.204686
5742.0	0.204575
5743.0	0.204303
5744.0	0.204031
5745.0	0.203759
5746.0	0.203487
5747.0	0.203215
5748.0	0.202926
5749.0	0.202654
5750.0	0.202382
5751.0	0.202111
5751.594727	0.201949
5752.0	0.201848
5753.0	0.201599
5754.0	0.201351
5755.0	0.201102
5756.0	0.200853
5757.0	0.200605
5758.0	0.200339
5759.0	0.200091
5760.0	0.199842
5761.0	0.199594
5761.597656	0.199445
5762.0	0.199333
5763.0	0.199052
5764.0	0.198772
5765.0	0.198492
5766.0	0.198212
5767.0	0.197933
5768.0	0.197636
5769.0	0.197356
5770.0	0.197076
5771.0	0.196796
5771.600098	0.196628
5772.0	0.196533
5773.0	0.196294
5774.0	0.196054
5775.0	0.195815
5776.0	0.195576
5777.0	0.195337
5778.0	0.195081
5779.0	0.194842
5780.0	0.194603
5781.0	0.194364
5781.603027	0.19422
5782.0	0.194116
5783.0	0.193854
5784.0	0.193592
5785.0	0.19333
5786.0	0.193068
5787.0	0.192806
5788.0	0.192527
5789.0	0.192265
5790.0	0.192003
5791.0	0.191741
5791.605469	0.191583
5792.0	0.191482
5793.0	0.191228
5794.0	0.190974
5795.0	0.190719
5796.0	0.190465
5797.0	0.19021
5798.0	0.18994
5799.0	0.189686
5800.0	0.189431
5801.0	0.189177
5801.608398	0.189022
5802.0	0.188918
5803.0	0.188652
5804.0	0.188386
5805.0	0.188119
5806.0	0.187853
5807.0	0.187571
5808.0	0.187305
5809.0	0.187039
5810.0	0.186773
5811.0	0.186507
5811.61084	0.186344
5812.0	0.186239
5813.0	0.185967
5814.0	0.185696
5815.0	0.185424
5816.0	0.185137
5817.0	0.184866
5818.0	0.184595
5819.0	0.184323
5820.0	0.184052
5821.0	0.183781
5821.61377	0.183615
5822.0	0.183521
5823.0	0.183281
5824.0	0.18304
5825.0	0.182799
5826.0	0.182543
5827.0	0.182302
5828.0	0.182061
5829.0	0.181821
5830.0	0.18158
5831.0	0.181342
5831.616211	0.181196
5832.0	0.181091
5833.0	0.180816
5834.0	0.180542
5835.0	0.180253
5836.0	0.179979
5837.0	0.179705
5838.0	0.17943
5839.0	0.179156
5840.0	0.178882
5841.0	0.178608
5841.619141	0.178439
5842.0	0.17834
5843.0	0.178065
5844.0	0.177805
5845.0	0.177545
5846.0	0.177286
5847.0	0.177026
5848.0	0.176766
5849.0	0.176507
5850.0	0.176247
5851.0	0.175987
5851.621582	0.175817
5852.0	0.175716
5853.0	0.175463
5854.0	0.17521
5855.0	0.174958
5856.0	0.174705
5857.0	0.174452
5858.0	0.1742
5859.0	0.173947
5860.0	0.173695
5861.0	0.173428
5861.624512	0.17327
5862.0	0.173171
5863.0	0.172908
5864.0	0.172644
5865.0	0.172381
5866.0	0.172118
5867.0	0.171854
5868.0	0.171591
5869.0	0.171313
5870.0	0.17105
5871.0	0.170787
5871.626953	0.170622
5872.0	0.170527
5873.0	0.170272
5874.0	0.170018
5875.0	0.169763
5876.0	0.169509
5877.0	0.169254
5878.0	0.168986
5879.0	0.168731
5880.0	0.168477
5881.0	0.168223
5881.629883	0.168062
5882.0	0.167958
5883.0	0.167678
5884.0	0.167397
5885.0	0.167116
5886.0	0.166821
5887.0	0.16654
5888.0	0.16626
5889.0	0.165979
5890.0	0.165698
5891.0	0.165418
5891.632324	0.16524
5892.0	0.165149
5893.0	0.1649
5894.0	0.164638
5895.0	0.164389
5896.0	0.164141
5897.0	0.163893
5898.0	0.163644
5899.0	0.163396
5900.0	0.163147
5901.0	0.162899
5901.634766	0.162733
5902.0	0.162627
5903.0	0.162352
5904.0	0.162076
5905.0	0.161801
5906.0	0.161526
5907.0	0.16125
5908.0	0.160975
5909.0	0.1607
5910.0	0.160411
5911.0	0.160136
5911.637695	0.159961
5912.0	0.159861
5913.0	0.159586
5914.0	0.159311
5915.0	0.159036
5916.0	0.158761
5917.0	0.158486
5918.0	0.158198
5919.0	0.157923
5920.0	0.157648
5921.0	0.157373
5921.640625	0.157197
5922.0	0.157103
5923.0	0.156839
5924.0	0.156576
5925.0	0.156313
5926.0	0.156037
5927.0	0.155774
5928.0	0.155511
5929.0	0.155248
5930.0	0.154985
5931.0	0.154722
5931.643066	0.154552
5932.0	0.154454
5933.0	0.154166
5934.0	0.153891
5935.0	0.153616
5936.0	0.153341
5937.0	0.153066
5938.0	0.152791
5939.0	0.152516
5940.0	0.152242
5941.0	0.151954
5941.645508	0.151777
5942.0	0.151682
5943.0	0.151414
5944.0	0.151147
5945.0	0.150879
5946.0	0.150612
5947.0	0.150345
5948.0	0.150077
5949.0	0.149797
5950.0	0.14953
5951.0	0.149263
5951.648438	0.149089
5952.0	0.148987
5953.0	0.148697
5954.0	0.148407
5955.0	0.148117
5956.0	0.147814
5957.0	0.147524
5958.0	0.147233
5959.0	0.146943
5960.0	0.146653
5961.0	0.146363
5961.650879	0.146174
5962.0	0.146082
5963.0	0.145804
5964.0	0.145538
5965.0	0.145273
5966.0	0.145008
5967.0	0.144742
5968.0	0.144477
5969.0	0.144212
5970.0	0.143946
5971.0	0.143669
5971.653809	0.143495
5972.0	0.143398
5973.0	0.143116
5974.0	0.142834
5975.0	0.142553
5976.0	0.142271
5977.0	0.141989
5978.0	0.141695
5979.0	0.141414
5980.0	0.141132
5981.0	0.140851
5981.656738	0.140666
5982.0	0.14057
5983.0	0.140291
5984.0	0.140012
5985.0	0.139721
5986.0	0.139442
5987.0	0.139163
5988.0	0.138884
5989.0	0.138606
5990.0	0.138327
5991.0	0.138048
5991.65918	0.137856
5992.0	0.137755
5993.0	0.13747
5994.0	0.137184
5995.0	0.136899
5996.0	0.136613
5997.0	0.136328
5998.0	0.136042
5999.0	0.135746
6000.0	0.13546
6001.0	0.135188
6001.661621	0.135008
6002.0	0.134916
6003.0	0.134642
6004.0	0.134368
6005.0	0.134094
6006.0	0.133808
6007.0	0.133534
6008.0	0.13326
6009.0	0.132986
6010.0	0.132712
6011.0	0.132438
6011.664551	0.132256
6012.0	0.132165
6013.0	0.131881
6014.0	0.131609
6015.0	0.131337
6016.0	0.131065
6017.0	0.130793
6018.0	0.130521
6019.0	0.130248
6020.0	0.129965
6021.0	0.129693
6021.666992	0.129511
6022.0	0.12942
6023.0	0.129148
6024.0	0.128875
6025.0	0.128603
6026.0	0.128319
6027.0	0.128047
6028.0	0.127774
6029.0	0.127502
6030.0	0.127229
6031.0	0.126955
6031.669922	0.126771
6032.0	0.12668
6033.0	0.126394
6034.0	0.126118
6035.0	0.125842
6036.0	0.125566
6037.0	0.12529
6038.0	0.125014
6039.0	0.124738
6040.0	0.124452
6041.0	0.124176
6041.672363	0.12399
6042.0	0.123898
6043.0	0.123616
6044.0	0.123334
6045.0	0.123052
6046.0	0.12276
6047.0	0.122478
6048.0	0.122196
6049.0	0.121914
6050.0	0.121632
6051.0	0.121349
6051.675293	0.121159
6052.0	0.121074
6053.0	0.120801
6054.0	0.120538
6055.0	0.120275
6056.0	0.120012
6057.0	0.11975
6058.0	0.119487
6059.0	0.119214
6060.0	0.118951
6061.0	0.118688
6061.677734	0.11851
6062.0	0.118419
6063.0	0.118136
6064.0	0.117853
6065.0	0.117571
6066.0	0.117278
6067.0	0.116995
6068.0	0.116712
6069.0	0.11643
6070.0	0.116147
6071.0	0.115864
6071.680664	0.115665
6072.0	0.115568
6073.0	0.115275
6074.0	0.114982
6075.0	0.114689
6076.0	0.114396
6077.0	0.114103
6078.0	0.11381
6079.0	0.113508
6080.0	0.113215
6081.0	0.112921
6081.683105	0.112721
6082.0	0.112633
6083.0	0.112356
6084.0	0.112079
6085.0	0.111792
6086.0	0.111514
6087.0	0.111237
6088.0	0.110959
6089.0	0.110682
6090.0	0.110404
6091.0	0.110117
6091.686035	0.109927
6092.0	0.109838
6093.0	0.109556
6094.0	0.109273
6095.0	0.108991
6096.0	0.108709
6097.0	0.108417
6098.0	0.108135
6099.0	0.107852
6100.0	0.10757
6101.0	0.107287
6101.688477	0.107093
6102.0	0.107008
6103.0	0.106728
6104.0	0.106457
6105.0	0.106186
6106.0	0.105915
6107.0	0.105644
6108.0	0.105373
6109.0	0.105093
6110.0	0.104821
6111.0	0.10455
6111.691406	0.104363
6112.0	0.104277
6113.0	0.103998
6114.0	0.103718
6115.0	0.103439
6116.0	0.103151
6117.0	0.102872
6118.0	0.102593
6119.0	0.102314
6120.0	0.102035
6121.0	0.101755
6121.693848	0.101556
6122.0	0.101468
6123.0	0.101192
6124.0	0.100916
6125.0	0.100639
6126.0	0.100363
6127.0	0.100078
6128.0	0.0998014
6129.0	0.0995249
6130.0	0.0992484
6131.0	0.0989718
6131.696777	0.0987791
6132.0	0.0986987
6133.0	0.0984252
6134.0	0.09816
6135.0	0.0978948
6136.0	0.0976296
6137.0	0.0973644
6138.0	0.0970991
6139.0	0.0968256
6140.0	0.0965603
6141.0	0.096295
6141.699219	0.0961094
6142.0	0.0960292
6143.0	0.0957625
6144.0	0.0954958
6145.0	0.095221
6146.0	0.0949542
6147.0	0.0946875
6148.0	0.0944207
6149.0	0.0941538
6150.0	0.093887
6151.0	0.0936121
6151.702148	0.0934247
6152.0	0.0933427
6153.0	0.0930674
6154.0	0.092792
6155.0	0.0925167
6156.0	0.0922412
6157.0	0.091958
6158.0	0.0916825
6159.0	0.0914071
6160.0	0.0911316
6161.0	0.090856
6161.70459	0.0906564
6162.0	0.090577
6163.0	0.0903157
6164.0	0.0900544
6165.0	0.089793
6166.0	0.0895317
6167.0	0.0892703
6168.0	0.0890013
6169.0	0.0887399
6170.0	0.0884784
6171.0	0.088217
6171.70752	0.088032
6172.0	0.0879588
6173.0	0.0877087
6174.0	0.0874511
6175.0	0.087201
6176.0	0.0869508
6177.0	0.0867006
6178.0	0.0864504
6179.0	0.0861928
6180.0	0.0859426
6181.0	0.0856923
6181.709961	0.0855146
6182.0	0.0854409
6183.0	0.0851867
6184.0	0.0849325
6185.0	0.0846711
6186.0	0.0844169
6187.0	0.0841626
6188.0	0.0839084
6189.0	0.0836541
6190.0	0.0833997
6191.0	0.0831383
6191.712891	0.0829569
6192.0	0.082884
6193.0	0.0826299
6194.0	0.0823759
6195.0	0.0821218
6196.0	0.0818607
6197.0	0.0816066
6198.0	0.0813524
6199.0	0.0810982
6200.0	0.080844
6201.0	0.0805898
6201.715332	0.080403
6202.0	0.0803306
6203.0	0.0800829
6204.0	0.0798352
6205.0	0.0795874
6206.0	0.0793397
6207.0	0.0790852
6208.0	0.0788374
6209.0	0.0785896
6210.0	0.0783418
6211.0	0.0780939
6211.718262	0.0779159
6212.0	0.0778488
6213.0	0.0776042
6214.0	0.0773662
6215.0	0.0771281
6216.0	0.07689
6217.0	0.0766519
6218.0	0.0764073
6219.0	0.0761692
6220.0	0.075931
6221.0	0.0756929
6221.720703	0.0755212
6222.0	0.0754559
6223.0	0.0752157
6224.0	0.074982
6225.0	0.0747482
6226.0	0.0745144
6227.0	0.0742806
6228.0	0.0740468
6229.0	0.0738066
6230.0	0.0735728
6231.0	0.0733394
6231.723633	0.0731704
6232.0	0.0731056
6233.0	0.0728712
6234.0	0.0726304
6235.0	0.0723959
6236.0	0.0721614
6237.0	0.0719268
6238.0	0.0716922
6239.0	0.0714515
6240.0	0.0712168
6241.0	0.0709821
6241.726074	0.0708117
6242.0	0.0707489
6243.0	0.0705195
6244.0	0.07029
6245.0	0.0700546
6246.0	0.0698251
6247.0	0.0695956
6248.0	0.0693661
6249.0	0.0691366
6250.0	0.0689011
6251.0	0.0686715
6251.729004	0.0685041
6252.0	0.0684455
6253.0	0.0682292
6254.0	0.0680128
6255.0	0.0677907
6256.0	0.0675743
6257.0	0.0673579
6258.0	0.0671414
6259.0	0.066925
6260.0	0.0667028
6261.0	0.0664863
6261.731445	0.0663279
6262.0	0.0662707
6263.0	0.0660577
6264.0	0.0658446
6265.0	0.0656259
6266.0	0.0654128
6267.0	0.0651997
6268.0	0.0649866
6269.0	0.0647734
6270.0	0.0645602
6271.0	0.0643415
6271.734375	0.0641849
6272.0	0.0641275
6273.0	0.0639111
6274.0	0.0636948
6275.0	0.0634784
6276.0	0.0632566
6277.0	0.0630402
6278.0	0.0628237
6279.0	0.0626073
6280.0	0.0623908
6281.0	0.062169
6281.736816	0.0620094
6282.0	0.0619573
6283.0	0.061759
6284.0	0.0615608
6285.0	0.0613625
6286.0	0.061159
6287.0	0.0609607
6288.0	0.0607624
6289.0	0.060564
6290.0	0.0603657
6291.0	0.0601621
6291.739746	0.0600154
6292.0	0.0599631
6293.0	0.059762
6294.0	0.059561
6295.0	0.0593599
6296.0	0.0591537
6297.0	0.0589526
6298.0	0.0587515
6299.0	0.0585503
6300.0	0.0583492
6301.0	0.058143
6301.742188	0.0579937
6302.0	0.0579447
6303.0	0.0577549
6304.0	0.057565
6305.0	0.0573751
6306.0	0.0571803
6307.0	0.0569904
6308.0	0.0568005
6309.0	0.0566105
6310.0	0.0564206
6311.0	0.0562257
6311.745117	0.0560842
6312.0	0.0560349
6313.0	0.0558416
6314.0	0.0556483
6315.0	0.055455
6316.0	0.055257
6317.0	0.0550637
6318.0	0.0548703
6319.0	0.0546769
6320.0	0.0544789
6321.0	0.0542855
6321.747559	0.0541409
6322.0	0.0540952
6323.0	0.0539142
6324.0	0.0537331
6325.0	0.0535474
6326.0	0.0533663
6327.0	0.0531852
6328.0	0.0530041
6329.0	0.052823
6330.0	0.0526373
6331.0	0.0524561
6331.750488	0.0523201
6332.0	0.0522764
6333.0	0.0521009
6334.0	0.0519254
6335.0	0.0517454
6336.0	0.0515699
6337.0	0.0513944
6338.0	0.0512188
6339.0	0.0510432
6340.0	0.0508633
6341.0	0.0506877
6341.75293	0.0505554
6342.0	0.0505111
6343.0	0.0503317
6344.0	0.0501523
6345.0	0.0499686
6346.0	0.0497891
6347.0	0.0496097
6348.0	0.0494302
6349.0	0.0492465
6350.0	0.049067
6351.0	0.0488875
6351.755859	0.0487517
6352.0	0.0487106
6353.0	0.048542
6354.0	0.0483693
6355.0	0.0482007
6356.0	0.0480321
6357.0	0.0478635
6358.0	0.0476949
6359.0	0.0475222
6360.0	0.0473535
6361.0	0.0471848
6361.758301	0.0470569
6362.0	0.0470172
6363.0	0.0468488
6364.0	0.0466844
6365.0	0.04652
6366.0	0.0463556
6367.0	0.0461911
6368.0	0.0460228
6369.0	0.0458583
6370.0	0.0456938
6371.0	0.0455293
6371.76123	0.0454041
6372.0	0.0453668
6373.0	0.0452069
6374.0	0.0450509
6375.0	0.0448948
6376.0	0.0447387
6377.0	0.0445788
6378.0	0.0444227
6379.0	0.0442666
6380.0	0.0441105
6381.0	0.0439543
6381.763672	0.0438322
6382.0	0.0437941
6383.0	0.043637
6384.0	0.0434799
6385.0	0.0433227
6386.0	0.0431656
6387.0	0.0430047
6388.0	0.0428475
6389.0	0.0426903
6390.0	0.0425331
6391.0	0.0423722
6391.766602	0.0422517
6392.0	0.0422174
6393.0	0.0420705
6394.0	0.0419235
6395.0	0.0417766
6396.0	0.0416261
6397.0	0.0414792
6398.0	0.0413322
6399.0	0.0411852
6400.0	0.0410347
6401.0	0.0408877
6401.769043	0.0407747
6402.0	0.0407403
6403.0	0.0405917
6404.0	0.040443
6405.0	0.0402909
6406.0	0.0401423
6407.0	0.0399936
6408.0	0.0398449
6409.0	0.0396928
6410.0	0.0395441
6411.0	0.0393953
6411.771973	0.0392805
6412.0	0.0392489
6413.0	0.03911
6414.0	0.0389679
6415.0	0.0388291
6416.0	0.0386902
6417.0	0.0385514
6418.0	0.0384093
6419.0	0.0382704
6420.0	0.0381315
6421.0	0.0379926
6421.774414	0.037885
6422.0	0.0378535
6423.0	0.0377104
6424.0	0.0375705
6425.0	0.0374305
6426.0	0.0372906
6427.0	0.0371475
6428.0	0.0370075
6429.0	0.0368676
6430.0	0.0367276
6431.0	0.036587
6431.777344	0.0364752
6432.0	0.0364439
6433.0	0.0363065
6434.0	0.036169
6435.0	0.0360315
6436.0	0.035891
6437.0	0.0357535
6438.0	0.035616
6439.0	0.0354785
6440.0	0.035338
6441.0	0.0352005
6441.779785	0.0350932
6442.0	0.0350656
6443.0	0.0349404
6444.0	0.0348152
6445.0	0.0346869
6446.0	0.0345617
6447.0	0.0344364
6448.0	0.0343112
6449.0	0.034183
6450.0	0.0340577
6451.0	0.0339324
6451.782715	0.0338344
6452.0	0.0338069
6453.0	0.0336803
6454.0	0.0335509
6455.0	0.0334244
6456.0	0.0332979
6457.0	0.0331714
6458.0	0.033042
6459.0	0.0329155
6460.0	0.0327889
6461.0	0.0326623
6461.785156	0.0325608
6462.0	0.0325337
6463.0	0.0324105
6464.0	0.0322873
6465.0	0.0321641
6466.0	0.0320382
6467.0	0.031915
6468.0	0.0317918
6469.0	0.0316686
6470.0	0.0315454
6471.0	0.0314195
6471.788086	0.0313223
6472.0	0.0312967
6473.0	0.0311757
6474.0	0.0310546
6475.0	0.0309309
6476.0	0.0308099
6477.0	0.0306889
6478.0	0.0305678
6479.0	0.0304441
6480.0	0.0303231
6481.0	0.030202
6481.790527	0.0301063
6482.0	0.0300822
6483.0	0.0299645
6484.0	0.0298493
6485.0	0.0297342
6486.0	0.029619
6487.0	0.0295039
6488.0	0.0293862
6489.0	0.0292711
6490.0	0.0291559
6491.0	0.0290408
6491.793457	0.0289474
6492.0	0.0289235
6493.0	0.02881
6494.0	0.0286965
6495.0	0.0285831
6496.0	0.0284672
6497.0	0.0283537
6498.0	0.0282402
6499.0	0.0281268
6500.0	0.0280109
6501.0	0.0278921
6501.795898	0.0277975
6502.0	0.0277742
6503.0	0.0276598
6504.0	0.0275431
6505.0	0.0274287
6506.0	0.0273145
6507.0	0.0272002
6508.0	0.027086
6509.0	0.0269696
6510.0	0.0268554
6511.0	0.0267413
6511.798828	0.0266502
6512.0	0.0266277
6513.0	0.0265137
6514.0	0.0264021
6515.0	0.0262904
6516.0	0.0261788
6517.0	0.0260651
6518.0	0.0259536
6519.0	0.0258421
6520.0	0.0257307
6521.0	0.025617
6521.80127	0.0255278
6522.0	0.0255063
6523.0	0.0253983
6524.0	0.0252903
6525.0	0.0251802
6526.0	0.0250722
6527.0	0.0249644
6528.0	0.0248565
6529.0	0.0247466
6530.0	0.0246388
6531.0	0.0245311
6531.804199	0.0244445
6532.0	0.0244244
6533.0	0.0243198
6534.0	0.0242174
6535.0	0.024115
6536.0	0.0240127
6537.0	0.0239083
6538.0	0.023806
6539.0	0.0237038
6540.0	0.0236016
6541.0	0.0234974
6541.806641	0.023415
6542.0	0.0233953
6543.0	0.0232933
6544.0	0.0231914
6545.0	0.0230876
6546.0	0.0229858
6547.0	0.022884
6548.0	0.0227822
6549.0	0.0226786
6550.0	0.0225769
6551.0	0.0224753
6551.80957	0.022393
6552.0	0.0223741
6553.0	0.0222731
6554.0	0.0221741
6555.0	0.0220751
6556.0	0.0219762
6557.0	0.0218754
6558.0	0.0217765
6559.0	0.0216776
6560.0	0.0215788
6561.0	0.0214781
6561.812012	0.021398
6562.0	0.0213803
6563.0	0.0212864
6564.0	0.0211925
6565.0	0.0210968
6566.0	0.021003
6567.0	0.0209092
6568.0	0.0208155
6569.0	0.02072
6570.0	0.0206263
6571.0	0.0205327
6571.814941	0.0204564
6572.0	0.0204399
6573.0	0.0203494
6574.0	0.0202607
6575.0	0.0201721
6576.0	0.0200834
6577.0	0.0199931
6578.0	0.0199045
6579.0	0.0198159
6580.0	0.0197274
6581.0	0.0196372
6581.817383	0.0195649
6582.0	0.0195484
6583.0	0.0194583
6584.0	0.0193682
6585.0	0.0192764
6586.0	0.0191863
6587.0	0.0190963
6588.0	0.0190063
6589.0	0.0189147
6590.0	0.0188248
6591.0	0.0187349
6591.820312	0.0186612
6592.0	0.0186457
6593.0	0.0185578
6594.0	0.0184716
6595.0	0.0183853
6596.0	0.0182991
6597.0	0.0182114
6598.0	0.0181253
6599.0	0.0180392
6600.0	0.0179532
6601.0	0.0178656
6601.822754	0.0177948
6602.0	0.0177805
6603.0	0.0176997
6604.0	0.0176174
6605.0	0.0175367
6606.0	0.017456
6607.0	0.0173753
6608.0	0.0172932
6609.0	0.0172126
6610.0	0.0171321
6611.0	0.0170515
6611.825684	0.0169838
6612.0	0.0169699
6613.0	0.0168915
6614.0	0.0168131
6615.0	0.0167348
6616.0	0.0166551
6617.0	0.0165768
6618.0	0.0164986
6619.0	0.0164204
6620.0	0.0163408
6621.0	0.0162627
6621.828125	0.016198
6622.0	0.016184
6623.0	0.0161026
6624.0	0.0160198
6625.0	0.0159385
6626.0	0.0158572
6627.0	0.0157745
6628.0	0.0156933
6629.0	0.0156121
6630.0	0.0155309
6631.0	0.0154478
6631.831055	0.0153799
6632.0	0.0153674
6633.0	0.0152935
6634.0	0.0152196
6635.0	0.0151445
6636.0	0.0150707
6637.0	0.0149969
6638.0	0.0149232
6639.0	0.0148482
6640.0	0.0147746
6641.0	0.0147009
6641.833496	0.0146385
6642.0	0.0146261
6643.0	0.014553
6644.0	0.01448
6645.0	0.0144069
6646.0	0.0143327
6647.0	0.0142597
6648.0	0.0141868
6649.0	0.0141139
6650.0	0.0140398
6651.0	0.013967
6651.836426	0.0139061
6652.0	0.0138949
6653.0	0.0138265
6654.0	0.0137569
6655.0	0.0136885
6656.0	0.0136202
6657.0	0.0135507
6658.0	0.0134825
6659.0	0.0134142
6660.0	0.013346
6661.0	0.0132767
6661.838867	0.0132195
6662.0	0.0132086
6663.0	0.0131411
6664.0	0.0130736
6665.0	0.013005
6666.0	0.0129376
6667.0	0.0128702
6668.0	0.0128018
6669.0	0.0127345
6670.0	0.0126672
6671.0	0.0125999
6671.841797	0.0125424
6672.0	0.0125321
6673.0	0.012468
6674.0	0.012404
6675.0	0.01234
6676.0	0.012275
6677.0	0.0122111
6678.0	0.0121472
6679.0	0.0120823
6680.0	0.0120184
6681.0	0.0119546
6681.844238	0.0119008
6682.0	0.0118911
6683.0	0.0118283
6684.0	0.0117666
6685.0	0.0117048
6686.0	0.0116431
6687.0	0.0115805
6688.0	0.0115188
6689.0	0.0114572
6690.0	0.0113946
6691.0	0.0113331
6691.847168	0.011281
6692.0	0.0112719
6693.0	0.0112126
6694.0	0.0111524
6695.0	0.0110931
6696.0	0.0110339
6697.0	0.0109747
6698.0	0.0109146
6699.0	0.0108555
6700.0	0.0107964
6701.0	0.0107364
6701.849609	0.0106862
6702.0	0.0106771
6703.0	0.0106164
6704.0	0.0105559
6705.0	0.0104944
6706.0	0.0104339
6707.0	0.0103733
6708.0	0.010312
6709.0	0.0102515
6710.0	0.0101911
6711.0	0.0101307
6711.852539	0.0100785
6712.0	0.0100704
6713.0	0.0100167
6714.0	0.00996297
6715.0	0.00990841
6716.0	0.00985473
6717.0	0.00980108
6718.0	0.00974746
6719.0	0.00969302
6720.0	0.00963944
6721.0	0.00958589
6721.85498	0.00954012
6722.0	0.00953288
6723.0	0.00948214
6724.0	0.00943225
6725.0	0.00938238
6726.0	0.00933173
6727.0	0.00928191
6728.0	0.00923211
6729.0	0.00918234
6730.0	0.0091318
6731.0	0.00908206
6731.85791	0.00903942
6732.0	0.00903201
6733.0	0.00897914
6734.0	0.00892708
6735.0	0.00887503
6736.0	0.00882301
6737.0	0.00877026
6738.0	0.00871829
6739.0	0.00866634
6740.0	0.00861368
6741.0	0.00856178
6741.860352	0.00851715
6742.0	0.00851046
6743.0	0.00846259
6744.0	0.00841402
6745.0	0.00836619
6746.0	0.00831839
6747.0	0.0082699
6748.0	0.00822214
6749.0	0.00817441
6750.0	0.0081267
6751.0	0.0080783
6751.863281	0.00803715
6752.0	0.00803087
6753.0	0.0079849
6754.0	0.00793827
6755.0	0.00789236
6756.0	0.00784646
6757.0	0.00780058
6758.0	0.00775405
6759.0	0.00770822
6760.0	0.00766241
6761.0	0.00761596
6761.865723	0.00757633
6762.0	0.00757047
6763.0	0.00752681
6764.0	0.00748253
6765.0	0.00743891
6766.0	0.00739532
6767.0	0.00735174
6768.0	0.00730755
6769.0	0.00726402
6770.0	0.00722051
6771.0	0.00717639
6771.868652	0.00713863
6772.0	0.00713303
6773.0	0.00709044
6774.0	0.00704787
6775.0	0.00700471
6776.0	0.00696219
6777.0	0.00691968
6778.0	0.00687659
6779.0	0.00683412
6780.0	0.00679167
6781.0	0.00674924
6781.871094	0.00671179
6782.0	0.00670653
6783.0	0.00666633
6784.0	0.00662614
6785.0	0.00658541
6786.0	0.00654526
6787.0	0.00650514
6788.0	0.00646447
6789.0	0.00642438
6790.0	0.00638431
6791.0	0.00634426
6791.874023	0.00630879
6792.0	0.00630394
6793.0	0.00626603
6794.0	0.00622813
6795.0	0.00618971
6796.0	0.00615185
6797.0	0.006114
6798.0	0.00607617
6799.0	0.00603784
6800.0	0.00600005
6801.0	0.00596228
6801.876465	0.00592873
6802.0	0.00592441
6803.0	0.00588989
6804.0	0.0058554
6805.0	0.00582041
6806.0	0.00578595
6807.0	0.0057515
6808.0	0.00571707
6809.0	0.00568216
6810.0	0.00564776
6811.0	0.00561338
6811.879395	0.00558273
6812.0	0.0055785
6813.0	0.00554394
6814.0	0.00550939
6815.0	0.00547439
6816.0	0.00543987
6817.0	0.00540537
6818.0	0.00537089
6819.0	0.00533596
6820.0	0.00530152
6821.0	0.00526708
6821.882324	0.00523632
6822.0	0.00523257
6823.0	0.00520116
6824.0	0.00516976
6825.0	0.00513794
6826.0	0.00510657
6827.0	0.00507522
6828.0	0.00504389
6829.0	0.00501213
6830.0	0.00498083
6831.0	0.00494965
6831.884766	0.0049217
6832.0	0.00491806
6833.0	0.00488689
6834.0	0.00485573
6835.0	0.00482416
6836.0	0.00479303
6837.0	0.00476191
6838.0	0.00473039
6839.0	0.0046993
6840.0	0.00466822
6841.0	0.00463716
6841.887695	0.00460924
6842.0	0.00460599
6843.0	0.0045775
6844.0	0.00454903
6845.0	0.00452017
6846.0	0.00449172
6847.0	0.00446328
6848.0	0.00443447
6849.0	0.00440605
6850.0	0.00437765
6851.0	0.00434926
6851.890137	0.00432367
6852.0	0.00432069
6853.0	0.00429403
6854.0	0.00426737
6855.0	0.00424036
6856.0	0.00421372
6857.0	0.0041871
6858.0	0.00416013
6859.0	0.00413353
6860.0	0.00410694
6861.0	0.00408001
6861.892578	0.0040563
6862.0	0.00405354
6863.0	0.00402783
6864.0	0.00400179
6865.0	0.0039761
6866.0	0.00395043
6867.0	0.00392477
6868.0	0.00389878
6869.0	0.00387314
6870.0	0.00384751
6871.0	0.00382156
6871.895508	0.00379863
6872.0	0.00379607
6873.0	0.00377153
6874.0	0.00374667
6875.0	0.00372215
6876.0	0.00369765
6877.0	0.00367283
6878.0	0.00364835
6879.0	0.00362387
6880.0	0.0035994
6881.0	0.00357464
6881.898438	0.00355268
6882.0	0.00355038
6883.0	0.00352776
6884.0	0.00350485
6885.0	0.00348225
6886.0	0.00345966
6887.0	0.00343678
6888.0	0.00341421
6889.0	0.00339165
6890.0	0.00336881
6891.0	0.00334627
6891.900879	0.00332597
6892.0	0.00332387
6893.0	0.00330241
6894.0	0.00328124
6895.0	0.00326008
6896.0	0.00323865
6897.0	0.00321751
6898.0	0.00319637
6899.0	0.00317525
6900.0	0.00315386
6901.0	0.00313276
6901.903809	0.00311369
6902.0	0.00311167
6903.0	0.00309042
6904.0	0.00306945
6905.0	0.00304849
6906.0	0.00302727
6907.0	0.00300633
6908.0	0.00298539
6909.0	0.00296421
6910.0	0.00294329
6911.0	0.00292238
6911.90625	0.00290322
6912.0	0.00290149
6913.0	0.00288329
6914.0	0.0028651
6915.0	0.00284668
6916.0	0.0028285
6917.0	0.00281034
6918.0	0.00279218
6919.0	0.0027738
6920.0	0.00275566
6921.0	0.00273752
6921.90918	0.00272083
6922.0	0.00271919
6923.0	0.00270133
6924.0	0.00268349
6925.0	0.00266542
6926.0	0.00264758
6927.0	0.00262976
6928.0	0.00261172
6929.0	0.00259391
6930.0	0.00257611
6931.0	0.00255809
6931.911621	0.00254188
6932.0	0.00254045
6933.0	0.00252432
6934.0	0.00250797
6935.0	0.00249184
6936.0	0.00247573
6937.0	0.0024594
6938.0	0.0024433
6939.0	0.00242721
6940.0	0.00241091
6941.0	0.00239483
6941.914551	0.00238013
6942.0	0.00237869
6943.0	0.00236169
6944.0	0.0023449
6945.0	0.00232812
6946.0	0.00231115
6947.0	0.00229438
6948.0	0.00227762
6949.0	0.00226068
6950.0	0.00224393
6951.0	0.0022272
6951.916992	0.00221186
6952.0	0.00221072
6953.0	0.00219678
6954.0	0.00218304
6955.0	0.00216931
6956.0	0.0021554
6957.0	0.00214168
6958.0	0.00212796
6959.0	0.00211407
6960.0	0.00210037
6961.0	0.00208668
6961.919922	0.00207392
6962.0	0.00207276
6963.0	0.00205845
6964.0	0.00204416
6965.0	0.00202969
6966.0	0.00201541
6967.0	0.00200113
6968.0	0.00198668
6969.0	0.00197242
6970.0	0.00195816
6971.0	0.00194374
6971.922363	0.0019306
6972.0	0.0019296
6973.0	0.00191675
6974.0	0.00190375
6975.0	0.00189091
6976.0	0.00187808
6977.0	0.00186509
6978.0	0.00185227
6979.0	0.00183946
6980.0	0.00182649
6981.0	0.00181369
6981.925293	0.00180185
6982.0	0.00180094
6983.0	0.00178864
6984.0	0.0017765
6985.0	0.00176436
6986.0	0.00175207
6987.0	0.00173995
6988.0	0.00172782
6989.0	0.00171556
6990.0	0.00170345
6991.0	0.00169134
6991.927734	0.00167998
6992.0	0.00167927
6993.0	0.00166953
6994.0	0.0016598
6995.0	0.00164993
6996.0	0.0016402
6997.0	0.00163048
6998.0	0.00162063
6999.0	0.00161092
7000.0	0.00160121
7001.0	0.00159128
7001.930664	0.00158218
7002.0	0.00158139
7003.0	0.00157011
7004.0	0.00155869
7005.0	0.00154741
7006.0	0.00153614
7007.0	0.00152474
7008.0	0.00151349
7009.0	0.00150223
7010.0	0.00149086
7011.0	0.00147962
7011.933105	0.00146914
7012.0	0.00146847
7013.0	0.00145839
7014.0	0.00144845
7015.0	0.00143851
7016.0	0.00142845
7017.0	0.00141852
7018.0	0.00140859
7019.0	0.00139855
7020.0	0.00138864
7021.0	0.00137873
7021.936035	0.00136935
7022.0	0.00136874
7023.0	0.00135936
7024.0	0.00134997
7025.0	0.00134048
7026.0	0.0013311
7027.0	0.00132162
7028.0	0.00131226
7029.0	0.0013029
7030.0	0.00129344
7031.0	0.00128404
7031.938477	0.00127524
7032.0	0.00127473
7033.0	0.00126643
7034.0	0.00125825
7035.0	0.00125007
7036.0	0.00124179
7037.0	0.00123362
7038.0	0.00122545
7039.0	0.00121719
7040.0	0.00120903
7041.0	0.00120089
7041.941406	0.00119312
7042.0	0.0011926
7043.0	0.00118388
7044.0	0.00117517
7045.0	0.00116636
7046.0	0.00115765
7047.0	0.00114896
7048.0	0.00114016
7049.0	0.00113147
7050.0	0.00112279
7051.0	0.00111402
7051.943848	0.00110583
7052.0	0.00110545
7053.0	0.00109859
7054.0	0.00109165
7055.0	0.0010848
7056.0	0.00107796
7057.0	0.00107103
7058.0	0.0010642
7059.0	0.00105728
7060.0	0.00105045
7061.0	0.00104363
7061.946777	0.0010371
7062.0	0.00103667
7063.0	0.00102883
7064.0	0.001021
7065.0	0.00101308
7066.0	0.00100525
7067.0	0.00099743
7068.0	0.000989527
7069.0	0.000981715
7070.0	0.000973908
7071.0	0.000966021
7071.949219	0.00095862
7072.0	0.000958285
7073.0	0.000951694
7074.0	0.000945024
7075.0	0.000938441
7076.0	0.000931861
7077.0	0.000925205
7078.0	0.000918634
7079.0	0.000912067
7080.0	0.000905425
7081.0	0.000898866
7081.952148	0.00089255
7082.0	0.000892283
7083.0	0.000886779
7084.0	0.000881279
7085.0	0.000875705
7086.0	0.000870211
7087.0	0.000864721
7088.0	0.000859158
7089.0	0.000853675
7090.0	0.000848194
7091.0	0.000842644
7091.95459	0.000837419
7092.0	0.000837139
7093.0	0.000830974
7094.0	0.00082474
7095.0	0.000818582
7096.0	0.000812428
7097.0	0.000806207
7098.0	0.00080006
7099.0	0.000793848
7100.0	0.00078771
7101.0	0.000781575
7101.95752	0.000775639
7102.0	0.000775445
7103.0	0.000770952
7104.0	0.000766462
7105.0	0.000761908
7106.0	0.000757423
7107.0	0.000752941
7108.0	0.000748396
7109.0	0.00074392
7110.0	0.000739446
7111.0	0.000734911
7111.959961	0.000730622
7112.0	0.000730372
7113.0	0.000724066
7114.0	0.000717828
7115.0	0.000711593
7116.0	0.0007053
7117.0	0.000699073
7118.0	0.00069285
7119.0	0.000686571
7120.0	0.000680356
7121.0	0.000674144
7121.962891	0.00066811
7122.0	0.000667997
7123.0	0.000665016
7124.0	0.000662037
7125.0	0.000659002
7126.0	0.000656026
7127.0	0.000652995
7128.0	0.000650023
7129.0	0.000647052
7130.0	0.000644028
7131.0	0.000641061
7131.965332	0.000638199
7132.0	0.000638027
7133.0	0.000632998
7134.0	0.000628028
7135.0	0.00062306
7136.0	0.000618042
7137.0	0.000613081
7138.0	0.000608069
7139.0	0.000603114
7140.0	0.000598162
7141.0	0.000593162
7141.968262	0.000588373
7142.0	0.000588255
7143.0	0.000584534
7144.0	0.000580765
7145.0	0.000577048
7146.0	0.000573334
7147.0	0.000569573
7148.0	0.000565863
7149.0	0.000562107
7150.0	0.000558402
7151.0	0.0005547
7151.970703	0.000551061
7152.0	0.000550952
7153.0	0.000547254
7154.0	0.000543559
7155.0	0.000539819
7156.0	0.000536128
7157.0	0.000532439
7158.0	0.000528707
7159.0	0.000525023
7160.0	0.000521295
7161.0	0.000517616
7161.973633	0.000514036
7162.0	0.000513955
7163.0	0.000510818
7164.0	0.000507728
7165.0	0.000504639
7166.0	0.000501509
7167.0	0.000498424
7168.0	0.000495342
7169.0	0.000492218
7170.0	0.000489139
7171.0	0.000486019
7171.976074	0.000483018
7172.0	0.000482923
7173.0	0.000478954
7174.0	0.000474947
7175.0	0.000470984
7176.0	0.000467022
7177.0	0.000463023
7178.0	0.000459067
7179.0	0.000455074
7180.0	0.000451123
7181.0	0.000447174
7181.979004	0.000443273
7182.0	0.000443221
7183.0	0.000440821
7184.0	0.000438422
7185.0	0.000435987
7186.0	0.000433591
7187.0	0.000431196
7188.0	0.000428766
7189.0	0.000426374
7190.0	0.000423947
7191.0	0.000421558
7191.981934	0.000419214
7192.0	0.000419157
7193.0	0.000415966
7194.0	0.000412813
7195.0	0.000409662
7196.0	0.000406477
7197.0	0.00040333
7198.0	0.00040015
7199.0	0.000397007
7200.0	0.000393865
7201.0	0.000390692
7201.984375	0.000387604
7202.0	0.000387567
7203.0	0.000385174
7204.0	0.000382749
7205.0	0.00038036
7206.0	0.000377939
7207.0	0.000375552
7208.0	0.000373167
7209.0	0.000370751
7210.0	0.000368369
7211.0	0.000365988
7211.987305	0.000363608
7212.0	0.000363575
7213.0	0.00036103
7214.0	0.000358455
7215.0	0.000355914
7216.0	0.000353373
7217.0	0.000350804
7218.0	0.000348267
7219.0	0.000345731
7220.0	0.000343167
7221.0	0.000340635
7221.989746	0.000338101
7222.0	0.000338074
7223.0	0.000335426
7224.0	0.000332779
7225.0	0.000330106
7226.0	0.000327463
7227.0	0.000324793
7228.0	0.000322153
7229.0	0.000319515
7230.0	0.000316851
7231.0	0.000314203
7231.992676	0.000311577
7232.0	0.000311564
7233.0	0.000309675
7234.0	0.000307816
7235.0	0.00030593
7236.0	0.000304073
7237.0	0.000302217
7238.0	0.000300336
7239.0	0.000298483
7240.0	0.00029663
7241.0	0.000294754
7241.995117	0.000292913
7242.0	0.000292905
7243.0	0.000291126
7244.0	0.000289373
7245.0	0.000287622
7246.0	0.000285847
7247.0	0.000284098
7248.0	0.000282326
7249.0	0.00028058
7250.0	0.000278835
7251.0	0.000277066
7251.998047	0.000275327
7252.0	0.000275323
7253.0	0.000273299
7254.0	0.000271253
7255.0	0.000269232
7256.0	0.000267188
7257.0	0.00026517
7258.0	0.000263153
7259.0	0.000261115
7260.0	0.000259101
7261.0	0.000257065
7262.0	0.000255054
7262.000488	0.000255053
7263.0	0.000253396
7264.0	0.000251717
7265.0	0.000250061
7266.0	0.000248407
7267.0	0.000246732
7268.0	0.000245079
7269.0	0.000243407
7270.0	0.000241757
7271.0	0.000240108
7272.0	0.000238439
7272.003418	0.000238434
7273.0	0.000236793
7274.0	0.000235127
7275.0	0.000233483
7276.0	0.000231839
7277.0	0.000230177
7278.0	0.000228536
7279.0	0.000226897
7280.0	0.000225238
7281.0	0.000223601
7282.0	0.000221945
7282.005859	0.000221936
7283.0	0.000220588
7284.0	0.000219233
7285.0	0.00021786
7286.0	0.000216507
7287.0	0.000215136
7288.0	0.000213785
7289.0	0.000212434
7290.0	0.000211067
7291.0	0.000209718
7292.0	0.000208353
7292.008789	0.000208341
7293.0	0.000206455
7294.0	0.000204553
7295.0	0.000202635
7296.0	0.000200736
7297.0	0.000198821
7298.0	0.000196925
7299.0	0.00019503
7300.0	0.000193119
7301.0	0.000191227
7302.0	0.000189336
7302.01123	0.000189314
7303.0	0.000188823
7304.0	0.000188343
7305.0	0.000187846
7306.0	0.000187367
7307.0	0.000186888
7308.0	0.000186392
7309.0	0.000185914
7310.0	0.000185419
7311.0	0.000184942
7312.0	0.000184464
7312.01416	0.000184457
7313.0	0.000183813
7314.0	0.000183177
7315.0	0.000182525
7316.0	0.000181889
7317.0	0.000181254
7318.0	0.000180603
7319.0	0.000179969
7320.0	0.000179319
7321.0	0.000178686
7322.0	0.000178053
7322.016602	0.000178042
7323.0	0.000176753
7324.0	0.000175459
7325.0	0.000174151
7326.0	0.000172858
7327.0	0.000171567
7328.0	0.000170261
7329.0	0.000168972
7330.0	0.000167669
7331.0	0.000166381
7332.0	0.000165094
7332.019531	0.000165069
7333.0	0.000164031
7334.0	0.000162988
7335.0	0.000161932
7336.0	0.00016089
7337.0	0.000159849
7338.0	0.000158795
7339.0	0.000157756
7340.0	0.000156703
7341.0	0.000155666
7342.0	0.000154628
7342.021973	0.000154605
7343.0	0.000153567
7344.0	0.000152519
7345.0	0.000151458
7346.0	0.000150412
7347.0	0.000149366
7348.0	0.000148308
7349.0	0.000147264
7350.0	0.000146207
7351.0	0.000145164
7352.0	0.000144122
7352.024902	0.000144096
7353.0	0.000143283
7354.0	0.000142462
7355.0	0.000141629
7356.0	0.00014081
7357.0	0.000139991
7358.0	0.00013916
7359.0	0.000138342
7360.0	0.000137513
7361.0	0.000136696
7362.0	0.00013588
7362.027344	0.000135857
7363.0	0.000135109
7364.0	0.000134353
7365.0	0.000133585
7366.0	0.00013283
7367.0	0.000132075
7368.0	0.000131309
7369.0	0.000130555
7370.0	0.000129791
7371.0	0.000129038
7372.0	0.000128274
7372.030273	0.000128252
7373.0	0.0001274
7374.0	0.000126523
7375.0	0.000125635
7376.0	0.000124759
7377.0	0.000123873
7378.0	0.000122998
7379.0	0.000122124
7380.0	0.000121239
7381.0	0.000120366
7382.0	0.000119484
7382.032715	0.000119455
7383.0	0.00011862
7384.0	0.000117757
7385.0	0.000116884
7386.0	0.000116023
7387.0	0.000115151
7388.0	0.000114291
7389.0	0.000113431
7390.0	0.000112562
7391.0	0.000111703
7392.0	0.000110835
7392.035645	0.000110805
7393.0	0.000110185
7394.0	0.000109534
7395.0	0.000108892
7396.0	0.000108251
7397.0	0.000107601
7398.0	0.000106961
7399.0	0.000106312
7400.0	0.000105673
7401.0	0.000105034
7402.0	0.000104386
7402.038086	0.000104362
7403.0	0.000103705
7404.0	0.000103012
7405.0	0.00010233
7406.0	0.000101648
7407.0	0.000100957
7408.0	0.000100276
7409.0	9.95866e-05
7410.0	9.89064e-05
7411.0	9.82181e-05
7412.0	9.75389e-05
7412.041016	9.7511e-05
7413.0	9.69343e-05
7414.0	9.63249e-05
7415.0	9.57243e-05
7416.0	9.51158e-05
7417.0	9.45162e-05
7418.0	9.39169e-05
7419.0	9.33098e-05
7420.0	9.27113e-05
7421.0	9.21052e-05
7422.0	9.15076e-05
7422.043457	9.14813e-05
7423.0	9.09258e-05
7424.0	9.03535e-05
7425.0	8.97816e-05
7426.0	8.92021e-05
7427.0	8.8631e-05
7428.0	8.80525e-05
7429.0	8.74821e-05
7430.0	8.69122e-05
7431.0	8.63395e-05
7432.0	8.57748e-05
7432.046387	8.57483e-05
7433.0	8.52096e-05
7434.0	8.46527e-05
7435.0	8.40886e-05
7436.0	8.35323e-05
7437.0	8.29763e-05
7438.0	8.24134e-05
7439.0	8.1858e-05
7440.0	8.12959e-05
7441.0	8.07413e-05
7442.0	8.0187e-05
7442.049316	8.01593e-05
7443.0	7.97202e-05
7444.0	7.92657e-05
7445.0	7.88044e-05
7446.0	7.83504e-05
7447.0	7.78898e-05
7448.0	7.74364e-05
7449.0	7.69832e-05
7450.0	7.65235e-05
7451.0	7.60708e-05
7452.0	7.56118e-05
7452.051758	7.55884e-05
7453.0	7.50514e-05
7454.0	7.44789e-05
7455.0	7.39133e-05
7456.0	7.33481e-05
7457.0	7.27767e-05
7458.0	7.22121e-05
7459.0	7.16416e-05
7460.0	7.10777e-05
7461.0	7.05079e-05
7462.0	6.99447e-05
7462.054688	6.99139e-05
7463.0	6.9505e-05
7464.0	6.90665e-05
7465.0	6.86345e-05
7466.0	6.81967e-05
7467.0	6.77652e-05
7468.0	6.73339e-05
7469.0	6.68969e-05
7470.0	6.64662e-05
7471.0	6.60298e-05
7472.0	6.55996e-05
7472.057129	6.55747e-05
7473.0	6.5237e-05
7474.0	6.48849e-05
7475.0	6.4533e-05
7476.0	6.41756e-05
7477.0	6.38241e-05
7478.0	6.34671e-05
7479.0	6.31161e-05
7480.0	6.27596e-05
7481.0	6.2409e-05
7482.0	6.20586e-05
7482.060059	6.20373e-05
7483.0	6.16504e-05
7484.0	6.12445e-05
7485.0	6.08334e-05
7486.0	6.0428e-05
7487.0	6.00176e-05
7488.0	5.96126e-05
7489.0	5.92079e-05
7490.0	5.87983e-05
7491.0	5.83942e-05
7492.0	5.79852e-05
7492.0625	5.796e-05
7493.0	5.75608e-05
7494.0	5.71301e-05
7495.0	5.67048e-05
7496.0	5.62797e-05
7497.0	5.58499e-05
7498.0	5.54253e-05
