1.11420998e+06 1.23000000e-04
1.11732002e+06 1.86000000e-04
1.12044998e+06 2.51000000e-04
1.12360001e+06 3.27000000e-04
1.12676002e+06 4.24000000e-04
1.12994003e+06 5.64000000e-04
1.13314003e+06 7.45000000e-04
1.13636002e+06 1.00700000e-03
1.13959999e+06 1.29200000e-03
1.14286003e+06 1.48900000e-03
1.14612999e+06 1.64100000e-03
1.14943001e+06 1.92400000e-03
1.15274002e+06 2.25100000e-03
1.15607002e+06 2.45500000e-03
1.15942001e+06 2.60300000e-03
1.16278999e+06 2.90200000e-03
1.16617996e+06 3.31400000e-03
1.16959000e+06 3.89600000e-03
1.17302002e+06 4.60300000e-03
1.17647003e+06 5.20300000e-03
1.17994003e+06 5.91100000e-03
1.18343002e+06 6.94400000e-03
1.18694000e+06 8.15100000e-03
1.19047997e+06 9.55600000e-03
1.19403000e+06 1.12790000e-02
1.19760002e+06 1.29740000e-02
1.20120003e+06 1.49100000e-02
1.20482002e+06 1.75560000e-02
1.20846001e+06 2.05000000e-02
1.21211998e+06 2.36870000e-02
1.21581001e+06 2.75290000e-02
1.21950996e+06 3.17970000e-02
1.22323998e+06 3.66720000e-02
1.22698998e+06 4.27700000e-02
1.23077003e+06 4.96100000e-02
1.23457001e+06 5.67780000e-02
1.23838997e+06 6.56910000e-02
1.24223999e+06 7.63840000e-02
1.24611000e+06 8.72220000e-02
1.25000000e+06 9.96470000e-02
1.25391998e+06 1.14529000e-01
1.25786003e+06 1.29435000e-01
1.26182999e+06 1.46434000e-01
1.26582001e+06 1.66544000e-01
1.26984001e+06 1.85356000e-01
1.27389000e+06 2.05597000e-01
1.27795998e+06 2.30493000e-01
1.28205002e+06 2.52862000e-01
1.28617004e+06 2.74605000e-01
1.29031998e+06 3.01586000e-01
1.29449997e+06 3.24261000e-01
1.29869995e+06 3.43256000e-01
1.30292999e+06 3.67845000e-01
1.30718994e+06 3.88629000e-01
1.31147995e+06 4.03465000e-01
1.31578995e+06 4.22941000e-01
1.32013000e+06 4.37648000e-01
1.32449997e+06 4.41607000e-01
1.32889999e+06 4.48333000e-01
1.33332993e+06 4.54161000e-01
1.33779007e+06 4.50629000e-01
1.34227997e+06 4.50380000e-01
1.34679993e+06 4.53477000e-01
1.35134995e+06 4.50510000e-01
1.35593002e+06 4.52333000e-01
1.36054001e+06 4.63038000e-01
1.36518997e+06 4.68239000e-01
1.36985992e+06 4.73924000e-01
1.37457001e+06 4.88863000e-01
1.37930984e+06 4.96747000e-01
1.38408005e+06 4.98928000e-01
1.38889008e+06 5.08083000e-01
1.39373001e+06 5.10638000e-01
1.39860001e+06 5.07472000e-01
1.40350998e+06 5.14133000e-01
1.40845001e+06 5.17551000e-01
1.41343002e+06 5.13237000e-01
1.41843994e+06 5.17836000e-01
1.42348999e+06 5.21810000e-01
1.42856995e+06 5.17146000e-01
1.43369003e+06 5.20022000e-01
1.43884995e+06 5.24563000e-01
1.44404007e+06 5.20245000e-01
1.44927994e+06 5.21576000e-01
1.45455002e+06 5.27749000e-01
1.45985001e+06 5.26550000e-01
1.46520004e+06 5.28340000e-01
1.47059006e+06 5.35338000e-01
1.47600998e+06 5.34712000e-01
1.48147995e+06 5.35202000e-01
1.48699005e+06 5.43420000e-01
1.49253998e+06 5.43501000e-01
1.49813004e+06 5.40527000e-01
1.50376007e+06 5.46614000e-01
1.50942993e+06 5.46654000e-01
1.51514999e+06 5.40914000e-01
1.52091003e+06 5.45060000e-01
1.52671997e+06 5.45702000e-01
1.53257004e+06 5.39329000e-01
1.53845993e+06 5.43259000e-01
1.54440002e+06 5.46314000e-01
1.55039001e+06 5.40564000e-01
1.55641998e+06 5.42747000e-01
1.56250000e+06 5.44672000e-01
1.56863007e+06 5.36338000e-01
1.57479996e+06 5.35639000e-01
1.58102997e+06 5.38078000e-01
1.58729996e+06 5.29592000e-01
1.59363007e+06 5.24246000e-01
1.60000000e+06 5.24885000e-01
1.60643005e+06 5.16854000e-01
1.61289993e+06 5.09749000e-01
1.61942993e+06 5.10861000e-01
1.62602005e+06 5.06278000e-01
1.63264999e+06 4.99765000e-01
1.63934006e+06 5.01560000e-01
1.64608994e+06 4.98322000e-01
1.65289001e+06 4.89745000e-01
1.65975006e+06 4.89233000e-01
1.66667007e+06 4.85033000e-01
1.67363998e+06 4.73850000e-01
1.68067001e+06 4.71473000e-01
1.68776001e+06 4.70701000e-01
1.69492004e+06 4.60580000e-01
1.70212997e+06 4.57268000e-01
1.70940002e+06 4.57957000e-01
1.71673996e+06 4.50658000e-01
1.72414001e+06 4.49159000e-01
1.73160004e+06 4.52309000e-01
1.73912994e+06 4.46053000e-01
1.74671997e+06 4.42808000e-01
1.75438995e+06 4.45406000e-01
1.76210999e+06 4.40926000e-01
1.76990997e+06 4.38277000e-01
1.77778000e+06 4.41164000e-01
1.78570999e+06 4.35159000e-01
1.79371994e+06 4.29747000e-01
1.80179993e+06 4.32801000e-01
1.80994995e+06 4.32525000e-01
1.81817993e+06 4.30561000e-01
1.82647995e+06 4.36655000e-01
1.83485992e+06 4.39237000e-01
1.84332001e+06 4.33252000e-01
1.85184998e+06 4.33453000e-01
1.86046997e+06 4.35221000e-01
1.86916000e+06 4.32822000e-01
1.87792999e+06 4.34708000e-01
1.88679001e+06 4.35832000e-01
1.89572998e+06 4.28704000e-01
1.90475998e+06 4.24391000e-01
1.91388000e+06 4.22630000e-01
1.92307999e+06 4.15795000e-01
1.93237000e+06 4.10199000e-01
1.94175003e+06 4.04831000e-01
1.95121994e+06 3.89426000e-01
1.96078003e+06 3.74824000e-01
1.97044006e+06 3.67303000e-01
1.98020004e+06 3.55677000e-01
1.99005005e+06 3.42366000e-01
2.00000000e+06 3.33008000e-01
2.01005005e+06 3.14394000e-01
2.02020004e+06 2.94157000e-01
2.03046005e+06 2.81663000e-01
2.04082001e+06 2.64420000e-01
2.05128006e+06 2.41459000e-01
2.06186005e+06 2.25093000e-01
2.07253998e+06 2.06788000e-01
2.08332993e+06 1.81573000e-01
2.09423996e+06 1.64831000e-01
2.10526001e+06 1.50374000e-01
2.11639999e+06 1.35176000e-01
2.12766006e+06 1.21540000e-01
2.13904007e+06 1.07791000e-01
2.15054001e+06 9.35670000e-02
2.16216003e+06 8.24640000e-02
2.17391006e+06 7.28850000e-02
2.18578995e+06 6.33380000e-02
2.19779999e+06 5.54150000e-02
2.20994003e+06 4.83050000e-02
2.22222000e+06 4.16940000e-02
2.23464005e+06 3.69460000e-02
2.24718994e+06 3.29050000e-02
2.25988998e+06 2.83740000e-02
2.27272995e+06 2.46200000e-02
2.28570999e+06 2.18740000e-02
2.29884995e+06 1.89890000e-02
2.31214005e+06 1.62380000e-02
2.32557999e+06 1.42240000e-02
2.33917999e+06 1.24760000e-02
2.35294006e+06 1.10170000e-02
2.36686005e+06 9.81100000e-03
2.38095001e+06 8.72500000e-03
2.39520996e+06 7.68600000e-03
2.40964005e+06 6.96200000e-03
2.42423996e+06 6.21300000e-03
2.43901993e+06 5.30800000e-03
2.45399002e+06 4.83500000e-03
2.46914001e+06 4.41700000e-03
2.48447006e+06 3.82600000e-03
2.50000000e+06 3.42900000e-03
2.51572006e+06 3.11600000e-03
2.53164993e+06 2.77400000e-03
2.54776993e+06 2.50800000e-03
2.56410004e+06 2.30400000e-03
2.58065002e+06 2.07000000e-03
2.59739990e+06 1.85800000e-03
2.61437988e+06 1.68100000e-03
2.63157990e+06 1.45600000e-03
2.64901001e+06 1.26300000e-03
2.66666992e+06 1.12900000e-03
2.68455994e+06 9.74000000e-04
2.70269989e+06 8.13000000e-04
2.72109009e+06 7.21000000e-04
2.73972992e+06 6.33000000e-04
2.75861969e+06 5.37000000e-04
2.77778015e+06 4.90000000e-04
2.79720001e+06 4.60000000e-04
2.81690002e+06 4.04000000e-04
2.83687988e+06 3.58000000e-04
2.85713989e+06 3.25000000e-04
2.87769989e+06 2.77000000e-04
2.89855011e+06 2.23000000e-04
2.91971008e+06 1.95000000e-04
2.94118011e+06 1.57000000e-04
2.96295990e+06 1.31000000e-04
2.98506989e+06 1.50000000e-04
3.00752014e+06 1.63000000e-04
3.03029999e+06 1.61000000e-04
3.05343994e+06 1.67000000e-04
3.07691986e+06 1.55000000e-04
3.10078003e+06 1.31000000e-04
3.12500000e+06 1.30000000e-04
3.14960999e+06 1.26000000e-04
3.17459991e+06 1.11000000e-04
3.20000000e+06 1.08000000e-04
