6.68896027e+05 1.80000000e-04
6.70017014e+05 2.92000000e-04
6.71140976e+05 1.70000000e-05
6.72268982e+05 1.28000000e-04
6.73401032e+05 3.22000000e-04
6.74535980e+05 2.20000000e-05
6.75675964e+05 1.47000000e-04
6.76819000e+05 3.53000000e-04
6.77966003e+05 6.70000000e-05
6.79116974e+05 7.80000000e-05
6.80271988e+05 3.72000000e-04
6.81430969e+05 7.80000000e-05
6.82593994e+05 1.50000000e-05
6.83760986e+05 2.09000000e-04
6.84931030e+05 7.20000000e-05
6.86106033e+05 6.60000000e-05
6.87285004e+05 2.24000000e-04
6.88468018e+05 1.09000000e-04
6.89654999e+05 6.40000000e-05
6.90846024e+05 5.26000000e-04
6.92042007e+05 4.15000000e-04
6.93240967e+05 3.00000000e-04
6.94443970e+05 7.42000000e-04
6.95652008e+05 5.56000000e-04
6.96864014e+05 2.05000000e-04
6.98079987e+05 5.56000000e-04
6.99300995e+05 3.05000000e-04
7.00524979e+05 8.20000000e-05
7.01753998e+05 2.07000000e-04
7.02987976e+05 2.27000000e-04
7.04225006e+05 3.80000000e-05
7.05466995e+05 3.24000000e-04
7.06714020e+05 6.78000000e-04
7.07965012e+05 2.81000000e-04
7.09219971e+05 6.00000000e-04
7.10479965e+05 1.17600000e-03
7.11744003e+05 8.44000000e-04
7.13012009e+05 9.53000000e-04
7.14285965e+05 1.42500000e-03
7.15563965e+05 9.84000000e-04
7.16846008e+05 8.80000000e-04
7.18133011e+05 1.37900000e-03
7.19423981e+05 9.30000000e-04
7.20720978e+05 5.36000000e-04
7.22022018e+05 9.40000000e-04
7.23327026e+05 5.67000000e-04
7.24637985e+05 1.32000000e-04
7.25952988e+05 6.21000000e-04
7.27273025e+05 3.34000000e-04
7.28597031e+05 6.70000000e-05
7.29926987e+05 7.20000000e-05
7.31260986e+05 1.98000000e-04
7.32601013e+05 1.00000000e-05
7.33945007e+05 2.50000000e-05
7.35294037e+05 1.06000000e-04
7.36648025e+05 2.20000000e-05
7.38006973e+05 9.10000000e-05
7.39372025e+05 1.70000000e-05
7.40740967e+05 9.50000000e-05
7.42115021e+05 3.57000000e-04
7.43494034e+05 1.96000000e-04
7.44878998e+05 2.23000000e-04
7.46268997e+05 4.30000000e-04
7.47664032e+05 1.95000000e-04
7.49064026e+05 5.70000000e-05
7.50468979e+05 1.52000000e-04
7.51880035e+05 2.60000000e-05
7.53295975e+05 1.40000000e-05
7.54717026e+05 2.19000000e-04
7.56144028e+05 2.03000000e-04
7.57575989e+05 1.97000000e-04
7.59012985e+05 8.53000000e-04
7.60456009e+05 5.16000000e-04
7.61904983e+05 1.32000000e-04
7.63358993e+05 8.78000000e-04
7.64817963e+05 5.98000000e-04
7.66283035e+05 1.48000000e-04
7.67753983e+05 1.07700000e-03
7.69231033e+05 1.07800000e-03
7.70712967e+05 5.06000000e-04
7.72201004e+05 1.46600000e-03
7.73694000e+05 1.87300000e-03
7.75194015e+05 1.22800000e-03
7.76698990e+05 2.01800000e-03
7.78209992e+05 2.63600000e-03
7.79727020e+05 1.88700000e-03
7.81250000e+05 2.48800000e-03
7.82779007e+05 3.43800000e-03
7.84313965e+05 2.81000000e-03
7.85855026e+05 3.20600000e-03
7.87401962e+05 4.47200000e-03
7.88955002e+05 4.39500000e-03
7.90513992e+05 5.17600000e-03
7.92079010e+05 7.16100000e-03
7.93650971e+05 7.62000000e-03
7.95229034e+05 8.37500000e-03
7.96812973e+05 1.05810000e-02
7.98403015e+05 1.14140000e-02
8.00000000e+05 1.22280000e-02
8.01603012e+05 1.48920000e-02
8.03212967e+05 1.65570000e-02
8.04829025e+05 1.80260000e-02
8.06452026e+05 2.19120000e-02
8.08080978e+05 2.54880000e-02
8.09717026e+05 2.81050000e-02
8.11359024e+05 3.29860000e-02
8.13007965e+05 3.91300000e-02
8.14664002e+05 4.50420000e-02
8.16326981e+05 5.18640000e-02
8.17995987e+05 5.89550000e-02
8.19672012e+05 6.68480000e-02
8.21354980e+05 7.67670000e-02
8.23044968e+05 8.74430000e-02
8.24741974e+05 1.00780000e-01
8.26445999e+05 1.15714000e-01
8.28156967e+05 1.31404000e-01
8.29875030e+05 1.49148000e-01
8.31601028e+05 1.67954000e-01
8.33332977e+05 1.86327000e-01
8.35073013e+05 2.05672000e-01
8.36819992e+05 2.25335000e-01
8.38573990e+05 2.42845000e-01
8.40335998e+05 2.59589000e-01
8.42105026e+05 2.69478000e-01
8.43881988e+05 2.83383000e-01
8.45665970e+05 2.96556000e-01
8.47457962e+05 3.10720000e-01
8.49256973e+05 3.25314000e-01
8.51063995e+05 3.41531000e-01
8.52878037e+05 3.59379000e-01
8.54701004e+05 3.76443000e-01
8.56530991e+05 3.92817000e-01
8.58368988e+05 4.08650000e-01
8.60214996e+05 4.20221000e-01
8.62069015e+05 4.29624000e-01
8.63930969e+05 4.37686000e-01
8.65801010e+05 4.42078000e-01
8.67678986e+05 4.43654000e-01
8.69564972e+05 4.44661000e-01
8.71460037e+05 4.43947000e-01
8.73361969e+05 4.41489000e-01
8.75273972e+05 4.39453000e-01
8.77192993e+05 4.36985000e-01
8.79121017e+05 4.33433000e-01
8.81056976e+05 4.31011000e-01
8.83002014e+05 4.28992000e-01
8.84955978e+05 4.25648000e-01
8.86918030e+05 4.22882000e-01
8.88889008e+05 4.20483000e-01
8.90868988e+05 4.16628000e-01
8.92856979e+05 4.12423000e-01
8.94854965e+05 4.09785000e-01
8.96860962e+05 4.06396000e-01
8.98876038e+05 4.03976000e-01
9.00901032e+05 4.04834000e-01
9.02935028e+05 4.07556000e-01
9.04977035e+05 4.12733000e-01
9.07029037e+05 4.21293000e-01
9.09091034e+05 4.29533000e-01
9.11162033e+05 4.37935000e-01
9.13242035e+05 4.49141000e-01
9.15332031e+05 4.60351000e-01
9.17431030e+05 4.70352000e-01
9.19540024e+05 4.81688000e-01
9.21659012e+05 4.92609000e-01
9.23787994e+05 5.02153000e-01
9.25925980e+05 5.12986000e-01
9.28074036e+05 5.23493000e-01
9.30233002e+05 5.31692000e-01
9.32400971e+05 5.40633000e-01
9.34579010e+05 5.49775000e-01
9.36768036e+05 5.55764000e-01
9.38966980e+05 5.61068000e-01
9.41175995e+05 5.65942000e-01
9.43395996e+05 5.67452000e-01
9.45625992e+05 5.68157000e-01
9.47866974e+05 5.70508000e-01
9.50119019e+05 5.71616000e-01
9.52380981e+05 5.73019000e-01
9.54654007e+05 5.75780000e-01
9.56938019e+05 5.76367000e-01
9.59233017e+05 5.75739000e-01
9.61538010e+05 5.78610000e-01
9.63854980e+05 5.80246000e-01
9.66184006e+05 5.78966000e-01
9.68523025e+05 5.80038000e-01
9.70874023e+05 5.81219000e-01
9.73236008e+05 5.80184000e-01
9.75609970e+05 5.81172000e-01
9.77994995e+05 5.82526000e-01
9.80391998e+05 5.81595000e-01
9.82800980e+05 5.81921000e-01
9.85222015e+05 5.82167000e-01
9.87654037e+05 5.78952000e-01
9.90099029e+05 5.75169000e-01
9.92556000e+05 5.71108000e-01
9.95025024e+05 5.63640000e-01
9.97506027e+05 5.56846000e-01
1.00000000e+06 5.53627000e-01
1.00250999e+06 5.49269000e-01
1.00502998e+06 5.44147000e-01
1.00755997e+06 5.40431000e-01
1.01010002e+06 5.33981000e-01
1.01265999e+06 5.27844000e-01
1.01523003e+06 5.25945000e-01
1.01780998e+06 5.24405000e-01
1.02041000e+06 5.20724000e-01
1.02302002e+06 5.19074000e-01
1.02564003e+06 5.17688000e-01
1.02828003e+06 5.14608000e-01
1.03093002e+06 5.13931000e-01
1.03359001e+06 5.13783000e-01
1.03626999e+06 5.10802000e-01
1.03896004e+06 5.07169000e-01
1.04167000e+06 5.02256000e-01
1.04439003e+06 4.94410000e-01
1.04711998e+06 4.87835000e-01
1.04987000e+06 4.82584000e-01
1.05263000e+06 4.73372000e-01
1.05541000e+06 4.63719000e-01
1.05820000e+06 4.60195000e-01
1.06100998e+06 4.55217000e-01
1.06383003e+06 4.50775000e-01
1.06667000e+06 4.53501000e-01
1.06952003e+06 4.55920000e-01
1.07238998e+06 4.55619000e-01
1.07527000e+06 4.59141000e-01
1.07817001e+06 4.59018000e-01
1.08108002e+06 4.54029000e-01
1.08401001e+06 4.55200000e-01
1.08695999e+06 4.57686000e-01
1.08991997e+06 4.52013000e-01
1.09290001e+06 4.49778000e-01
1.09588997e+06 4.50995000e-01
1.09889999e+06 4.45150000e-01
1.10193001e+06 4.42953000e-01
1.10497002e+06 4.45748000e-01
1.10803001e+06 4.41609000e-01
1.11111000e+06 4.38610000e-01
1.11420998e+06 4.42069000e-01
1.11732002e+06 4.37672000e-01
1.12044998e+06 4.33324000e-01
1.12360001e+06 4.36091000e-01
1.12676002e+06 4.32658000e-01
1.12994003e+06 4.26907000e-01
1.13314003e+06 4.27058000e-01
1.13636002e+06 4.22077000e-01
1.13959999e+06 4.13699000e-01
1.14286003e+06 4.12088000e-01
1.14612999e+06 4.09175000e-01
1.14943001e+06 4.01063000e-01
1.15274002e+06 3.97287000e-01
1.15607002e+06 3.93540000e-01
1.15942001e+06 3.84306000e-01
1.16278999e+06 3.79174000e-01
1.16617996e+06 3.76256000e-01
1.16959000e+06 3.67713000e-01
1.17302002e+06 3.61588000e-01
1.17647003e+06 3.58322000e-01
1.17994003e+06 3.48840000e-01
1.18343002e+06 3.40148000e-01
1.18694000e+06 3.34940000e-01
1.19047997e+06 3.24309000e-01
1.19403000e+06 3.13222000e-01
1.19760002e+06 3.05625000e-01
1.20120003e+06 2.93588000e-01
1.20482002e+06 2.79905000e-01
1.20846001e+06 2.69006000e-01
1.21211998e+06 2.55196000e-01
1.21581001e+06 2.39686000e-01
1.21950996e+06 2.26569000e-01
1.22323998e+06 2.11424000e-01
1.22698998e+06 1.94123000e-01
1.23077003e+06 1.78874000e-01
1.23457001e+06 1.63280000e-01
1.23838997e+06 1.46036000e-01
1.24223999e+06 1.30748000e-01
1.24611000e+06 1.16502000e-01
1.25000000e+06 1.01429000e-01
1.25391998e+06 8.76730000e-02
1.25786003e+06 7.52220000e-02
1.26182999e+06 6.30800000e-02
1.26582001e+06 5.27140000e-02
1.26984001e+06 4.39160000e-02
1.27389000e+06 3.55840000e-02
1.27795998e+06 2.84680000e-02
1.28205002e+06 2.27360000e-02
1.28617004e+06 1.76270000e-02
1.29031998e+06 1.35390000e-02
1.29449997e+06 1.07270000e-02
1.29869995e+06 8.72000000e-03
1.30292999e+06 7.30900000e-03
1.30718994e+06 6.53500000e-03
1.31147995e+06 6.23400000e-03
1.31578995e+06 6.07900000e-03
1.32013000e+06 6.08400000e-03
1.32449997e+06 6.17400000e-03
1.32889999e+06 6.30900000e-03
1.33332993e+06 6.49600000e-03
1.33779007e+06 6.55200000e-03
1.34227997e+06 6.41300000e-03
1.34679993e+06 6.17000000e-03
1.35134995e+06 5.83800000e-03
1.35593002e+06 5.44300000e-03
1.36054001e+06 5.08900000e-03
1.36518997e+06 4.75400000e-03
1.36985992e+06 4.32600000e-03
1.37457001e+06 3.90400000e-03
1.37930984e+06 3.48300000e-03
1.38408005e+06 2.98000000e-03
1.38889008e+06 2.53800000e-03
1.39373001e+06 2.23700000e-03
1.39860001e+06 1.92600000e-03
1.40350998e+06 1.59200000e-03
1.40845001e+06 1.31600000e-03
1.41343002e+06 1.06000000e-03
1.41843994e+06 8.36000000e-04
1.42348999e+06 6.72000000e-04
1.42856995e+06 5.39000000e-04
1.43369003e+06 4.30000000e-04
1.43884995e+06 3.54000000e-04
1.44404007e+06 2.86000000e-04
1.44927994e+06 2.19000000e-04
1.45455002e+06 1.69000000e-04
1.45985001e+06 1.35000000e-04
1.46520004e+06 1.05000000e-04
