6826.0	3.67929e-05
6827.0	3.70049e-05
6828.0	3.72169e-05
6829.0	3.7429e-05
6830.0	3.7641e-05
6831.0	3.78521e-05
6832.0	3.80672e-05
6833.0	3.82822e-05
6834.0	3.84972e-05
6835.0	3.87122e-05
6836.0	3.89273e-05
6837.0	3.91461e-05
6838.0	3.9365e-05
6839.0	3.95837e-05
6840.0	3.98027e-05
6841.0	4.00179e-05
6842.0	4.02368e-05
6843.0	4.04557e-05
6844.0	4.06747e-05
6845.0	4.08935e-05
6846.0	4.11124e-05
6847.0	4.13349e-05
6848.0	4.15575e-05
6849.0	4.17801e-05
6850.0	4.20025e-05
6851.0	4.22282e-05
6852.0	4.24577e-05
6853.0	4.26872e-05
6854.0	4.29167e-05
6855.0	4.31461e-05
6856.0	4.33755e-05
6857.0	4.36088e-05
6858.0	4.38421e-05
6859.0	4.40753e-05
6860.0	4.43086e-05
6861.0	4.45446e-05
6862.0	4.47844e-05
6863.0	4.50243e-05
6864.0	4.52642e-05
6865.0	4.55041e-05
6866.0	4.5744e-05
6867.0	4.59877e-05
6868.0	4.62314e-05
6869.0	4.64752e-05
6870.0	4.67189e-05
6871.0	4.69592e-05
6872.0	4.72031e-05
6873.0	4.7447e-05
6874.0	4.76911e-05
6875.0	4.7935e-05
6876.0	4.8179e-05
6877.0	4.84266e-05
6878.0	4.86742e-05
6879.0	4.89217e-05
6880.0	4.91693e-05
6881.0	4.94183e-05
6882.0	4.96709e-05
6883.0	4.99235e-05
6884.0	5.0176e-05
6885.0	5.04286e-05
6886.0	5.06812e-05
6887.0	5.09375e-05
6888.0	5.11936e-05
6889.0	5.14498e-05
6890.0	5.17062e-05
6891.0	5.19595e-05
6892.0	5.22163e-05
6893.0	5.24733e-05
6894.0	5.27301e-05
6895.0	5.29868e-05
6896.0	5.32436e-05
6897.0	5.35041e-05
6898.0	5.37643e-05
6899.0	5.40246e-05
6900.0	5.42849e-05
6901.0	5.45465e-05
6902.0	5.48116e-05
6903.0	5.50767e-05
6904.0	5.53418e-05
6905.0	5.56069e-05
6906.0	5.58719e-05
6907.0	5.61405e-05
6908.0	5.64091e-05
6909.0	5.66777e-05
6910.0	5.69463e-05
6911.0	5.72233e-05
6912.0	5.75038e-05
6913.0	5.77844e-05
6914.0	5.80651e-05
6915.0	5.83457e-05
6916.0	5.86265e-05
6917.0	5.89108e-05
6918.0	5.91952e-05
6919.0	5.94795e-05
6920.0	5.97639e-05
6921.0	6.00388e-05
6922.0	6.0317e-05
6923.0	6.05951e-05
6924.0	6.08732e-05
6925.0	6.11512e-05
6926.0	6.14293e-05
6927.0	6.17107e-05
6928.0	6.19919e-05
6929.0	6.22734e-05
6930.0	6.25545e-05
6931.0	6.28333e-05
6932.0	6.31156e-05
6933.0	6.33976e-05
6934.0	6.36796e-05
6935.0	6.39615e-05
6936.0	6.42434e-05
6937.0	6.45285e-05
6938.0	6.48134e-05
6939.0	6.50985e-05
6940.0	6.53834e-05
6941.0	6.56762e-05
6942.0	6.59721e-05
6943.0	6.62682e-05
6944.0	6.65642e-05
6945.0	6.68602e-05
6946.0	6.71562e-05
6947.0	6.74555e-05
6948.0	6.77546e-05
6949.0	6.8054e-05
6950.0	6.83531e-05
6951.0	6.8641e-05
6952.0	6.89318e-05
6953.0	6.92226e-05
6954.0	6.95132e-05
6955.0	6.98039e-05
6956.0	7.00942e-05
6957.0	7.03878e-05
6958.0	7.06814e-05
6959.0	7.09747e-05
6960.0	7.12678e-05
6961.0	7.15626e-05
6962.0	7.18605e-05
6963.0	7.21583e-05
6964.0	7.2456e-05
6965.0	7.27535e-05
6966.0	7.3051e-05
6967.0	7.33515e-05
6968.0	7.36518e-05
6969.0	7.39521e-05
6970.0	7.42523e-05
6971.0	7.45584e-05
6972.0	7.48675e-05
6973.0	7.51767e-05
6974.0	7.54857e-05
6975.0	7.57946e-05
6976.0	7.61038e-05
6977.0	7.64153e-05
6978.0	7.67274e-05
6979.0	7.70389e-05
6980.0	7.73506e-05
6981.0	7.76705e-05
6982.0	7.79931e-05
6983.0	7.83158e-05
6984.0	7.86386e-05
6985.0	7.89612e-05
6986.0	7.92839e-05
6987.0	7.96094e-05
6988.0	7.99351e-05
6989.0	8.02606e-05
6990.0	8.05863e-05
6991.0	8.09055e-05
6992.0	8.12273e-05
6993.0	8.1549e-05
6994.0	8.18709e-05
6995.0	8.21926e-05
6996.0	8.25144e-05
6997.0	8.28386e-05
6998.0	8.31631e-05
6999.0	8.34874e-05
7000.0	8.38116e-05
7001.0	8.41263e-05
7002.0	8.44435e-05
7003.0	8.47606e-05
7004.0	8.50779e-05
7005.0	8.53946e-05
7006.0	8.57114e-05
7007.0	8.60306e-05
7008.0	8.63497e-05
7009.0	8.66688e-05
7010.0	8.69876e-05
7011.0	8.73106e-05
7012.0	8.76364e-05
7013.0	8.79616e-05
7014.0	8.82868e-05
7015.0	8.86119e-05
7016.0	8.8937e-05
7017.0	8.92644e-05
7018.0	8.95917e-05
7019.0	8.9919e-05
7020.0	9.02461e-05
7021.0	9.05776e-05
7022.0	9.09113e-05
7023.0	9.12447e-05
7024.0	9.15784e-05
7025.0	9.1912e-05
7026.0	9.22453e-05
7027.0	9.25809e-05
7028.0	9.29167e-05
7029.0	9.32522e-05
7030.0	9.35877e-05
7031.0	9.3923e-05
7032.0	9.42605e-05
7033.0	9.45979e-05
7034.0	9.49352e-05
7035.0	9.52725e-05
7036.0	9.56099e-05
7037.0	9.59489e-05
7038.0	9.62883e-05
7039.0	9.66275e-05
7040.0	9.69666e-05
7041.0	9.72992e-05
7042.0	9.76339e-05
7043.0	9.79686e-05
7044.0	9.83029e-05
7045.0	9.86373e-05
7046.0	9.89715e-05
7047.0	9.93077e-05
7048.0	9.96437e-05
7049.0	9.99797e-05
7050.0	0.000100315
7051.0	0.000100654
7052.0	0.000100995
7053.0	0.000101335
7054.0	0.000101676
7055.0	0.000102016
7056.0	0.000102357
7057.0	0.000102699
7058.0	0.000103041
7059.0	0.000103383
7060.0	0.000103725
7061.0	0.000104058
7062.0	0.000104393
7063.0	0.000104728
7064.0	0.000105062
7065.0	0.000105397
7066.0	0.000105731
7067.0	0.000106067
7068.0	0.000106403
7069.0	0.000106739
7070.0	0.000107075
7071.0	0.000107423
7072.0	0.000107773
7073.0	0.000108122
7074.0	0.000108472
7075.0	0.000108822
7076.0	0.000109171
7077.0	0.000109522
7078.0	0.000109873
7079.0	0.000110224
7080.0	0.000110575
7081.0	0.000110926
7082.0	0.000111278
7083.0	0.00011163
7084.0	0.000111982
7085.0	0.000112334
7086.0	0.000112686
7087.0	0.000113039
7088.0	0.000113392
7089.0	0.000113746
7090.0	0.000114098
7091.0	0.000114438
7092.0	0.000114778
7093.0	0.000115118
7094.0	0.000115458
7095.0	0.000115798
7096.0	0.000116138
7097.0	0.000116479
7098.0	0.00011682
7099.0	0.00011716
7100.0	0.000117501
7101.0	0.000117846
7102.0	0.000118192
7103.0	0.000118539
7104.0	0.000118885
7105.0	0.000119231
7106.0	0.000119577
7107.0	0.000119924
7108.0	0.00012027
7109.0	0.000120617
7110.0	0.000120963
7111.0	0.000121319
7112.0	0.000121675
7113.0	0.000122031
7114.0	0.000122387
7115.0	0.000122743
7116.0	0.000123099
7117.0	0.000123456
7118.0	0.000123813
7119.0	0.00012417
7120.0	0.000124526
7121.0	0.000124888
7122.0	0.000125251
7123.0	0.000125614
7124.0	0.000125976
7125.0	0.000126339
7126.0	0.000126701
7127.0	0.000127065
7128.0	0.000127429
7129.0	0.000127793
7130.0	0.000128157
7131.0	0.00012851
7132.0	0.000128865
7133.0	0.00012922
7134.0	0.000129575
7135.0	0.000129929
7136.0	0.000130284
7137.0	0.000130639
7138.0	0.000130994
7139.0	0.000131349
7140.0	0.000131703
7141.0	0.000132056
7142.0	0.00013241
7143.0	0.000132764
7144.0	0.000133119
7145.0	0.000133472
7146.0	0.000133825
7147.0	0.000134179
7148.0	0.000134533
7149.0	0.000134887
7150.0	0.000135241
7151.0	0.000135588
7152.0	0.000135936
7153.0	0.000136283
7154.0	0.00013663
7155.0	0.000136977
7156.0	0.000137324
7157.0	0.000137672
7158.0	0.000138019
7159.0	0.000138365
7160.0	0.000138712
7161.0	0.000139079
7162.0	0.000139447
7163.0	0.000139814
7164.0	0.000140182
7165.0	0.000140549
7166.0	0.000140917
7167.0	0.000141284
7168.0	0.000141652
7169.0	0.000142019
7170.0	0.000142387
7171.0	0.000142743
7172.0	0.000143099
7173.0	0.000143455
7174.0	0.000143812
7175.0	0.000144167
7176.0	0.000144523
7177.0	0.000144879
7178.0	0.000145235
7179.0	0.000145591
7180.0	0.000145946
7181.0	0.000146304
7182.0	0.000146662
7183.0	0.00014702
7184.0	0.000147377
7185.0	0.000147735
7186.0	0.000148092
7187.0	0.00014845
7188.0	0.000148807
7189.0	0.000149164
7190.0	0.000149522
7191.0	0.000149876
7192.0	0.00015023
7193.0	0.000150583
7194.0	0.000150937
7195.0	0.000151291
7196.0	0.000151644
7197.0	0.000151998
7198.0	0.000152351
7199.0	0.000152704
7200.0	0.000153057
7201.0	0.000153407
7202.0	0.000153756
7203.0	0.000154104
7204.0	0.000154453
7205.0	0.000154802
7206.0	0.00015515
7207.0	0.000155499
7208.0	0.000155847
7209.0	0.000156195
7210.0	0.000156542
7211.0	0.00015688
7212.0	0.000157216
7213.0	0.000157553
7214.0	0.000157889
7215.0	0.000158225
7216.0	0.00015856
7217.0	0.000158896
7218.0	0.000159231
7219.0	0.000159566
7220.0	0.000159901
7221.0	0.000160235
7222.0	0.000160569
7223.0	0.000160903
7224.0	0.000161237
7225.0	0.00016157
7226.0	0.000161904
7227.0	0.000162237
7228.0	0.000162569
7229.0	0.000162902
7230.0	0.000163234
7231.0	0.000163579
7232.0	0.000163924
7233.0	0.000164268
7234.0	0.000164612
7235.0	0.000164956
7236.0	0.000165301
7237.0	0.000165644
7238.0	0.000165987
7239.0	0.000166331
7240.0	0.000166674
7241.0	0.000167016
7242.0	0.000167358
7243.0	0.000167699
7244.0	0.00016804
7245.0	0.000168381
7246.0	0.000168723
7247.0	0.000169063
7248.0	0.000169403
7249.0	0.000169743
7250.0	0.000170083
7251.0	0.000170411
7252.0	0.000170739
7253.0	0.000171066
7254.0	0.000171393
7255.0	0.00017172
7256.0	0.000172047
7257.0	0.000172372
7258.0	0.000172698
7259.0	0.000173024
7260.0	0.000173349
7261.0	0.000173687
7262.0	0.000174024
7263.0	0.000174361
7264.0	0.000174699
7265.0	0.000175035
7266.0	0.000175373
7267.0	0.000175708
7268.0	0.000176044
7269.0	0.00017638
7270.0	0.000176715
7271.0	0.000177041
7272.0	0.000177365
7273.0	0.00017769
7274.0	0.000178013
7275.0	0.000178337
7276.0	0.000178661
7277.0	0.000178984
7278.0	0.000179306
7279.0	0.000179629
7280.0	0.000179952
7281.0	0.000180272
7282.0	0.00018059
7283.0	0.000180909
7284.0	0.000181228
7285.0	0.000181547
7286.0	0.000181865
7287.0	0.000182182
7288.0	0.0001825
7289.0	0.000182816
7290.0	0.000183133
7291.0	0.000183452
7292.0	0.000183769
7293.0	0.000184086
7294.0	0.000184403
7295.0	0.00018472
7296.0	0.000185037
7297.0	0.000185352
7298.0	0.000185667
7299.0	0.000185983
7300.0	0.000186298
7301.0	0.000186619
7302.0	0.000186938
7303.0	0.000187257
7304.0	0.000187576
7305.0	0.000187895
7306.0	0.000188214
7307.0	0.000188531
7308.0	0.000188849
7309.0	0.000189166
7310.0	0.000189483
7311.0	0.000189802
7312.0	0.000190119
7313.0	0.000190436
7314.0	0.000190753
7315.0	0.000191071
7316.0	0.000191387
7317.0	0.000191703
7318.0	0.000192019
7319.0	0.000192334
7320.0	0.000192649
7321.0	0.000192973
7322.0	0.000193296
7323.0	0.000193619
7324.0	0.000193941
7325.0	0.000194264
7326.0	0.000194586
7327.0	0.000194907
7328.0	0.000195228
7329.0	0.000195549
7330.0	0.00019587
7331.0	0.000196177
7332.0	0.000196483
7333.0	0.000196788
7334.0	0.000197093
7335.0	0.000197399
7336.0	0.000197704
7337.0	0.000198008
7338.0	0.000198311
7339.0	0.000198615
7340.0	0.000198918
7341.0	0.000199217
7342.0	0.000199514
7343.0	0.000199811
7344.0	0.000200108
7345.0	0.000200404
7346.0	0.000200701
7347.0	0.000200996
7348.0	0.00020129
7349.0	0.000201585
7350.0	0.00020188
7351.0	0.000202185
7352.0	0.000202489
7353.0	0.000202794
7354.0	0.000203098
7355.0	0.000203401
7356.0	0.000203705
7357.0	0.000204007
7358.0	0.000204309
7359.0	0.000204611
7360.0	0.000204913
7361.0	0.000205216
7362.0	0.000205517
7363.0	0.000205818
7364.0	0.000206119
7365.0	0.000206419
7366.0	0.000206721
7367.0	0.000207019
7368.0	0.000207319
7369.0	0.000207617
7370.0	0.000207916
7371.0	0.000208221
7372.0	0.000208525
7373.0	0.000208828
7374.0	0.000209131
7375.0	0.000209435
7376.0	0.000209738
7377.0	0.000210039
7378.0	0.000210341
7379.0	0.000210642
7380.0	0.000210944
7381.0	0.000211211
7382.0	0.000211477
7383.0	0.000211743
7384.0	0.000212008
7385.0	0.000212274
7386.0	0.000212539
7387.0	0.000212802
7388.0	0.000213065
7389.0	0.000213328
7390.0	0.000213591
7391.0	0.000213907
7392.0	0.000214221
7393.0	0.000214536
7394.0	0.00021485
7395.0	0.000215164
7396.0	0.000215478
7397.0	0.000215791
7398.0	0.000216103
7399.0	0.000216416
7400.0	0.000216728
7401.0	0.000216961
7402.0	0.000217192
7403.0	0.000217423
7404.0	0.000217654
7405.0	0.000217884
7406.0	0.000218114
7407.0	0.000218343
7408.0	0.000218571
7409.0	0.000218799
7410.0	0.000219027
7411.0	0.000219319
7412.0	0.00021961
7413.0	0.000219901
7414.0	0.000220192
7415.0	0.000220482
7416.0	0.000220773
7417.0	0.000221062
7418.0	0.00022135
7419.0	0.000221639
7420.0	0.000221927
7421.0	0.000222173
7422.0	0.000222417
7423.0	0.000222661
7424.0	0.000222905
7425.0	0.000223148
7426.0	0.000223392
7427.0	0.000223633
7428.0	0.000223875
7429.0	0.000224117
7430.0	0.000224358
7431.0	0.000224611
7432.0	0.000224862
7433.0	0.000225113
7434.0	0.000225364
7435.0	0.000225614
7436.0	0.000225865
7437.0	0.000226114
7438.0	0.000226363
7439.0	0.000226611
7440.0	0.00022686
7441.0	0.000227107
7442.0	0.000227352
7443.0	0.000227598
7444.0	0.000227843
7445.0	0.000228088
7446.0	0.000228333
7447.0	0.000228576
7448.0	0.000228819
7449.0	0.000229062
7450.0	0.000229305
7451.0	0.000229549
7452.0	0.000229791
7453.0	0.000230033
7454.0	0.000230274
7455.0	0.000230516
7456.0	0.000230758
7457.0	0.000230998
7458.0	0.000231238
7459.0	0.000231477
7460.0	0.000231716
7461.0	0.000231961
7462.0	0.000232204
7463.0	0.000232447
7464.0	0.00023269
7465.0	0.000232932
7466.0	0.000233175
7467.0	0.000233415
7468.0	0.000233656
7469.0	0.000233896
7470.0	0.000234136
7471.0	0.000234373
7472.0	0.000234607
7473.0	0.000234842
7474.0	0.000235076
7475.0	0.000235311
7476.0	0.000235544
7477.0	0.000235777
7478.0	0.000236009
7479.0	0.000236242
7480.0	0.000236473
7481.0	0.000236716
7482.0	0.000236958
7483.0	0.000237199
7484.0	0.000237441
7485.0	0.000237682
7486.0	0.000237923
7487.0	0.000238162
7488.0	0.000238402
7489.0	0.000238641
7490.0	0.00023888
7491.0	0.000239105
7492.0	0.000239328
7493.0	0.000239551
7494.0	0.000239774
7495.0	0.000239996
7496.0	0.000240218
7497.0	0.000240439
7498.0	0.00024066
7499.0	0.00024088
7500.0	0.000241101
7501.0	0.000241334
7502.0	0.000241565
7503.0	0.000241797
7504.0	0.000242028
7505.0	0.000242259
7506.0	0.000242491
7507.0	0.000242721
7508.0	0.00024295
7509.0	0.000243179
7510.0	0.000243408
7511.0	0.000243614
7512.0	0.000243818
7513.0	0.000244022
7514.0	0.000244226
7515.0	0.000244429
7516.0	0.000244633
7517.0	0.000244835
7518.0	0.000245037
7519.0	0.000245238
7520.0	0.000245439
7521.0	0.000245698
7522.0	0.000245955
7523.0	0.000246211
7524.0	0.000246469
7525.0	0.000246726
7526.0	0.000246983
7527.0	0.000247237
7528.0	0.000247493
7529.0	0.000247748
7530.0	0.000248003
7531.0	0.000248159
7532.0	0.000248315
7533.0	0.000248469
7534.0	0.000248624
7535.0	0.000248778
7536.0	0.000248932
7537.0	0.000249084
7538.0	0.000249236
7539.0	0.000249389
7540.0	0.000249541
7541.0	0.000249785
7542.0	0.000250028
7543.0	0.000250271
7544.0	0.000250514
7545.0	0.000250757
7546.0	0.000251001
7547.0	0.000251242
7548.0	0.000251483
7549.0	0.000251725
7550.0	0.000251966
7551.0	0.000252176
7552.0	0.000252385
7553.0	0.000252594
7554.0	0.000252802
7555.0	0.000253011
7556.0	0.000253219
7557.0	0.000253426
7558.0	0.000253633
7559.0	0.00025384
7560.0	0.000254046
7561.0	0.000254232
7562.0	0.000254417
7563.0	0.000254602
7564.0	0.000254786
7565.0	0.000254971
7566.0	0.000255156
7567.0	0.000255338
7568.0	0.000255521
7569.0	0.000255704
7570.0	0.000255887
7571.0	0.00025607
7572.0	0.000256252
7573.0	0.000256434
7574.0	0.000256616
7575.0	0.000256798
7576.0	0.000256979
7577.0	0.000257159
7578.0	0.00025734
7579.0	0.00025752
7580.0	0.0002577
7581.0	0.000257902
7582.0	0.000258102
7583.0	0.000258302
7584.0	0.000258503
7585.0	0.000258703
7586.0	0.000258902
7587.0	0.000259102
7588.0	0.000259301
7589.0	0.000259499
7590.0	0.000259698
7591.0	0.000259877
7592.0	0.000260055
7593.0	0.000260232
7594.0	0.000260409
7595.0	0.000260587
7596.0	0.000260764
7597.0	0.00026094
7598.0	0.000261116
7599.0	0.000261292
7600.0	0.000261467
7601.0	0.000261678
7602.0	0.000261888
7603.0	0.000262097
7604.0	0.000262307
7605.0	0.000262515
7606.0	0.000262724
7607.0	0.000262933
7608.0	0.000263141
7609.0	0.000263349
7610.0	0.000263557
7611.0	0.00026372
7612.0	0.000263883
7613.0	0.000264046
7614.0	0.000264208
7615.0	0.00026437
7616.0	0.000264532
7617.0	0.000264693
7618.0	0.000264855
7619.0	0.000265016
7620.0	0.000265176
7621.0	0.000265358
7622.0	0.00026554
7623.0	0.000265721
7624.0	0.000265902
7625.0	0.000266083
7626.0	0.000266265
7627.0	0.000266445
7628.0	0.000266625
7629.0	0.000266805
7630.0	0.000266985
7631.0	0.000267173
7632.0	0.000267361
7633.0	0.000267548
7634.0	0.000267735
7635.0	0.000267922
7636.0	0.000268109
7637.0	0.000268296
7638.0	0.000268482
7639.0	0.000268668
7640.0	0.000268855
7641.0	0.000268999
7642.0	0.000269143
7643.0	0.000269287
7644.0	0.00026943
7645.0	0.000269573
7646.0	0.000269716
7647.0	0.000269859
7648.0	0.000270002
7649.0	0.000270144
7650.0	0.000270287
7651.0	0.000270457
7652.0	0.000270629
7653.0	0.0002708
7654.0	0.00027097
7655.0	0.000271141
7656.0	0.000271311
7657.0	0.000271482
7658.0	0.000271652
7659.0	0.000271822
7660.0	0.000271993
7661.0	0.000272155
7662.0	0.000272316
7663.0	0.000272478
7664.0	0.000272639
7665.0	0.000272801
7666.0	0.000272963
7667.0	0.000273124
7668.0	0.000273285
7669.0	0.000273447
7670.0	0.000273608
7671.0	0.000273759
7672.0	0.000273909
7673.0	0.000274059
7674.0	0.000274209
7675.0	0.000274359
7676.0	0.000274509
7677.0	0.00027466
7678.0	0.00027481
7679.0	0.00027496
7680.0	0.00027511
7681.0	0.000275259
7682.0	0.00027541
7683.0	0.000275561
7684.0	0.000275712
7685.0	0.000275861
7686.0	0.000276011
7687.0	0.000276162
7688.0	0.000276313
7689.0	0.000276463
7690.0	0.000276613
7691.0	0.000276775
7692.0	0.000276936
7693.0	0.000277099
7694.0	0.00027726
7695.0	0.000277421
7696.0	0.000277582
7697.0	0.000277744
7698.0	0.000277906
7699.0	0.000278068
7700.0	0.00027823
7701.0	0.000278396
7702.0	0.000278562
7703.0	0.000278728
7704.0	0.000278895
7705.0	0.00027906
7706.0	0.000279226
7707.0	0.000279392
7708.0	0.000279559
7709.0	0.000279726
7710.0	0.000279892
7711.0	0.000280038
7712.0	0.000280185
7713.0	0.000280331
7714.0	0.000280477
7715.0	0.000280623
7716.0	0.000280769
7717.0	0.000280917
7718.0	0.000281063
7719.0	0.00028121
7720.0	0.000281357
7721.0	0.000281509
7722.0	0.000281661
7723.0	0.000281814
7724.0	0.000281967
7725.0	0.000282118
7726.0	0.000282271
7727.0	0.000282425
7728.0	0.000282579
7729.0	0.000282732
7730.0	0.000282885
7731.0	0.000283042
7732.0	0.000283202
7733.0	0.00028336
7734.0	0.000283518
7735.0	0.000283677
7736.0	0.000283835
7737.0	0.000283995
7738.0	0.000284155
7739.0	0.000284314
7740.0	0.000284474
7741.0	0.000284676
7742.0	0.00028488
7743.0	0.000285085
7744.0	0.000285289
7745.0	0.000285493
7746.0	0.000285697
7747.0	0.000285903
7748.0	0.000286109
7749.0	0.000286315
7750.0	0.00028652
7751.0	0.000286692
7752.0	0.000286868
7753.0	0.000287042
7754.0	0.000287217
7755.0	0.000287391
7756.0	0.000287566
7757.0	0.000287742
7758.0	0.000287919
7759.0	0.000288096
7760.0	0.000288272
7761.0	0.000288357
7762.0	0.000288446
7763.0	0.000288534
7764.0	0.000288622
7765.0	0.00028871
7766.0	0.000288798
7767.0	0.000288888
7768.0	0.000288978
7769.0	0.000289068
7770.0	0.000289158
7771.0	0.000289371
7772.0	0.000289587
7773.0	0.000289803
7774.0	0.000290019
7775.0	0.000290235
7776.0	0.000290451
7777.0	0.00029067
7778.0	0.000290889
7779.0	0.000291108
7780.0	0.000291326
7781.0	0.000291537
7782.0	0.000291752
7783.0	0.000291966
7784.0	0.000292179
7785.0	0.000292393
7786.0	0.000292606
7787.0	0.000292824
7788.0	0.000293041
7789.0	0.000293258
7790.0	0.000293475
7791.0	0.000293672
7792.0	0.000293872
7793.0	0.000294072
7794.0	0.000294273
7795.0	0.000294472
7796.0	0.000294672
7797.0	0.000294877
7798.0	0.000295081
7799.0	0.000295285
7800.0	0.000295488
7801.0	0.000295692
7802.0	0.0002959
7803.0	0.000296108
7804.0	0.000296315
7805.0	0.000296524
7806.0	0.00029673
7807.0	0.000296943
7808.0	0.000297155
7809.0	0.000297367
7810.0	0.000297578
7811.0	0.000297736
7812.0	0.000297898
7813.0	0.000298061
7814.0	0.000298223
7815.0	0.000298385
7816.0	0.000298547
7817.0	0.000298713
7818.0	0.00029888
7819.0	0.000299047
7820.0	0.000299212
7821.0	0.000299405
7822.0	0.000299603
7823.0	0.000299801
7824.0	0.000299999
7825.0	0.000300198
7826.0	0.000300394
7827.0	0.000300598
7828.0	0.0003008
7829.0	0.000301003
7830.0	0.000301205
7831.0	0.000301376
7832.0	0.000301554
7833.0	0.00030173
7834.0	0.000301906
7835.0	0.000302081
7836.0	0.000302258
7837.0	0.000302439
7838.0	0.000302621
7839.0	0.000302803
7840.0	0.000302984
7841.0	0.000303244
7842.0	0.000303511
7843.0	0.000303778
7844.0	0.000304044
7845.0	0.000304311
7846.0	0.000304578
7847.0	0.00030485
7848.0	0.000305124
7849.0	0.000305397
7850.0	0.000305669
7851.0	0.000305842
7852.0	0.000306021
7853.0	0.000306201
7854.0	0.000306381
7855.0	0.000306558
7856.0	0.000306737
7857.0	0.000306923
7858.0	0.000307109
7859.0	0.000307293
7860.0	0.000307478
7861.0	0.000307742
7862.0	0.000308013
7863.0	0.000308284
7864.0	0.000308554
7865.0	0.000308825
7866.0	0.000309095
7867.0	0.000309374
7868.0	0.000309652
7869.0	0.000309931
7870.0	0.000310208
7871.0	0.000310453
7872.0	0.000310705
7873.0	0.000310957
7874.0	0.000311209
7875.0	0.000311461
7876.0	0.000311713
7877.0	0.000311973
7878.0	0.000312234
7879.0	0.000312494
7880.0	0.000312753
7881.0	0.000313027
7882.0	0.00031331
7883.0	0.000313591
7884.0	0.000313874
7885.0	0.000314156
7886.0	0.000314438
7887.0	0.000314729
7888.0	0.000315021
7889.0	0.000315311
7890.0	0.000315603
7891.0	0.000315885
7892.0	0.000316177
7893.0	0.00031647
7894.0	0.000316762
7895.0	0.000317054
7896.0	0.000317345
7897.0	0.000317647
7898.0	0.00031795
7899.0	0.000318252
7900.0	0.000318553
7901.0	0.000318846
7902.0	0.000319151
7903.0	0.000319454
7904.0	0.000319758
7905.0	0.000320061
7906.0	0.000320365
7907.0	0.00032068
7908.0	0.000320994
7909.0	0.000321309
7910.0	0.000321623
7911.0	0.000321923
7912.0	0.000322236
7913.0	0.000322548
7914.0	0.000322861
7915.0	0.000323173
7916.0	0.000323484
7917.0	0.000323808
7918.0	0.000324133
7919.0	0.000324456
7920.0	0.000324779
7921.0	0.000325131
7922.0	0.000325496
7923.0	0.00032586
7924.0	0.000326225
7925.0	0.000326589
7926.0	0.000326952
7927.0	0.000327329
7928.0	0.000327708
7929.0	0.000328084
7930.0	0.000328461
7931.0	0.000328853
7932.0	0.000329261
7933.0	0.000329667
7934.0	0.000330073
7935.0	0.00033048
7936.0	0.000330886
7937.0	0.000331307
7938.0	0.000331729
7939.0	0.00033215
7940.0	0.000332569
7941.0	0.000332929
7942.0	0.000333304
7943.0	0.000333677
7944.0	0.000334052
7945.0	0.000334425
7946.0	0.000334798
7947.0	0.000335188
7948.0	0.000335577
7949.0	0.000335965
7950.0	0.000336354
7951.0	0.000336747
7952.0	0.000337156
7953.0	0.000337566
7954.0	0.000337975
7955.0	0.000338383
7956.0	0.000338792
7957.0	0.000339218
7958.0	0.000339645
7959.0	0.000340069
7960.0	0.000340495
7961.0	0.00034094
7962.0	0.000341404
7963.0	0.000341867
7964.0	0.00034233
7965.0	0.000342793
7966.0	0.000343256
7967.0	0.000343739
7968.0	0.000344221
7969.0	0.000344702
7970.0	0.000345183
7971.0	0.000345674
7972.0	0.000346184
7973.0	0.000346694
7974.0	0.000347205
7975.0	0.000347715
7976.0	0.000348223
7977.0	0.000348755
7978.0	0.000349286
7979.0	0.000349815
7980.0	0.000350345
7981.0	0.000351033
7982.0	0.000351746
7983.0	0.000352458
7984.0	0.000353171
7985.0	0.000353883
7986.0	0.000354595
7987.0	0.000355332
7988.0	0.000356069
7989.0	0.000356806
7990.0	0.000357542
7991.0	0.000358192
7992.0	0.000358867
7993.0	0.000359541
7994.0	0.000360215
7995.0	0.000360889
7996.0	0.000361564
7997.0	0.000362263
7998.0	0.000362963
7999.0	0.000363663
8000.0	0.000364362
8001.0	0.000364937
8002.0	0.000365539
8003.0	0.000366141
8004.0	0.00036674
8005.0	0.000367341
8006.0	0.00036794
8007.0	0.000368568
8008.0	0.000369194
8009.0	0.00036982
8010.0	0.000370446
8011.0	0.000371132
8012.0	0.000371847
8013.0	0.000372562
8014.0	0.000373277
8015.0	0.00037399
8016.0	0.000374704
8017.0	0.000375449
8018.0	0.000376193
8019.0	0.000376937
8020.0	0.000377679
8021.0	0.000378467
8022.0	0.000379287
8023.0	0.000380106
8024.0	0.000380925
8025.0	0.000381743
8026.0	0.000382561
8027.0	0.000383414
8028.0	0.000384267
8029.0	0.000385119
8030.0	0.000385971
8031.0	0.000386775
8032.0	0.000387614
8033.0	0.000388454
8034.0	0.000389293
8035.0	0.000390131
8036.0	0.000390968
8037.0	0.000391844
8038.0	0.000392717
8039.0	0.000393591
8040.0	0.000394464
8041.0	0.000395333
8042.0	0.000396243
8043.0	0.000397153
8044.0	0.00039806
8045.0	0.000398967
8046.0	0.000399874
8047.0	0.000400821
8048.0	0.000401768
8049.0	0.000402713
8050.0	0.000403659
8051.0	0.000404714
8052.0	0.000405812
8053.0	0.000406911
8054.0	0.000408008
8055.0	0.000409106
8056.0	0.000410204
8057.0	0.000411346
8058.0	0.000412489
8059.0	0.000413632
8060.0	0.000414774
8061.0	0.000415695
8062.0	0.000416664
8063.0	0.00041763
8064.0	0.000418597
8065.0	0.00041956
8066.0	0.000420522
8067.0	0.000421534
8068.0	0.000422543
8069.0	0.000423552
8070.0	0.00042456
8071.0	0.000425789
8072.0	0.000427073
8073.0	0.000428355
8074.0	0.000429638
8075.0	0.00043092
8076.0	0.0004322
8077.0	0.000433537
8078.0	0.000434873
8079.0	0.00043621
8080.0	0.000437545
8081.0	0.000438803
8082.0	0.000440119
8083.0	0.000441435
8084.0	0.00044275
8085.0	0.000444063
8086.0	0.000445375
8087.0	0.000446749
8088.0	0.00044812
8089.0	0.000449492
8090.0	0.000450863
8091.0	0.000452111
8092.0	0.000453423
8093.0	0.000454733
8094.0	0.000456042
8095.0	0.000457349
8096.0	0.000458653
8097.0	0.000460025
8098.0	0.000461393
8099.0	0.000462759
8100.0	0.000464124
8101.0	0.000465695
8102.0	0.000467333
8103.0	0.000468973
8104.0	0.000470611
8105.0	0.000472249
8106.0	0.000473887
8107.0	0.000475596
8108.0	0.000477306
8109.0	0.000479016
8110.0	0.000480724
8111.0	0.000482329
8112.0	0.000484007
8113.0	0.000485685
8114.0	0.000487362
8115.0	0.000489037
8116.0	0.000490712
8117.0	0.000492464
8118.0	0.000494217
8119.0	0.000495968
8120.0	0.000497718
8121.0	0.000499423
8122.0	0.000501213
8123.0	0.000503001
8124.0	0.000504787
8125.0	0.000506571
8126.0	0.000508354
8127.0	0.000510224
8128.0	0.000512093
8129.0	0.000513959
8130.0	0.000515823
8131.0	0.000517705
8132.0	0.000519679
8133.0	0.000521651
8134.0	0.000523621
8135.0	0.000525591
8136.0	0.000527556
8137.0	0.00052962
8138.0	0.00053168
8139.0	0.000533741
8140.0	0.000535798
8141.0	0.000537822
8142.0	0.000539947
8143.0	0.000542068
8144.0	0.000544189
8145.0	0.000546306
8146.0	0.000548422
8147.0	0.000550644
8148.0	0.000552863
8149.0	0.000555081
8150.0	0.000557293
8151.0	0.000559636
8152.0	0.000562088
8153.0	0.000564541
8154.0	0.000566991
8155.0	0.000569441
8156.0	0.00057189
8157.0	0.000574454
8158.0	0.000577019
8159.0	0.000579582
8160.0	0.000582145
8161.0	0.000584399
8162.0	0.000586776
8163.0	0.000589149
8164.0	0.000591518
8165.0	0.000593883
8166.0	0.000596242
8167.0	0.000598731
8168.0	0.000601213
8169.0	0.000603693
8170.0	0.000606166
8171.0	0.000608993
8172.0	0.000611954
8173.0	0.000614917
8174.0	0.000617877
8175.0	0.000620834
8176.0	0.000623793
8177.0	0.000626893
8178.0	0.000629994
8179.0	0.000633092
8180.0	0.000636189
8181.0	0.000639275
8182.0	0.000642509
8183.0	0.000645746
8184.0	0.000648978
8185.0	0.000652211
8186.0	0.00065544
8187.0	0.00065883
8188.0	0.000662219
8189.0	0.000665604
8190.0	0.000668989
8191.0	0.000672147
8192.0	0.00067547
8193.0	0.000678789
8194.0	0.000682105
8195.0	0.000685414
8196.0	0.000688723
8197.0	0.000692202
8198.0	0.000695682
8199.0	0.000699153
8200.0	0.000702623
8201.0	0.000706191
8202.0	0.000709944
8203.0	0.000713694
8204.0	0.000717439
8205.0	0.000721184
8206.0	0.000724923
8207.0	0.000728858
8208.0	0.000732788
8209.0	0.000736716
8210.0	0.000740639
8211.0	0.000744676
8212.0	0.000748918
8213.0	0.000753155
8214.0	0.000757393
8215.0	0.000761628
8216.0	0.000765861
8217.0	0.00077031
8218.0	0.000774757
8219.0	0.000779201
8220.0	0.000783643
8221.0	0.000787615
8222.0	0.000791811
8223.0	0.000795997
8224.0	0.000800174
8225.0	0.000804349
8226.0	0.000808511
8227.0	0.000812911
8228.0	0.000817301
8229.0	0.00082168
8230.0	0.000826056
8231.0	0.00083086
8232.0	0.00083592
8233.0	0.000840976
8234.0	0.000846025
8235.0	0.000851075
8236.0	0.000856121
8237.0	0.000861428
8238.0	0.000866738
8239.0	0.000872041
8240.0	0.00087734
8241.0	0.000882483
8242.0	0.000887902
8243.0	0.000893317
8244.0	0.000898725
8245.0	0.000904126
8246.0	0.000909524
8247.0	0.000915213
8248.0	0.000920898
8249.0	0.000926576
8250.0	0.00093225
8251.0	0.000938041
8252.0	0.000944142
8253.0	0.000950243
8254.0	0.000956335
8255.0	0.000962425
8256.0	0.000968508
8257.0	0.000974922
8258.0	0.000981329
8259.0	0.00098773
8260.0	0.000994126
8261.0	0.00100041
8262.0	0.00100704
8263.0	0.00101366
8264.0	0.00102028
8265.0	0.00102688
8266.0	0.00103349
8267.0	0.00104045
8268.0	0.00104741
8269.0	0.00105436
8270.0	0.00106131
8271.0	0.00106833
8272.0	0.00107575
8273.0	0.00108316
8274.0	0.00109056
8275.0	0.00109796
8276.0	0.00110535
8277.0	0.00111314
8278.0	0.00112094
8279.0	0.00112872
8280.0	0.0011365
8281.0	0.00114425
8282.0	0.00115243
8283.0	0.00116061
8284.0	0.00116878
8285.0	0.00117695
8286.0	0.0011851
8287.0	0.00119372
8288.0	0.00120232
8289.0	0.00121092
8290.0	0.00121951
8291.0	0.00122773
8292.0	0.00123644
8293.0	0.00124512
8294.0	0.0012538
8295.0	0.00126247
8296.0	0.00127111
8297.0	0.00128027
8298.0	0.00128941
8299.0	0.00129854
8300.0	0.00130765
8301.0	0.00131702
8302.0	0.00132693
8303.0	0.00133683
8304.0	0.00134672
8305.0	0.00135659
8306.0	0.00136646
8307.0	0.00137689
8308.0	0.00138731
8309.0	0.00139773
8310.0	0.00140813
8311.0	0.00141851
8312.0	0.00142948
8313.0	0.00144046
8314.0	0.00145141
8315.0	0.00146235
8316.0	0.00147329
8317.0	0.00148486
8318.0	0.00149641
8319.0	0.00150796
8320.0	0.00151949
8321.0	0.00153131
8322.0	0.0015438
8323.0	0.00155628
8324.0	0.00156875
8325.0	0.00158123
8326.0	0.00159369
8327.0	0.00160687
8328.0	0.00162004
8329.0	0.0016332
8330.0	0.00164636
8331.0	0.00165907
8332.0	0.00167255
8333.0	0.001686
8334.0	0.00169944
8335.0	0.00171287
8336.0	0.00172628
8337.0	0.00174049
8338.0	0.00175468
8339.0	0.00176885
8340.0	0.00178301
8341.0	0.00179758
8342.0	0.00181302
8343.0	0.00182844
8344.0	0.00184385
8345.0	0.00185925
8346.0	0.00187463
8347.0	0.00189093
8348.0	0.00190722
8349.0	0.0019235
8350.0	0.00193976
8351.0	0.00195584
8352.0	0.00197287
8353.0	0.00198989
8354.0	0.00200689
8355.0	0.00202387
8356.0	0.00204085
8357.0	0.00205885
8358.0	0.00207683
8359.0	0.0020948
8360.0	0.00211274
8361.0	0.00213067
8362.0	0.00214969
8363.0	0.00216869
8364.0	0.00218767
8365.0	0.00220663
8366.0	0.00222558
8367.0	0.00224568
8368.0	0.00226576
8369.0	0.00228583
8370.0	0.00230587
8371.0	0.00232539
8372.0	0.00234611
8373.0	0.00236681
8374.0	0.00238748
8375.0	0.00240812
8376.0	0.00242874
8377.0	0.00245064
8378.0	0.00247252
8379.0	0.00249436
8380.0	0.00251618
8381.0	0.00253891
8382.0	0.00256303
8383.0	0.00258713
8384.0	0.00261123
8385.0	0.0026353
8386.0	0.00265936
8387.0	0.0026849
8388.0	0.00271044
8389.0	0.00273595
8390.0	0.00276145
8391.0	0.00278734
8392.0	0.00281482
8393.0	0.00284229
8394.0	0.00286975
8395.0	0.0028972
8396.0	0.00292463
8397.0	0.00295377
8398.0	0.0029829
8399.0	0.00301201
8400.0	0.00304111
8401.0	0.00306815
8402.0	0.00309694
8403.0	0.00312569
8404.0	0.00315437
8405.0	0.00318301
8406.0	0.00321161
8407.0	0.00324208
8408.0	0.0032725
8409.0	0.00330286
8410.0	0.00333316
8411.0	0.00336427
8412.0	0.00339739
8413.0	0.00343047
8414.0	0.00346351
8415.0	0.00349651
8416.0	0.00352947
8417.0	0.00356457
8418.0	0.00359963
8419.0	0.00363465
8420.0	0.00366962
8421.0	0.00370481
8422.0	0.00374227
8423.0	0.00377969
8424.0	0.00381708
8425.0	0.00385442
8426.0	0.00389173
8427.0	0.00393148
8428.0	0.00397119
8429.0	0.00401084
8430.0	0.00405047
8431.0	0.00408895
8432.0	0.00412999
8433.0	0.00417097
8434.0	0.00421189
8435.0	0.00425274
8436.0	0.00429352
8437.0	0.00433705
8438.0	0.00438051
8439.0	0.00442391
8440.0	0.00446721
8441.0	0.00451183
8442.0	0.00455942
8443.0	0.00460696
8444.0	0.00465445
8445.0	0.00470187
8446.0	0.00474926
8447.0	0.00479982
8448.0	0.00485031
8449.0	0.00490077
8450.0	0.00495118
8451.0	0.00500114
8452.0	0.00505447
8453.0	0.00510774
8454.0	0.00516096
8455.0	0.0052141
8456.0	0.00526719
8457.0	0.00532388
8458.0	0.00538049
8459.0	0.00543703
8460.0	0.00549351
8461.0	0.00554959
8462.0	0.0056095
8463.0	0.00566932
8464.0	0.00572909
8465.0	0.00578877
8466.0	0.00584836
8467.0	0.00591206
8468.0	0.00597566
8469.0	0.00603919
8470.0	0.00610263
8471.0	0.00616654
8472.0	0.00623487
8473.0	0.00630305
8474.0	0.00637121
8475.0	0.0064393
8476.0	0.00650727
8477.0	0.00657996
8478.0	0.00665256
8479.0	0.00672504
8480.0	0.00679749
8481.0	0.00687239
8482.0	0.00695238
8483.0	0.00703231
8484.0	0.0071122
8485.0	0.00719208
8486.0	0.00727192
8487.0	0.00735719
8488.0	0.00744243
8489.0	0.00752763
8490.0	0.0076128
8491.0	0.00769296
8492.0	0.00777882
8493.0	0.00786452
8494.0	0.0079501
8495.0	0.00803552
8496.0	0.00812075
8497.0	0.00821213
8498.0	0.0083033
8499.0	0.00839432
8500.0	0.00848518
8501.0	0.00857823
8502.0	0.0086778
8503.0	0.00877727
8504.0	0.00887663
8505.0	0.00897586
8506.0	0.00907497
8507.0	0.00918106
8508.0	0.00928706
8509.0	0.00939294
8510.0	0.00949869
8511.0	0.00960551
8512.0	0.00971987
8513.0	0.00983413
8514.0	0.00994828
8515.0	0.0100623
8516.0	0.0101763
8517.0	0.0102982
8518.0	0.0104201
8519.0	0.0105419
8520.0	0.0106635
8521.0	0.0107843
8522.0	0.0109137
8523.0	0.0110429
8524.0	0.011172
8525.0	0.0113009
8526.0	0.0114297
8527.0	0.0115677
8528.0	0.0117056
8529.0	0.0118433
8530.0	0.0119808
8531.0	0.0121149
8532.0	0.0122589
8533.0	0.0124025
8534.0	0.0125459
8535.0	0.012689
8536.0	0.0128319
8537.0	0.0129852
8538.0	0.0131383
8539.0	0.0132912
8540.0	0.0134437
8541.0	0.0136003
8542.0	0.0137681
8543.0	0.0139358
8544.0	0.0141032
8545.0	0.0142705
8546.0	0.0144376
8547.0	0.0146167
8548.0	0.0147956
8549.0	0.0149744
8550.0	0.015153
8551.0	0.0153298
8552.0	0.0155193
8553.0	0.0157087
8554.0	0.0158978
8555.0	0.0160868
8556.0	0.0162754
8557.0	0.0164776
8558.0	0.0166796
8559.0	0.0168813
8560.0	0.0170828
8561.0	0.0172849
8562.0	0.0175016
8563.0	0.017718
8564.0	0.0179341
8565.0	0.0181501
8566.0	0.0183657
8567.0	0.0185969
8568.0	0.0188277
8569.0	0.0190583
8570.0	0.0192887
8571.0	0.0195173
8572.0	0.0197624
8573.0	0.0200072
8574.0	0.0202516
8575.0	0.0204957
8576.0	0.0207395
8577.0	0.0210008
8578.0	0.0212617
8579.0	0.0215223
8580.0	0.0217826
8581.0	0.0220417
8582.0	0.0223193
8583.0	0.0225967
8584.0	0.0228735
8585.0	0.0231501
8586.0	0.0234262
8587.0	0.0237219
8588.0	0.0240173
8589.0	0.0243122
8590.0	0.0246068
8591.0	0.0249021
8592.0	0.0252182
8593.0	0.0255339
8594.0	0.0258492
8595.0	0.0261642
8596.0	0.0264785
8597.0	0.0268151
8598.0	0.0271512
8599.0	0.0274868
8600.0	0.027822
8601.0	0.0281577
8602.0	0.0285167
8603.0	0.0288752
8604.0	0.0292334
8605.0	0.0295911
8606.0	0.0299484
8607.0	0.0303301
8608.0	0.0307112
8609.0	0.031092
8610.0	0.0314723
8611.0	0.0318528
8612.0	0.032259
8613.0	0.0326648
8614.0	0.0330701
8615.0	0.0334749
8616.0	0.0338792
8617.0	0.0343104
8618.0	0.0347411
8619.0	0.0351713
8620.0	0.0356011
8621.0	0.036024
8622.0	0.0364751
8623.0	0.0369253
8624.0	0.0373749
8625.0	0.0378237
8626.0	0.0382719
8627.0	0.0387493
8628.0	0.0392259
8629.0	0.0397017
8630.0	0.0401767
8631.0	0.0406537
8632.0	0.0411608
8633.0	0.0416673
8634.0	0.042173
8635.0	0.042678
8636.0	0.0431823
8637.0	0.0437178
8638.0	0.0442526
8639.0	0.0447865
8640.0	0.0453198
8641.0	0.0458587
8642.0	0.0464299
8643.0	0.0470004
8644.0	0.0475704
8645.0	0.0481395
8646.0	0.0487081
8647.0	0.0493097
8648.0	0.0499108
8649.0	0.0505109
8650.0	0.0511105
8651.0	0.0517064
8652.0	0.0523357
8653.0	0.0529645
8654.0	0.0535923
8655.0	0.0542192
8656.0	0.0548454
8657.0	0.0555058
8658.0	0.0561652
8659.0	0.0568234
8660.0	0.0574814
8661.0	0.0581396
8662.0	0.0588319
8663.0	0.0595234
8664.0	0.060214
8665.0	0.0609039
8666.0	0.0615928
8667.0	0.0623159
8668.0	0.0630379
8669.0	0.0637591
8670.0	0.0644795
8671.0	0.0651932
8672.0	0.0659401
8673.0	0.066686
8674.0	0.067431
8675.0	0.068175
8676.0	0.0689175
8677.0	0.069693
8678.0	0.0704674
8679.0	0.0712407
8680.0	0.0720127
8681.0	0.0727841
8682.0	0.073587
8683.0	0.0743886
8684.0	0.0751893
8685.0	0.0759887
8686.0	0.0767871
8687.0	0.0776153
8688.0	0.0784425
8689.0	0.0792679
8690.0	0.0800928
8691.0	0.0809346
8692.0	0.0818042
8693.0	0.0826734
8694.0	0.0835417
8695.0	0.0844092
8696.0	0.085276
8697.0	0.0861678
8698.0	0.0870598
8699.0	0.0879504
8700.0	0.0888406
8701.0	0.089699
8702.0	0.09058
8703.0	0.0914596
8704.0	0.0923375
8705.0	0.0932141
8706.0	0.094089
8707.0	0.0949835
8708.0	0.095876
8709.0	0.0967671
8710.0	0.0976568
8711.0	0.0985612
8712.0	0.0994816
8713.0	0.1004
8714.0	0.101318
8715.0	0.102235
8716.0	0.10315
8717.0	0.104077
8718.0	0.105003
8719.0	0.105928
8720.0	0.106851
8721.0	0.107769
8722.0	0.108695
8723.0	0.10962
8724.0	0.110543
8725.0	0.111465
8726.0	0.112385
8727.0	0.113309
8728.0	0.114231
8729.0	0.115152
8730.0	0.116072
8731.0	0.116986
8732.0	0.1179
8733.0	0.118811
8734.0	0.119721
8735.0	0.12063
8736.0	0.121537
8737.0	0.122439
8738.0	0.123339
8739.0	0.124237
8740.0	0.125134
8741.0	0.126042
8742.0	0.126938
8743.0	0.127834
8744.0	0.128728
8745.0	0.129622
8746.0	0.130514
8747.0	0.13139
8748.0	0.132265
8749.0	0.13314
8750.0	0.134013
8751.0	0.134863
8752.0	0.135693
8753.0	0.136521
8754.0	0.137348
8755.0	0.138173
8756.0	0.138997
8757.0	0.139797
8758.0	0.140595
8759.0	0.141392
8760.0	0.142188
8761.0	0.143009
8762.0	0.143802
8763.0	0.144594
8764.0	0.145385
8765.0	0.146174
8766.0	0.146962
8767.0	0.14772
8768.0	0.148477
8769.0	0.149232
8770.0	0.149987
8771.0	0.150725
8772.0	0.151428
8773.0	0.15213
8774.0	0.152831
8775.0	0.153531
8776.0	0.15423
8777.0	0.154892
8778.0	0.155553
8779.0	0.156213
8780.0	0.156872
8781.0	0.157536
8782.0	0.158161
8783.0	0.158786
8784.0	0.159408
8785.0	0.160031
8786.0	0.160652
8787.0	0.161234
8788.0	0.161815
8789.0	0.162395
8790.0	0.162975
8791.0	0.163559
8792.0	0.164104
8793.0	0.164648
8794.0	0.165191
8795.0	0.165734
8796.0	0.166275
8797.0	0.166776
8798.0	0.167275
8799.0	0.167774
8800.0	0.168273
8801.0	0.168764
8802.0	0.169215
8803.0	0.169665
8804.0	0.170115
8805.0	0.170562
8806.0	0.17101
8807.0	0.171418
8808.0	0.171824
8809.0	0.17223
8810.0	0.172635
8811.0	0.173033
8812.0	0.173391
8813.0	0.173747
8814.0	0.174104
8815.0	0.174459
8816.0	0.174814
8817.0	0.175131
8818.0	0.175447
8819.0	0.175762
8820.0	0.176077
8821.0	0.176394
8822.0	0.176675
8823.0	0.176955
8824.0	0.177234
8825.0	0.177513
8826.0	0.177791
8827.0	0.178034
8828.0	0.178277
8829.0	0.178519
8830.0	0.178761
8831.0	0.179009
8832.0	0.179223
8833.0	0.179437
8834.0	0.179651
8835.0	0.179863
8836.0	0.180076
8837.0	0.180257
8838.0	0.180438
8839.0	0.180618
8840.0	0.180798
8841.0	0.180965
8842.0	0.181102
8843.0	0.181238
8844.0	0.181375
8845.0	0.181511
8846.0	0.181646
8847.0	0.181754
8848.0	0.181862
8849.0	0.18197
8850.0	0.182077
8851.0	0.18218
8852.0	0.182258
8853.0	0.182335
8854.0	0.182412
8855.0	0.182489
8856.0	0.182566
8857.0	0.182619
8858.0	0.182672
8859.0	0.182724
8860.0	0.182776
8861.0	0.182861
8862.0	0.182925
8863.0	0.182989
8864.0	0.183052
8865.0	0.183114
8866.0	0.183178
8867.0	0.183221
8868.0	0.183263
8869.0	0.183306
8870.0	0.183348
8871.0	0.183368
8872.0	0.183368
8873.0	0.183369
8874.0	0.18337
8875.0	0.18337
8876.0	0.18337
8877.0	0.183354
8878.0	0.183339
8879.0	0.183322
8880.0	0.183307
8881.0	0.183279
8882.0	0.183236
8883.0	0.183194
8884.0	0.183151
8885.0	0.183108
8886.0	0.183065
8887.0	0.183009
8888.0	0.182954
8889.0	0.182898
8890.0	0.182841
8891.0	0.182798
8892.0	0.182744
8893.0	0.18269
8894.0	0.182635
8895.0	0.18258
8896.0	0.182526
8897.0	0.18246
8898.0	0.182395
8899.0	0.182329
8900.0	0.182263
8901.0	0.182193
8902.0	0.182116
8903.0	0.182036
8904.0	0.181957
8905.0	0.181877
8906.0	0.181799
8907.0	0.181711
8908.0	0.181624
8909.0	0.181537
8910.0	0.181449
8911.0	0.181363
8912.0	0.181271
8913.0	0.181179
8914.0	0.181086
8915.0	0.180993
8916.0	0.1809
8917.0	0.180801
8918.0	0.180702
8919.0	0.180603
8920.0	0.180504
8921.0	0.18041
8922.0	0.180309
8923.0	0.18021
8924.0	0.180109
8925.0	0.180008
8926.0	0.179909
8927.0	0.179804
8928.0	0.179698
8929.0	0.179593
8930.0	0.179488
8931.0	0.179369
8932.0	0.179244
8933.0	0.179121
8934.0	0.178998
8935.0	0.178874
8936.0	0.178749
8937.0	0.178622
8938.0	0.178495
8939.0	0.178368
8940.0	0.178241
8941.0	0.178133
8942.0	0.178022
8943.0	0.177911
8944.0	0.1778
8945.0	0.177689
8946.0	0.177579
8947.0	0.177465
8948.0	0.177351
8949.0	0.177238
8950.0	0.177125
8951.0	0.177005
8952.0	0.176884
8953.0	0.176763
8954.0	0.176642
8955.0	0.17652
8956.0	0.1764
8957.0	0.176276
8958.0	0.176154
8959.0	0.17603
8960.0	0.175907
8961.0	0.175771
8962.0	0.175634
8963.0	0.175497
8964.0	0.17536
8965.0	0.175223
8966.0	0.175086
8967.0	0.174947
8968.0	0.174809
8969.0	0.174671
8970.0	0.174532
8971.0	0.174408
8972.0	0.174282
8973.0	0.174155
8974.0	0.174029
8975.0	0.173903
8976.0	0.173778
8977.0	0.17365
8978.0	0.173523
8979.0	0.173396
8980.0	0.17327
8981.0	0.173136
8982.0	0.173003
8983.0	0.172869
8984.0	0.172736
8985.0	0.172602
8986.0	0.172469
8987.0	0.172335
8988.0	0.172201
8989.0	0.172067
8990.0	0.171932
8991.0	0.171815
8992.0	0.171697
8993.0	0.171578
8994.0	0.17146
8995.0	0.171341
8996.0	0.171223
8997.0	0.171103
8998.0	0.170985
8999.0	0.170866
9000.0	0.170747
9001.0	0.170597
9002.0	0.170447
9003.0	0.170297
9004.0	0.170147
9005.0	0.169998
9006.0	0.169846
9007.0	0.169697
9008.0	0.169546
9009.0	0.169396
9010.0	0.169246
9011.0	0.169124
9012.0	0.169001
9013.0	0.168878
9014.0	0.168756
9015.0	0.168633
9016.0	0.16851
9017.0	0.168388
9018.0	0.168264
9019.0	0.168141
9020.0	0.168019
9021.0	0.167886
9022.0	0.167754
9023.0	0.167623
9024.0	0.16749
9025.0	0.167358
9026.0	0.167227
9027.0	0.167094
9028.0	0.166962
9029.0	0.166831
9030.0	0.166698
9031.0	0.166564
9032.0	0.16643
9033.0	0.166297
9034.0	0.166161
9035.0	0.166027
9036.0	0.165892
9037.0	0.165758
9038.0	0.165623
9039.0	0.165488
9040.0	0.165353
9041.0	0.165224
9042.0	0.165096
9043.0	0.164968
9044.0	0.164839
9045.0	0.16471
9046.0	0.164581
9047.0	0.164453
9048.0	0.164325
9049.0	0.164196
9050.0	0.164067
9051.0	0.163935
9052.0	0.163802
9053.0	0.163669
9054.0	0.163537
9055.0	0.163405
9056.0	0.163272
9057.0	0.16314
9058.0	0.163008
9059.0	0.162875
9060.0	0.162742
9061.0	0.162597
9062.0	0.162452
9063.0	0.162307
9064.0	0.162162
9065.0	0.162019
9066.0	0.161874
9067.0	0.161729
9068.0	0.161584
9069.0	0.161439
9070.0	0.161295
9071.0	0.161173
9072.0	0.161053
9073.0	0.160931
9074.0	0.16081
9075.0	0.160689
9076.0	0.160567
9077.0	0.160446
9078.0	0.160325
9079.0	0.160203
9080.0	0.160082
9081.0	0.159944
9082.0	0.159806
9083.0	0.159668
9084.0	0.159529
9085.0	0.15939
9086.0	0.159252
9087.0	0.159113
9088.0	0.158976
9089.0	0.158837
9090.0	0.158699
9091.0	0.158566
9092.0	0.158433
9093.0	0.158301
9094.0	0.158168
9095.0	0.158035
9096.0	0.157902
9097.0	0.15777
9098.0	0.157638
9099.0	0.157505
9100.0	0.157372
9101.0	0.157256
9102.0	0.157139
9103.0	0.157022
9104.0	0.156905
9105.0	0.156787
9106.0	0.15667
9107.0	0.156553
9108.0	0.156437
9109.0	0.15632
9110.0	0.156203
9111.0	0.156071
9112.0	0.15594
9113.0	0.155808
9114.0	0.155677
9115.0	0.155546
9116.0	0.155414
9117.0	0.155283
9118.0	0.15515
9119.0	0.155019
9120.0	0.154887
9121.0	0.154756
9122.0	0.154624
9123.0	0.154492
9124.0	0.15436
9125.0	0.154228
9126.0	0.154097
9127.0	0.153965
9128.0	0.153832
9129.0	0.153701
9130.0	0.153569
9131.0	0.153424
9132.0	0.153279
9133.0	0.153133
9134.0	0.152989
9135.0	0.152843
9136.0	0.152698
9137.0	0.152553
9138.0	0.152408
9139.0	0.152263
9140.0	0.152118
9141.0	0.151989
9142.0	0.151861
9143.0	0.151732
9144.0	0.151603
9145.0	0.151474
9146.0	0.151346
9147.0	0.151216
9148.0	0.151088
9149.0	0.15096
9150.0	0.150831
9151.0	0.150694
9152.0	0.150557
9153.0	0.150419
9154.0	0.150282
9155.0	0.150145
9156.0	0.150007
9157.0	0.149871
9158.0	0.149734
9159.0	0.149595
9160.0	0.149458
9161.0	0.149337
9162.0	0.149216
9163.0	0.149095
9164.0	0.148974
9165.0	0.148853
9166.0	0.148731
9167.0	0.14861
9168.0	0.148489
9169.0	0.148368
9170.0	0.148247
9171.0	0.148102
9172.0	0.147957
9173.0	0.147812
9174.0	0.147667
9175.0	0.147522
9176.0	0.147378
9177.0	0.147233
9178.0	0.147088
9179.0	0.146943
9180.0	0.146798
9181.0	0.146664
9182.0	0.14653
9183.0	0.146396
9184.0	0.146261
9185.0	0.146127
9186.0	0.145993
9187.0	0.145858
9188.0	0.145724
9189.0	0.14559
9190.0	0.145455
9191.0	0.145331
9192.0	0.145206
9193.0	0.145081
9194.0	0.144956
9195.0	0.144831
9196.0	0.144707
9197.0	0.144581
9198.0	0.144456
9199.0	0.144331
9200.0	0.144206
9201.0	0.14408
9202.0	0.143953
9203.0	0.143827
9204.0	0.143701
9205.0	0.143574
9206.0	0.143448
9207.0	0.143321
9208.0	0.143195
9209.0	0.143069
9210.0	0.142943
9211.0	0.142816
9212.0	0.142689
9213.0	0.142564
9214.0	0.142437
9215.0	0.142311
9216.0	0.142184
9217.0	0.142058
9218.0	0.141931
9219.0	0.141805
9220.0	0.141679
9221.0	0.141559
9222.0	0.141438
9223.0	0.141319
9224.0	0.141198
9225.0	0.141079
9226.0	0.140959
9227.0	0.140839
9228.0	0.140719
9229.0	0.1406
9230.0	0.14048
9231.0	0.140353
9232.0	0.140227
9233.0	0.140101
9234.0	0.139974
9235.0	0.139849
9236.0	0.139722
9237.0	0.139595
9238.0	0.139469
9239.0	0.139343
9240.0	0.139217
9241.0	0.139101
9242.0	0.138985
9243.0	0.13887
9244.0	0.138754
9245.0	0.138639
9246.0	0.138524
9247.0	0.138408
9248.0	0.138293
9249.0	0.138176
9250.0	0.13806
9251.0	0.137939
9252.0	0.137818
9253.0	0.137695
9254.0	0.137575
9255.0	0.137453
9256.0	0.137332
9257.0	0.13721
9258.0	0.137088
9259.0	0.136967
9260.0	0.136845
9261.0	0.136724
9262.0	0.136604
9263.0	0.136483
9264.0	0.136362
9265.0	0.136242
9266.0	0.136121
9267.0	0.136001
9268.0	0.135879
9269.0	0.135758
9270.0	0.135637
9271.0	0.135516
9272.0	0.135394
9273.0	0.135273
9274.0	0.135151
9275.0	0.13503
9276.0	0.134909
9277.0	0.134786
9278.0	0.134665
9279.0	0.134543
9280.0	0.134421
9281.0	0.134289
9282.0	0.134155
9283.0	0.134022
9284.0	0.133889
9285.0	0.133756
9286.0	0.133624
9287.0	0.13349
9288.0	0.133357
9289.0	0.133224
9290.0	0.13309
9291.0	0.132969
9292.0	0.132847
9293.0	0.132726
9294.0	0.132604
9295.0	0.132482
9296.0	0.132361
9297.0	0.132238
9298.0	0.132117
9299.0	0.131994
9300.0	0.131871
9301.0	0.131744
9302.0	0.131616
9303.0	0.131488
9304.0	0.13136
9305.0	0.131232
9306.0	0.131104
9307.0	0.130975
9308.0	0.130846
9309.0	0.130717
9310.0	0.130589
9311.0	0.130467
9312.0	0.130345
9313.0	0.130222
9314.0	0.1301
9315.0	0.129978
9316.0	0.129855
9317.0	0.129731
9318.0	0.129608
9319.0	0.129484
9320.0	0.129361
9321.0	0.129227
9322.0	0.129092
9323.0	0.128956
9324.0	0.128821
9325.0	0.128686
9326.0	0.128551
9327.0	0.128414
9328.0	0.128277
9329.0	0.128141
9330.0	0.128004
9331.0	0.12787
9332.0	0.127734
9333.0	0.1276
9334.0	0.127465
9335.0	0.127329
9336.0	0.127193
9337.0	0.127056
9338.0	0.126918
9339.0	0.126781
9340.0	0.126644
9341.0	0.126499
9342.0	0.126353
9343.0	0.126206
9344.0	0.126059
9345.0	0.125911
9346.0	0.125765
9347.0	0.125615
9348.0	0.125466
9349.0	0.125315
9350.0	0.125167
9351.0	0.125037
9352.0	0.124905
9353.0	0.124772
9354.0	0.12464
9355.0	0.124507
9356.0	0.124374
9357.0	0.124238
9358.0	0.124102
9359.0	0.123966
9360.0	0.12383
9361.0	0.123673
9362.0	0.123512
9363.0	0.123352
9364.0	0.123191
9365.0	0.12303
9366.0	0.12287
9367.0	0.122705
9368.0	0.122541
9369.0	0.122375
9370.0	0.122211
9371.0	0.122052
9372.0	0.121887
9373.0	0.121723
9374.0	0.121558
9375.0	0.121395
9376.0	0.12123
9377.0	0.121061
9378.0	0.120891
9379.0	0.120723
9380.0	0.120553
9381.0	0.120383
9382.0	0.120207
9383.0	0.12003
9384.0	0.119855
9385.0	0.119678
9386.0	0.119503
9387.0	0.119321
9388.0	0.119138
9389.0	0.118955
9390.0	0.118773
9391.0	0.118595
9392.0	0.118409
9393.0	0.118223
9394.0	0.118037
9395.0	0.117851
9396.0	0.117665
9397.0	0.117471
9398.0	0.117277
9399.0	0.117082
9400.0	0.116889
9401.0	0.116663
9402.0	0.116427
9403.0	0.116193
9404.0	0.115958
9405.0	0.115723
9406.0	0.115489
9407.0	0.115245
9408.0	0.115001
9409.0	0.114757
9410.0	0.114513
9411.0	0.114274
9412.0	0.114023
9413.0	0.113772
9414.0	0.113522
9415.0	0.113272
9416.0	0.113022
9417.0	0.112761
9418.0	0.112499
9419.0	0.112238
9420.0	0.111977
9421.0	0.111703
9422.0	0.111415
9423.0	0.111127
9424.0	0.11084
9425.0	0.110554
9426.0	0.110268
9427.0	0.109968
9428.0	0.109668
9429.0	0.10937
9430.0	0.10907
9431.0	0.108781
9432.0	0.108477
9433.0	0.108174
9434.0	0.10787
9435.0	0.107568
9436.0	0.107266
9437.0	0.106947
9438.0	0.106629
9439.0	0.106312
9440.0	0.105996
9441.0	0.105684
9442.0	0.105355
9443.0	0.105027
9444.0	0.104699
9445.0	0.104372
9446.0	0.104046
9447.0	0.1037
9448.0	0.103357
9449.0	0.103014
9450.0	0.102671
9451.0	0.102322
9452.0	0.101954
9453.0	0.101587
9454.0	0.101221
9455.0	0.100856
9456.0	0.100491
9457.0	0.100107
9458.0	0.0997224
9459.0	0.0993411
9460.0	0.0989588
9461.0	0.0985819
9462.0	0.0981846
9463.0	0.0977887
9464.0	0.097394
9465.0	0.0969988
9466.0	0.0966056
9467.0	0.0961914
9468.0	0.095778
9469.0	0.0953654
9470.0	0.094954
9471.0	0.0945439
9472.0	0.0941127
9473.0	0.0936815
9474.0	0.0932528
9475.0	0.0928241
9476.0	0.0923966
9477.0	0.0919484
9478.0	0.0915006
9479.0	0.0910549
9480.0	0.0906089
9481.0	0.0901634
9482.0	0.0896961
9483.0	0.0892313
9484.0	0.0887663
9485.0	0.0883028
9486.0	0.0878401
9487.0	0.0873576
9488.0	0.0868764
9489.0	0.0863956
9490.0	0.0859162
9491.0	0.0854327
9492.0	0.0849302
9493.0	0.0844287
9494.0	0.0839281
9495.0	0.0834286
9496.0	0.0829313
9497.0	0.0824146
9498.0	0.0818991
9499.0	0.0813851
9500.0	0.0808721
9501.0	0.0803661
9502.0	0.0798421
9503.0	0.0793189
9504.0	0.0787976
9505.0	0.0782776
9506.0	0.077759
9507.0	0.0772232
9508.0	0.0766892
9509.0	0.0761572
9510.0	0.0756257
9511.0	0.0750984
9512.0	0.0745557
9513.0	0.0740146
9514.0	0.0734746
9515.0	0.072936
9516.0	0.072399
9517.0	0.0718486
9518.0	0.0713003
9519.0	0.0707524
9520.0	0.0702073
9521.0	0.0696586
9522.0	0.0690997
9523.0	0.0685421
9524.0	0.0679862
9525.0	0.0674326
9526.0	0.0668789
9527.0	0.0663172
9528.0	0.0657566
9529.0	0.065198
9530.0	0.0646405
9531.0	0.0640866
9532.0	0.0635263
9533.0	0.0629671
9534.0	0.0624104
9535.0	0.0618543
9536.0	0.0613001
9537.0	0.0607411
9538.0	0.0601836
9539.0	0.0596272
9540.0	0.0590733
9541.0	0.0585153
9542.0	0.0579566
9543.0	0.0573986
9544.0	0.0568423
9545.0	0.0562878
9546.0	0.0557345
9547.0	0.0551816
9548.0	0.0546305
9549.0	0.0540803
9550.0	0.0535319
9551.0	0.0529896
9552.0	0.0524495
9553.0	0.0519109
9554.0	0.0513733
9555.0	0.0508374
9556.0	0.0503032
9557.0	0.049773
9558.0	0.0492444
9559.0	0.0487175
9560.0	0.0481909
9561.0	0.0476643
9562.0	0.0471445
9563.0	0.0466256
9564.0	0.0461083
9565.0	0.0455925
9566.0	0.0450781
9567.0	0.0445712
9568.0	0.0440666
9569.0	0.043563
9570.0	0.0430612
9571.0	0.042561
9572.0	0.0420715
9573.0	0.0415826
9574.0	0.0410953
9575.0	0.0406094
9576.0	0.0401252
9577.0	0.0396515
9578.0	0.0391796
9579.0	0.0387086
9580.0	0.038239
9581.0	0.037767
9582.0	0.0373072
9583.0	0.0368484
9584.0	0.0363916
9585.0	0.0359359
9586.0	0.0354814
9587.0	0.0350402
9588.0	0.0346007
9589.0	0.0341621
9590.0	0.0337251
9591.0	0.0332941
9592.0	0.0328772
9593.0	0.0324611
9594.0	0.0320463
9595.0	0.0316328
9596.0	0.0312204
9597.0	0.0308225
9598.0	0.0304254
9599.0	0.0300298
9600.0	0.0296352
9601.0	0.0292424
9602.0	0.0288647
9603.0	0.0284881
9604.0	0.0281122
9605.0	0.027738
9606.0	0.027364
9607.0	0.0270056
9608.0	0.0266481
9609.0	0.0262915
9610.0	0.025936
9611.0	0.0255799
9612.0	0.0252387
9613.0	0.0248989
9614.0	0.0245596
9615.0	0.0242218
9616.0	0.0238847
9617.0	0.0235627
9618.0	0.0232414
9619.0	0.0229212
9620.0	0.0226019
9621.0	0.0222831
9622.0	0.0219786
9623.0	0.0216754
9624.0	0.0213728
9625.0	0.0210713
9626.0	0.0207709
9627.0	0.0204846
9628.0	0.0201992
9629.0	0.019915
9630.0	0.0196313
9631.0	0.0193499
9632.0	0.0190823
9633.0	0.0188157
9634.0	0.01855
9635.0	0.0182847
9636.0	0.0180206
9637.0	0.0177698
9638.0	0.0175197
9639.0	0.0172705
9640.0	0.0170218
9641.0	0.0167727
9642.0	0.0165367
9643.0	0.0163013
9644.0	0.0160667
9645.0	0.015833
9646.0	0.0155997
9647.0	0.0153791
9648.0	0.0151593
9649.0	0.0149399
9650.0	0.0147213
9651.0	0.0145048
9652.0	0.0143003
9653.0	0.0140964
9654.0	0.013893
9655.0	0.0136903
9656.0	0.0134882
9657.0	0.0132972
9658.0	0.0131069
9659.0	0.0129173
9660.0	0.012728
9661.0	0.0125387
9662.0	0.0123601
9663.0	0.012182
9664.0	0.0120045
9665.0	0.0118275
9666.0	0.0116512
9667.0	0.0114849
9668.0	0.0113191
9669.0	0.011154
9670.0	0.0109893
9671.0	0.010825
9672.0	0.0106703
9673.0	0.0105161
9674.0	0.0103623
9675.0	0.0102091
9676.0	0.0100563
9677.0	0.00991245
9678.0	0.00976905
9679.0	0.00962605
9680.0	0.00948363
9681.0	0.00934195
9682.0	0.00920836
9683.0	0.00907547
9684.0	0.0089429
9685.0	0.00881068
9686.0	0.00867895
9687.0	0.00855509
9688.0	0.00843147
9689.0	0.00830845
9690.0	0.00818563
9691.0	0.00806353
9692.0	0.00794872
9693.0	0.00783423
9694.0	0.00772011
9695.0	0.00760644
9696.0	0.00749299
9697.0	0.00738644
9698.0	0.00728019
9699.0	0.00717427
9700.0	0.00706869
9701.0	0.00696343
9702.0	0.00686443
9703.0	0.00676579
9704.0	0.00666746
9705.0	0.0065695
9706.0	0.00647181
9707.0	0.00638001
9708.0	0.00628843
9709.0	0.00619727
9710.0	0.00610633
9711.0	0.00601542
9712.0	0.00592993
9713.0	0.00584472
9714.0	0.00575984
9715.0	0.00567517
9716.0	0.00559093
9717.0	0.0055116
9718.0	0.00543265
9719.0	0.00535392
9720.0	0.0052755
9721.0	0.00519751
9722.0	0.00512424
9723.0	0.00505115
9724.0	0.00497843
9725.0	0.00490586
9726.0	0.00483356
9727.0	0.00476563
9728.0	0.00469792
9729.0	0.00463041
9730.0	0.00456319
9731.0	0.00449606
9732.0	0.00443303
9733.0	0.00437022
9734.0	0.00430759
9735.0	0.0042452
9736.0	0.00418299
9737.0	0.00412453
9738.0	0.00406627
9739.0	0.0040082
9740.0	0.00395034
9741.0	0.00389268
9742.0	0.00383839
9743.0	0.00378435
9744.0	0.00373048
9745.0	0.00367677
9746.0	0.00362327
9747.0	0.00357295
9748.0	0.00352283
9749.0	0.00347288
9750.0	0.00342308
9751.0	0.00337358
9752.0	0.00332699
9753.0	0.00328058
9754.0	0.00323426
9755.0	0.00318818
9756.0	0.00314227
9757.0	0.00309904
9758.0	0.00305597
9759.0	0.00301305
9760.0	0.00297029
9761.0	0.00292774
9762.0	0.00288764
9763.0	0.00284772
9764.0	0.00280794
9765.0	0.00276828
9766.0	0.00272877
9767.0	0.0026916
9768.0	0.00265456
9769.0	0.00261761
9770.0	0.00258082
9771.0	0.0025439
9772.0	0.00250913
9773.0	0.00247447
9774.0	0.00243998
9775.0	0.00240558
9776.0	0.00237132
9777.0	0.00233903
9778.0	0.00230689
9779.0	0.00227486
9780.0	0.00224297
9781.0	0.00221143
9782.0	0.0021818
9783.0	0.00215219
9784.0	0.00212272
9785.0	0.00209335
9786.0	0.00206412
9787.0	0.00203653
9788.0	0.00200907
9789.0	0.00198166
9790.0	0.00195442
9791.0	0.00192715
9792.0	0.00190146
9793.0	0.00187585
9794.0	0.00185036
9795.0	0.00182492
9796.0	0.00179963
9797.0	0.00177575
9798.0	0.00175196
9799.0	0.00172826
9800.0	0.00170463
9801.0	0.00168241
9802.0	0.00166149
9803.0	0.00164062
9804.0	0.00161981
9805.0	0.00159904
9806.0	0.00157833
9807.0	0.00155883
9808.0	0.00153935
9809.0	0.00151993
9810.0	0.00150058
9811.0	0.00148129
9812.0	0.00146311
9813.0	0.00144499
9814.0	0.00142691
9815.0	0.00140888
9816.0	0.00139089
9817.0	0.00137393
9818.0	0.001357
9819.0	0.00134014
9820.0	0.00132331
9821.0	0.00130646
9822.0	0.00129056
9823.0	0.00127472
9824.0	0.0012589
9825.0	0.00124313
9826.0	0.00122742
9827.0	0.00121257
9828.0	0.00119778
9829.0	0.00118301
9830.0	0.00116828
9831.0	0.00115358
9832.0	0.00113969
9833.0	0.00112583
9834.0	0.00111202
9835.0	0.00109823
9836.0	0.0010845
9837.0	0.00107153
9838.0	0.0010586
9839.0	0.00104569
9840.0	0.00103281
9841.0	0.00101997
9842.0	0.00100783
9843.0	0.000995707
9844.0	0.000983639
9845.0	0.000971596
9846.0	0.000959579
9847.0	0.00094823
9848.0	0.000936928
9849.0	0.000925627
9850.0	0.000914372
9851.0	0.000903184
9852.0	0.000892609
9853.0	0.000882069
9854.0	0.000871544
9855.0	0.000861047
9856.0	0.000850593
9857.0	0.000840694
9858.0	0.000830822
9859.0	0.000820984
9860.0	0.000811173
9861.0	0.000801375
9862.0	0.000792098
9863.0	0.00078286
9864.0	0.000773628
9865.0	0.000764436
9866.0	0.000755269
9867.0	0.000746586
9868.0	0.000737934
9869.0	0.0007293
9870.0	0.000720691
9871.0	0.000712127
9872.0	0.000704024
9873.0	0.000695943
9874.0	0.000687873
9875.0	0.000679831
9876.0	0.000671818
9877.0	0.000664223
9878.0	0.000656654
9879.0	0.000649101
9880.0	0.000641564
9881.0	0.000634001
9882.0	0.000626824
9883.0	0.000619656
9884.0	0.000612522
9885.0	0.000605413
9886.0	0.000598327
9887.0	0.000591597
9888.0	0.000584891
9889.0	0.000578202
9890.0	0.000571537
9891.0	0.000564998
9892.0	0.000558777
9893.0	0.000552584
9894.0	0.000546408
9895.0	0.000540238
9896.0	0.000534101
9897.0	0.000528274
9898.0	0.000522463
9899.0	0.000516673
9900.0	0.000510881
9901.0	0.000505038
9902.0	0.000499487
9903.0	0.000493943
9904.0	0.000488425
9905.0	0.000482925
9906.0	0.000477437
9907.0	0.000472229
9908.0	0.000467032
9909.0	0.000461856
9910.0	0.000456692
9911.0	0.00045158
9912.0	0.000446724
9913.0	0.000441886
9914.0	0.000437054
9915.0	0.000432245
9916.0	0.000427446
9917.0	0.000422886
9918.0	0.000418346
9919.0	0.000413809
9920.0	0.000409288
9921.0	0.000404781
9922.0	0.000400493
9923.0	0.000396224
9924.0	0.000391965
9925.0	0.000387718
9926.0	0.000383485
9927.0	0.000379454
9928.0	0.000375438
9929.0	0.000371439
9930.0	0.000367444
9931.0	0.000363451
9932.0	0.000359645
9933.0	0.000355853
9934.0	0.000352069
9935.0	0.000348301
9936.0	0.000344541
9937.0	0.000340968
9938.0	0.000337403
9939.0	0.000333842
9940.0	0.000330299
9941.0	0.000326783
9942.0	0.000323427
9943.0	0.000320089
9944.0	0.00031676
9945.0	0.000313442
9946.0	0.000310132
9947.0	0.000306977
9948.0	0.000303835
9949.0	0.000300696
9950.0	0.000297573
9951.0	0.000294442
9952.0	0.000291454
9953.0	0.000288476
9954.0	0.000285511
9955.0	0.00028255
9956.0	0.000279599
9957.0	0.000276786
9958.0	0.000273983
9959.0	0.000271189
9960.0	0.000268403
9961.0	0.000265639
9962.0	0.000263
9963.0	0.000260369
9964.0	0.000257749
9965.0	0.000255137
9966.0	0.00025253
9967.0	0.000250043
9968.0	0.000247565
9969.0	0.000245094
9970.0	0.000242632
9971.0	0.000240172
9972.0	0.000237821
9973.0	0.00023548
9974.0	0.000233146
9975.0	0.000230818
9976.0	0.000228498
9977.0	0.000226282
9978.0	0.00022407
9979.0	0.000221871
9980.0	0.000219676
9981.0	0.00021749
9982.0	0.000215405
9983.0	0.000213321
9984.0	0.000211245
9985.0	0.000209178
9986.0	0.000207116
9987.0	0.000205144
9988.0	0.000203181
9989.0	0.00020122
9990.0	0.000199265
9991.0	0.000197329
9992.0	0.00019547
9993.0	0.00019362
9994.0	0.000191779
9995.0	0.000189939
9996.0	0.000188108
9997.0	0.000186356
9998.0	0.000184607
9999.0	0.000182863
10000.0	0.000181128
10001.0	0.000179487
10002.0	0.000177917
10003.0	0.000176351
10004.0	0.000174791
10005.0	0.000173233
10006.0	0.000171682
10007.0	0.000170197
10008.0	0.000168716
10009.0	0.000167239
10010.0	0.000165766
10011.0	0.000164292
10012.0	0.000162882
10013.0	0.000161475
10014.0	0.000160073
10015.0	0.000158674
10016.0	0.000157279
10017.0	0.000155944
10018.0	0.000154612
10019.0	0.000153284
10020.0	0.00015196
10021.0	0.000150653
10022.0	0.000149402
10023.0	0.000148153
10024.0	0.000146909
10025.0	0.000145667
10026.0	0.000144428
10027.0	0.000143242
10028.0	0.000142059
10029.0	0.000140879
10030.0	0.000139703
10031.0	0.000138523
10032.0	0.000137393
10033.0	0.000136265
10034.0	0.000135141
10035.0	0.00013402
10036.0	0.000132902
10037.0	0.00013183
10038.0	0.000130761
10039.0	0.000129694
10040.0	0.000128631
10041.0	0.000127572
10042.0	0.000126556
10043.0	0.000125543
10044.0	0.000124532
10045.0	0.000123525
10046.0	0.00012252
10047.0	0.000121555
10048.0	0.000120594
10049.0	0.000119634
10050.0	0.000118678
10051.0	0.000117723
10052.0	0.000116806
10053.0	0.000115891
10054.0	0.000114979
10055.0	0.000114069
10056.0	0.000113162
10057.0	0.000112291
10058.0	0.000111422
10059.0	0.000110556
10060.0	0.000109692
10061.0	0.000108826
10062.0	0.000107995
10063.0	0.000107166
10064.0	0.000106338
10065.0	0.000105514
10066.0	0.000104691
10067.0	0.000103901
10068.0	0.000103112
10069.0	0.000102326
10070.0	0.000101542
10071.0	0.000100762
10072.0	0.000100012
10073.0	9.92641e-05
10074.0	9.85182e-05
10075.0	9.77742e-05
10076.0	9.70324e-05
10077.0	9.63187e-05
10078.0	9.56071e-05
10079.0	9.48972e-05
10080.0	9.41896e-05
10081.0	9.34821e-05
10082.0	9.28012e-05
10083.0	9.21223e-05
10084.0	9.14451e-05
10085.0	9.07699e-05
10086.0	9.00966e-05
10087.0	8.94481e-05
10088.0	8.88017e-05
10089.0	8.8157e-05
10090.0	8.75139e-05
10091.0	8.68761e-05
10092.0	8.62619e-05
10093.0	8.56492e-05
10094.0	8.50382e-05
10095.0	8.44289e-05
10096.0	8.38212e-05
10097.0	8.32355e-05
10098.0	8.26515e-05
10099.0	8.2069e-05
10100.0	8.14882e-05
10101.0	8.09007e-05
10102.0	8.03338e-05
10103.0	7.97687e-05
10104.0	7.92052e-05
10105.0	7.86434e-05
10106.0	7.80833e-05
10107.0	7.75427e-05
10108.0	7.70036e-05
10109.0	7.64663e-05
10110.0	7.59304e-05
10111.0	7.54045e-05
10112.0	7.48968e-05
10113.0	7.43907e-05
10114.0	7.38858e-05
10115.0	7.33824e-05
10116.0	7.28803e-05
10117.0	7.23956e-05
10118.0	7.19122e-05
10119.0	7.143e-05
10120.0	7.09492e-05
10121.0	7.04638e-05
10122.0	6.99947e-05
10123.0	6.95272e-05
10124.0	6.90607e-05
10125.0	6.85957e-05
10126.0	6.81323e-05
10127.0	6.7684e-05
10128.0	6.72371e-05
10129.0	6.67914e-05
10130.0	6.6347e-05
10131.0	6.59082e-05
10132.0	6.54839e-05
10133.0	6.50608e-05
10134.0	6.46387e-05
10135.0	6.42177e-05
10136.0	6.37981e-05
10137.0	6.3392e-05
10138.0	6.29871e-05
10139.0	6.25832e-05
10140.0	6.21805e-05
10141.0	6.17758e-05
10142.0	6.13838e-05
10143.0	6.09931e-05
10144.0	6.06033e-05
10145.0	6.02147e-05
10146.0	5.98274e-05
10147.0	5.9452e-05
10148.0	5.90776e-05
10149.0	5.87045e-05
10150.0	5.83322e-05
10151.0	5.79605e-05
10152.0	5.76001e-05
10153.0	5.72406e-05
10154.0	5.68824e-05
10155.0	5.65249e-05
10156.0	5.61687e-05
10157.0	5.58232e-05
10158.0	5.54787e-05
10159.0	5.51351e-05
10160.0	5.47927e-05
10161.0	5.44509e-05
10162.0	5.41194e-05
10163.0	5.37888e-05
10164.0	5.34592e-05
10165.0	5.31304e-05
10166.0	5.28029e-05
10167.0	5.24847e-05
10168.0	5.21674e-05
10169.0	5.18511e-05
10170.0	5.15357e-05
10171.0	5.12265e-05
10172.0	5.09263e-05
10173.0	5.06269e-05
10174.0	5.03283e-05
10175.0	5.00306e-05
10176.0	4.97336e-05
10177.0	4.94451e-05
10178.0	4.91573e-05
10179.0	4.88704e-05
10180.0	4.85843e-05
10181.0	4.8293e-05
10182.0	4.80099e-05
10183.0	4.77275e-05
10184.0	4.74461e-05
10185.0	4.71654e-05
10186.0	4.68856e-05
10187.0	4.66133e-05
10188.0	4.63418e-05
10189.0	4.60711e-05
10190.0	4.58012e-05
10191.0	4.55329e-05
10192.0	4.52718e-05
10193.0	4.50114e-05
10194.0	4.47518e-05
10195.0	4.44929e-05
10196.0	4.42348e-05
10197.0	4.39833e-05
10198.0	4.37327e-05
10199.0	4.34827e-05
10200.0	4.32333e-05
10201.0	4.30131e-05
10202.0	4.27992e-05
10203.0	4.25857e-05
10204.0	4.23726e-05
10205.0	4.21601e-05
10206.0	4.19481e-05
10207.0	4.17419e-05
10208.0	4.15361e-05
10209.0	4.1331e-05
10210.0	4.11262e-05
10211.0	4.0924e-05
10212.0	4.0727e-05
10213.0	4.05307e-05
10214.0	4.03348e-05
10215.0	4.01392e-05
10216.0	3.99441e-05
10217.0	3.97544e-05
10218.0	3.9565e-05
10219.0	3.9376e-05
10220.0	3.91873e-05
10221.0	3.89937e-05
10222.0	3.88051e-05
10223.0	3.86168e-05
10224.0	3.84291e-05
10225.0	3.82419e-05
10226.0	3.8055e-05
10227.0	3.78728e-05
10228.0	3.76912e-05
10229.0	3.751e-05
10230.0	3.73291e-05
10231.0	3.71532e-05
10232.0	3.69816e-05
10233.0	3.68106e-05
