4569.0	9.66764e-05
4570.0	0.00010671
4571.0	0.00011673
4572.0	0.000126749
4573.0	0.000136765
4574.0	0.000146779
4575.0	0.00015679
4576.0	0.000166799
4577.0	0.000176806
4578.0	0.000186811
4579.0	0.000196814
4580.0	0.000206814
4581.0	0.000216808
4582.0	0.000226799
4583.0	0.000236788
4584.0	0.000246774
4585.0	0.000256758
4586.0	0.000266739
4587.0	0.000276717
4588.0	0.000286692
4589.0	0.000296666
4590.0	0.000306636
4591.0	0.000316644
4592.0	0.000326652
4593.0	0.00033666
4594.0	0.000346667
4595.0	0.000356676
4596.0	0.000366684
4597.0	0.000376691
4598.0	0.000386698
4599.0	0.000396705
4600.0	0.000406713
4601.0	0.000509739
4602.0	0.00061275
4603.0	0.000715748
4604.0	0.00081873
4605.0	0.000921699
4606.0	0.00102465
4607.0	0.00112759
4608.0	0.00123052
4609.0	0.00133343
4610.0	0.00143633
4611.0	0.00153911
4612.0	0.00164186
4613.0	0.00174458
4614.0	0.00184728
4615.0	0.00194995
4616.0	0.00205259
4617.0	0.00215519
4618.0	0.00225778
4619.0	0.00236033
4620.0	0.00246286
4621.0	0.00282659
4622.0	0.00319031
4623.0	0.00355405
4624.0	0.0039178
4625.0	0.00428153
4626.0	0.00464528
4627.0	0.00500901
4628.0	0.00537275
4629.0	0.00573651
4630.0	0.00610026
4631.0	0.00625404
4632.0	0.00640779
4633.0	0.00656149
4634.0	0.00671518
4635.0	0.00686883
4636.0	0.00702242
4637.0	0.00717599
4638.0	0.00732953
4639.0	0.00748302
4640.0	0.0076365
4641.0	0.00845942
4642.0	0.00928222
4643.0	0.0101049
4644.0	0.0109275
4645.0	0.01175
4646.0	0.0125724
4647.0	0.0133946
4648.0	0.0142168
4649.0	0.0150388
4650.0	0.0158607
4651.0	0.0183262
4652.0	0.0207915
4653.0	0.0232565
4654.0	0.0257212
4655.0	0.0281858
4656.0	0.03065
4657.0	0.033114
4658.0	0.0355777
4659.0	0.0380413
4660.0	0.0405045
4661.0	0.0410383
4662.0	0.0415719
4663.0	0.0421056
4664.0	0.0426392
4665.0	0.0431728
4666.0	0.0437064
4667.0	0.0442399
4668.0	0.0447734
4669.0	0.0453068
4670.0	0.0458403
4671.0	0.0461813
4672.0	0.0465222
4673.0	0.0468631
4674.0	0.0472039
4675.0	0.0475447
4676.0	0.0478855
4677.0	0.0482262
4678.0	0.0485669
4679.0	0.0489075
4680.0	0.0492481
4681.0	0.0538408
4682.0	0.0584334
4683.0	0.0630255
4684.0	0.067617
4685.0	0.0722083
4686.0	0.0767991
4687.0	0.0813895
4688.0	0.0859795
4689.0	0.090569
4690.0	0.0951582
4691.0	0.0978925
4692.0	0.100626
4693.0	0.10336
4694.0	0.106094
4695.0	0.108827
4696.0	0.11156
4697.0	0.114293
4698.0	0.117026
4699.0	0.119758
4700.0	0.122491
4701.0	0.120157
4702.0	0.117823
4703.0	0.115489
4704.0	0.113156
4705.0	0.110822
4706.0	0.108488
4707.0	0.106154
4708.0	0.10382
4709.0	0.101486
4710.0	0.0991515
4711.0	0.101374
4712.0	0.103595
4713.0	0.105816
4714.0	0.108037
4715.0	0.110257
4716.0	0.112476
4717.0	0.114694
4718.0	0.116911
4719.0	0.119128
4720.0	0.121345
4721.0	0.128156
4722.0	0.134968
4723.0	0.141779
4724.0	0.14859
4725.0	0.155401
4726.0	0.162212
4727.0	0.169022
4728.0	0.175833
4729.0	0.182643
4730.0	0.189454
4731.0	0.189146
4732.0	0.188838
4733.0	0.188531
4734.0	0.188224
4735.0	0.187916
4736.0	0.187609
4737.0	0.187302
4738.0	0.186995
4739.0	0.186687
4740.0	0.18638
4741.0	0.183415
4742.0	0.18045
4743.0	0.177486
4744.0	0.174523
4745.0	0.17156
4746.0	0.168597
4747.0	0.165636
4748.0	0.162675
4749.0	0.159715
4750.0	0.156755
4751.0	0.160578
4752.0	0.164401
4753.0	0.168224
4754.0	0.172047
4755.0	0.175871
4756.0	0.179696
4757.0	0.18352
4758.0	0.187345
4759.0	0.19117
4760.0	0.194995
4761.0	0.202807
4762.0	0.210618
4763.0	0.218429
4764.0	0.226238
4765.0	0.234046
4766.0	0.241855
4767.0	0.249662
4768.0	0.257468
4769.0	0.265274
4770.0	0.273078
4771.0	0.271424
4772.0	0.269771
4773.0	0.268117
4774.0	0.266463
4775.0	0.264809
4776.0	0.263155
4777.0	0.261501
4778.0	0.259846
4779.0	0.258192
4780.0	0.256537
4781.0	0.252504
4782.0	0.248472
4783.0	0.24444
4784.0	0.240408
4785.0	0.236377
4786.0	0.232346
4787.0	0.228316
4788.0	0.224286
4789.0	0.220257
4790.0	0.216228
4791.0	0.219689
4792.0	0.223149
4793.0	0.226609
4794.0	0.23007
4795.0	0.233529
4796.0	0.236989
4797.0	0.240449
4798.0	0.243907
4799.0	0.247367
4800.0	0.250826
4801.0	0.257328
4802.0	0.26383
4803.0	0.270333
4804.0	0.276836
4805.0	0.283339
4806.0	0.289842
4807.0	0.296346
4808.0	0.30285
4809.0	0.309354
4810.0	0.315859
4811.0	0.315018
4812.0	0.314177
4813.0	0.313337
4814.0	0.312496
4815.0	0.311656
4816.0	0.310815
4817.0	0.309975
4818.0	0.309134
4819.0	0.308294
4820.0	0.307453
4821.0	0.307993
4822.0	0.308533
4823.0	0.309073
4824.0	0.309614
4825.0	0.310154
4826.0	0.310694
4827.0	0.311235
4828.0	0.311775
4829.0	0.312315
4830.0	0.312856
4831.0	0.314878
4832.0	0.316899
4833.0	0.318922
4834.0	0.320943
4835.0	0.322966
4836.0	0.324988
4837.0	0.327011
4838.0	0.329034
4839.0	0.331058
4840.0	0.333082
4841.0	0.33443
4842.0	0.335777
4843.0	0.337124
4844.0	0.338471
4845.0	0.339818
4846.0	0.341165
4847.0	0.342512
4848.0	0.343858
4849.0	0.345205
4850.0	0.346551
4851.0	0.346018
4852.0	0.345486
4853.0	0.344953
4854.0	0.344421
4855.0	0.343888
4856.0	0.343355
4857.0	0.342823
4858.0	0.342291
4859.0	0.341759
4860.0	0.341226
4861.0	0.341705
4862.0	0.342184
4863.0	0.342662
4864.0	0.343141
4865.0	0.343621
4866.0	0.344099
4867.0	0.344579
4868.0	0.345058
4869.0	0.345538
4870.0	0.346017
4871.0	0.346776
4872.0	0.347534
4873.0	0.348293
4874.0	0.349052
4875.0	0.349811
4876.0	0.35057
4877.0	0.351328
4878.0	0.352086
4879.0	0.352845
4880.0	0.353604
4881.0	0.35048
4882.0	0.347355
4883.0	0.344231
4884.0	0.341107
4885.0	0.337982
4886.0	0.334858
4887.0	0.331734
4888.0	0.328609
4889.0	0.325484
4890.0	0.32236
4891.0	0.320273
4892.0	0.318186
4893.0	0.316099
4894.0	0.314011
4895.0	0.311922
4896.0	0.309833
4897.0	0.307744
4898.0	0.305654
4899.0	0.303564
4900.0	0.301473
4901.0	0.301376
4902.0	0.301278
4903.0	0.30118
4904.0	0.301083
4905.0	0.300986
4906.0	0.300889
4907.0	0.300791
4908.0	0.300693
4909.0	0.300596
4910.0	0.300499
4911.0	0.301452
4912.0	0.302406
4913.0	0.30336
4914.0	0.304314
4915.0	0.305268
4916.0	0.306222
4917.0	0.307178
4918.0	0.308132
4919.0	0.309087
4920.0	0.310043
4921.0	0.312041
4922.0	0.314039
4923.0	0.316037
4924.0	0.318035
4925.0	0.320034
4926.0	0.322032
4927.0	0.324031
4928.0	0.326029
4929.0	0.328029
4930.0	0.330028
4931.0	0.332373
4932.0	0.334719
4933.0	0.337066
4934.0	0.339413
4935.0	0.341761
4936.0	0.344108
4937.0	0.346457
4938.0	0.348806
4939.0	0.351155
4940.0	0.353504
4941.0	0.354509
4942.0	0.355514
4943.0	0.356518
4944.0	0.357523
4945.0	0.358528
4946.0	0.359536
4947.0	0.360541
4948.0	0.361546
4949.0	0.362553
4950.0	0.36356
4951.0	0.361903
4952.0	0.360246
4953.0	0.358588
4954.0	0.356931
4955.0	0.355275
4956.0	0.353618
4957.0	0.351962
4958.0	0.350306
4959.0	0.34865
4960.0	0.346994
4961.0	0.344654
4962.0	0.342312
4963.0	0.33997
4964.0	0.337627
4965.0	0.335284
4966.0	0.33294
4967.0	0.330595
4968.0	0.32825
4969.0	0.325905
4970.0	0.323558
4971.0	0.324587
4972.0	0.325616
4973.0	0.326645
4974.0	0.327675
4975.0	0.328704
4976.0	0.329734
4977.0	0.330764
4978.0	0.331794
4979.0	0.332824
4980.0	0.333855
4981.0	0.336411
4982.0	0.338966
4983.0	0.341522
4984.0	0.344077
4985.0	0.346634
4986.0	0.34919
4987.0	0.351746
4988.0	0.354303
4989.0	0.35686
4990.0	0.359417
4991.0	0.360425
4992.0	0.361433
4993.0	0.362443
4994.0	0.363452
4995.0	0.364461
4996.0	0.365471
4997.0	0.366481
4998.0	0.367491
4999.0	0.368501
5000.0	0.369512
5001.0	0.370198
5002.0	0.370882
5003.0	0.371568
5004.0	0.372252
5005.0	0.372937
5006.0	0.373623
5007.0	0.374308
5008.0	0.374994
5009.0	0.37568
5010.0	0.376365
5011.0	0.375402
5012.0	0.374439
5013.0	0.373476
5014.0	0.372512
5015.0	0.371549
5016.0	0.370586
5017.0	0.369621
5018.0	0.368656
5019.0	0.367692
5020.0	0.366726
5021.0	0.36454
5022.0	0.362354
5023.0	0.360168
5024.0	0.35798
5025.0	0.355793
5026.0	0.353604
5027.0	0.351416
5028.0	0.349227
5029.0	0.347038
5030.0	0.344848
5031.0	0.342366
5032.0	0.339883
5033.0	0.3374
5034.0	0.334916
5035.0	0.332432
5036.0	0.329946
5037.0	0.32746
5038.0	0.324975
5039.0	0.322487
5040.0	0.319999
5041.0	0.319156
5042.0	0.318311
5043.0	0.317467
5044.0	0.316622
5045.0	0.315777
5046.0	0.314932
5047.0	0.314087
5048.0	0.313241
5049.0	0.312394
5050.0	0.311548
5051.0	0.311665
5052.0	0.311782
5053.0	0.3119
5054.0	0.312017
5055.0	0.312134
5056.0	0.312251
5057.0	0.312369
5058.0	0.312486
5059.0	0.312603
5060.0	0.312721
5061.0	0.316673
5062.0	0.320625
5063.0	0.32458
5064.0	0.328534
5065.0	0.33249
5066.0	0.336447
5067.0	0.340405
5068.0	0.344364
5069.0	0.348323
5070.0	0.352284
5071.0	0.352701
5072.0	0.353117
5073.0	0.353534
5074.0	0.35395
5075.0	0.354367
5076.0	0.354783
5077.0	0.3552
5078.0	0.355618
5079.0	0.356034
5080.0	0.356451
5081.0	0.358072
5082.0	0.359694
5083.0	0.361316
5084.0	0.362938
5085.0	0.364561
5086.0	0.366183
5087.0	0.367806
5088.0	0.369429
5089.0	0.371053
5090.0	0.372676
5091.0	0.369976
5092.0	0.367276
5093.0	0.364575
5094.0	0.361873
5095.0	0.359169
5096.0	0.356465
5097.0	0.353761
5098.0	0.351056
5099.0	0.34835
5100.0	0.345642
5101.0	0.34588
5102.0	0.346119
5103.0	0.346357
5104.0	0.346595
5105.0	0.346833
5106.0	0.347072
5107.0	0.347311
5108.0	0.347549
5109.0	0.347787
5110.0	0.348025
5111.0	0.347731
5112.0	0.347436
5113.0	0.347141
5114.0	0.346847
5115.0	0.346552
5116.0	0.346257
5117.0	0.345961
5118.0	0.345666
5119.0	0.34537
5120.0	0.345074
5121.0	0.345295
5122.0	0.345515
5123.0	0.345735
5124.0	0.345955
5125.0	0.346175
5126.0	0.346396
5127.0	0.346616
5128.0	0.346836
5129.0	0.347056
5130.0	0.347277
5131.0	0.348821
5132.0	0.350365
5133.0	0.35191
5134.0	0.353455
5135.0	0.355001
5136.0	0.356547
5137.0	0.358093
5138.0	0.359641
5139.0	0.361188
5140.0	0.362736
5141.0	0.363124
5142.0	0.363511
5143.0	0.3639
5144.0	0.364288
5145.0	0.364675
5146.0	0.365064
5147.0	0.365452
5148.0	0.365839
5149.0	0.366227
5150.0	0.366615
5151.0	0.368192
5152.0	0.369768
5153.0	0.371345
5154.0	0.372922
5155.0	0.3745
5156.0	0.376077
5157.0	0.377656
5158.0	0.379235
5159.0	0.380814
5160.0	0.382393
5161.0	0.380377
5162.0	0.378359
5163.0	0.376341
5164.0	0.374322
5165.0	0.372303
5166.0	0.370283
5167.0	0.368262
5168.0	0.366241
5169.0	0.364219
5170.0	0.362196
5171.0	0.362181
5172.0	0.362166
5173.0	0.362151
5174.0	0.362135
5175.0	0.362119
5176.0	0.362104
5177.0	0.362088
5178.0	0.362072
5179.0	0.362056
5180.0	0.36204
5181.0	0.361032
5182.0	0.360024
5183.0	0.359015
5184.0	0.358006
5185.0	0.356996
5186.0	0.355987
5187.0	0.354977
5188.0	0.353966
5189.0	0.352956
5190.0	0.351945
5191.0	0.356213
5192.0	0.360482
5193.0	0.364751
5194.0	0.369022
5195.0	0.373293
5196.0	0.377565
5197.0	0.381836
5198.0	0.386109
5199.0	0.390383
5200.0	0.394657
5201.0	0.392194
5202.0	0.38973
5203.0	0.387264
5204.0	0.384798
5205.0	0.38233
5206.0	0.379861
5207.0	0.377391
5208.0	0.374919
5209.0	0.372447
5210.0	0.369973
5211.0	0.370899
5212.0	0.371825
5213.0	0.372752
5214.0	0.373678
5215.0	0.374606
5216.0	0.375534
5217.0	0.376462
5218.0	0.37739
5219.0	0.378319
5220.0	0.379249
5221.0	0.375282
5222.0	0.371315
5223.0	0.367347
5224.0	0.363379
5225.0	0.35941
5226.0	0.355441
5227.0	0.351471
5228.0	0.347501
5229.0	0.34353
5230.0	0.339559
5231.0	0.338979
5232.0	0.3384
5233.0	0.33782
5234.0	0.33724
5235.0	0.33666
5236.0	0.33608
5237.0	0.3355
5238.0	0.334919
5239.0	0.334338
5240.0	0.333757
5241.0	0.33758
5242.0	0.341407
5243.0	0.345234
5244.0	0.349063
5245.0	0.352894
5246.0	0.356726
5247.0	0.360559
5248.0	0.364395
5249.0	0.368232
5250.0	0.372071
5251.0	0.36966
5252.0	0.367248
5253.0	0.364836
5254.0	0.362423
5255.0	0.36001
5256.0	0.357594
5257.0	0.355179
5258.0	0.352763
5259.0	0.350347
5260.0	0.347928
5261.0	0.351007
5262.0	0.354087
5263.0	0.357167
5264.0	0.360248
5265.0	0.363331
5266.0	0.366414
5267.0	0.369497
5268.0	0.372581
5269.0	0.375667
5270.0	0.378754
5271.0	0.377531
5272.0	0.376307
5273.0	0.375083
5274.0	0.373857
5275.0	0.372631
5276.0	0.371405
5277.0	0.370178
5278.0	0.368952
5279.0	0.367723
5280.0	0.366495
5281.0	0.368934
5282.0	0.371375
5283.0	0.373815
5284.0	0.376256
5285.0	0.378696
5286.0	0.381137
5287.0	0.383578
5288.0	0.38602
5289.0	0.388461
5290.0	0.390902
5291.0	0.389381
5292.0	0.387857
5293.0	0.386333
5294.0	0.384808
5295.0	0.383283
5296.0	0.381757
5297.0	0.38023
5298.0	0.378703
5299.0	0.377175
5300.0	0.375646
5301.0	0.374806
5302.0	0.373966
5303.0	0.373125
5304.0	0.372284
5305.0	0.371444
5306.0	0.370603
5307.0	0.369762
5308.0	0.36892
5309.0	0.368078
5310.0	0.367237
5311.0	0.365225
5312.0	0.363214
5313.0	0.3612
5314.0	0.359186
5315.0	0.357171
5316.0	0.355155
5317.0	0.353138
5318.0	0.35112
5319.0	0.349101
5320.0	0.347082
5321.0	0.350573
5322.0	0.354065
5323.0	0.357558
5324.0	0.361051
5325.0	0.364544
5326.0	0.368039
5327.0	0.371535
5328.0	0.375031
5329.0	0.378526
5330.0	0.382024
5331.0	0.379721
5332.0	0.377418
5333.0	0.375113
5334.0	0.372808
5335.0	0.370503
5336.0	0.368196
5337.0	0.36589
5338.0	0.363582
5339.0	0.361275
5340.0	0.358965
5341.0	0.362834
5342.0	0.366705
5343.0	0.370577
5344.0	0.37445
5345.0	0.378324
5346.0	0.382201
5347.0	0.386077
5348.0	0.389955
5349.0	0.393835
5350.0	0.397716
5351.0	0.396794
5352.0	0.395871
5353.0	0.394948
5354.0	0.394025
5355.0	0.393102
5356.0	0.392179
5357.0	0.391255
5358.0	0.390331
5359.0	0.389406
5360.0	0.388481
5361.0	0.388065
5362.0	0.387649
5363.0	0.387233
5364.0	0.386816
5365.0	0.3864
5366.0	0.385982
5367.0	0.385565
5368.0	0.385148
5369.0	0.384731
5370.0	0.384312
5371.0	0.384497
5372.0	0.384684
5373.0	0.38487
5374.0	0.385056
5375.0	0.385241
5376.0	0.385427
5377.0	0.385613
5378.0	0.385798
5379.0	0.385984
5380.0	0.386169
5381.0	0.385042
5382.0	0.383915
5383.0	0.382787
5384.0	0.381658
5385.0	0.38053
5386.0	0.379401
5387.0	0.378271
5388.0	0.377142
5389.0	0.376012
5390.0	0.374881
5391.0	0.372391
5392.0	0.3699
5393.0	0.367408
5394.0	0.364916
5395.0	0.362423
5396.0	0.35993
5397.0	0.357436
5398.0	0.354942
5399.0	0.352446
5400.0	0.349951
5401.0	0.349508
5402.0	0.349065
5403.0	0.348622
5404.0	0.348179
5405.0	0.347734
5406.0	0.347291
5407.0	0.346847
5408.0	0.346402
5409.0	0.345958
5410.0	0.345513
5411.0	0.34761
5412.0	0.349709
5413.0	0.351809
5414.0	0.353908
5415.0	0.35601
5416.0	0.358111
5417.0	0.360212
5418.0	0.362315
5419.0	0.364417
5420.0	0.366521
5421.0	0.3682
5422.0	0.369881
5423.0	0.371561
5424.0	0.373242
5425.0	0.374922
5426.0	0.376602
5427.0	0.378285
5428.0	0.379966
5429.0	0.381647
5430.0	0.38333
5431.0	0.384642
5432.0	0.385955
5433.0	0.387267
5434.0	0.388581
5435.0	0.389894
5436.0	0.391208
5437.0	0.392523
5438.0	0.393837
5439.0	0.395152
5440.0	0.396467
5441.0	0.39762
5442.0	0.398772
5443.0	0.399926
5444.0	0.401078
5445.0	0.402231
5446.0	0.403385
5447.0	0.404539
5448.0	0.405692
5449.0	0.406846
5450.0	0.408
5451.0	0.407524
5452.0	0.407046
5453.0	0.40657
5454.0	0.406092
5455.0	0.405614
5456.0	0.405136
5457.0	0.404658
5458.0	0.40418
5459.0	0.403701
5460.0	0.403222
5461.0	0.403395
5462.0	0.403568
5463.0	0.403742
5464.0	0.403915
5465.0	0.404087
5466.0	0.40426
5467.0	0.404433
5468.0	0.404605
5469.0	0.404778
5470.0	0.40495
5471.0	0.405668
5472.0	0.406384
5473.0	0.407102
5474.0	0.407819
5475.0	0.408537
5476.0	0.409254
5477.0	0.409972
5478.0	0.410689
5479.0	0.411408
5480.0	0.412126
5481.0	0.411687
5482.0	0.411248
5483.0	0.41081
5484.0	0.41037
5485.0	0.40993
5486.0	0.409491
5487.0	0.409051
5488.0	0.408612
5489.0	0.408171
5490.0	0.407731
5491.0	0.407426
5492.0	0.407121
5493.0	0.406815
5494.0	0.40651
5495.0	0.406204
5496.0	0.405898
5497.0	0.405592
5498.0	0.405286
5499.0	0.40498
5500.0	0.404674
5501.0	0.402603
5502.0	0.40053
5503.0	0.398457
5504.0	0.396383
5505.0	0.394308
5506.0	0.392232
5507.0	0.390156
5508.0	0.388078
5509.0	0.386
5510.0	0.383921
5511.0	0.384371
5512.0	0.384821
5513.0	0.385271
5514.0	0.385721
5515.0	0.386172
5516.0	0.386621
5517.0	0.387071
5518.0	0.387522
5519.0	0.387971
5520.0	0.388422
5521.0	0.389114
5522.0	0.389807
5523.0	0.390499
5524.0	0.391192
5525.0	0.391885
5526.0	0.392577
5527.0	0.39327
5528.0	0.393963
5529.0	0.394656
5530.0	0.395349
5531.0	0.396012
5532.0	0.396674
5533.0	0.397338
5534.0	0.398
5535.0	0.398663
5536.0	0.399326
5537.0	0.399989
5538.0	0.400652
5539.0	0.401315
5540.0	0.401978
5541.0	0.402524
5542.0	0.40307
5543.0	0.403616
5544.0	0.404161
5545.0	0.404707
5546.0	0.405252
5547.0	0.405798
5548.0	0.406343
5549.0	0.406888
5550.0	0.407434
5551.0	0.406247
5552.0	0.405059
5553.0	0.40387
5554.0	0.402681
5555.0	0.401492
5556.0	0.400303
5557.0	0.399113
5558.0	0.397922
5559.0	0.396731
5560.0	0.395539
5561.0	0.396501
5562.0	0.397462
5563.0	0.398424
5564.0	0.399385
5565.0	0.400347
5566.0	0.401308
5567.0	0.402271
5568.0	0.403231
5569.0	0.404193
5570.0	0.405155
5571.0	0.405423
5572.0	0.405691
5573.0	0.405959
5574.0	0.406227
5575.0	0.406494
5576.0	0.406763
5577.0	0.40703
5578.0	0.407297
5579.0	0.407564
5580.0	0.407831
5581.0	0.40734
5582.0	0.406847
5583.0	0.406356
5584.0	0.405864
5585.0	0.405371
5586.0	0.404879
5587.0	0.404386
5588.0	0.403893
5589.0	0.4034
5590.0	0.402908
5591.0	0.402545
5592.0	0.402183
5593.0	0.401822
5594.0	0.40146
5595.0	0.401098
5596.0	0.400735
5597.0	0.400373
5598.0	0.400011
5599.0	0.399647
5600.0	0.399284
5601.0	0.397538
5602.0	0.395792
5603.0	0.394044
5604.0	0.392297
5605.0	0.390549
5606.0	0.3888
5607.0	0.387052
5608.0	0.385302
5609.0	0.383553
5610.0	0.381802
5611.0	0.381848
5612.0	0.381894
5613.0	0.38194
5614.0	0.381985
5615.0	0.382032
5616.0	0.382078
5617.0	0.382122
5618.0	0.382169
5619.0	0.382214
5620.0	0.38226
5621.0	0.383732
5622.0	0.385206
5623.0	0.386678
5624.0	0.388152
5625.0	0.389625
5626.0	0.391099
5627.0	0.392573
5628.0	0.394047
5629.0	0.395521
5630.0	0.396995
5631.0	0.398153
5632.0	0.399313
5633.0	0.400471
5634.0	0.401631
5635.0	0.402791
5636.0	0.403951
5637.0	0.405111
5638.0	0.406271
5639.0	0.407431
5640.0	0.408591
5641.0	0.408735
5642.0	0.408879
5643.0	0.409024
5644.0	0.409167
5645.0	0.409311
5646.0	0.409456
5647.0	0.409599
5648.0	0.409743
5649.0	0.409888
5650.0	0.410032
5651.0	0.409212
5652.0	0.408392
5653.0	0.407571
5654.0	0.406751
5655.0	0.405931
5656.0	0.40511
5657.0	0.40429
5658.0	0.403469
5659.0	0.402648
5660.0	0.401827
5661.0	0.400963
5662.0	0.400099
5663.0	0.399235
5664.0	0.398371
5665.0	0.397507
5666.0	0.396642
5667.0	0.395777
5668.0	0.394912
5669.0	0.394047
5670.0	0.393181
5671.0	0.393274
5672.0	0.393367
5673.0	0.393461
5674.0	0.393554
5675.0	0.393647
5676.0	0.39374
5677.0	0.393834
5678.0	0.393927
5679.0	0.394021
5680.0	0.394114
5681.0	0.394777
5682.0	0.39544
5683.0	0.396103
5684.0	0.396767
5685.0	0.39743
5686.0	0.398094
5687.0	0.398759
5688.0	0.399423
5689.0	0.400088
5690.0	0.400753
5691.0	0.401632
5692.0	0.402511
5693.0	0.403391
5694.0	0.404271
5695.0	0.405152
5696.0	0.406031
5697.0	0.406912
5698.0	0.407793
5699.0	0.408673
5700.0	0.409555
5701.0	0.409886
5702.0	0.410218
5703.0	0.410551
5704.0	0.410883
5705.0	0.411215
5706.0	0.411547
5707.0	0.411881
5708.0	0.412213
5709.0	0.412546
5710.0	0.412879
5711.0	0.412033
5712.0	0.411186
5713.0	0.410339
5714.0	0.409491
5715.0	0.408645
5716.0	0.407798
5717.0	0.406951
5718.0	0.406103
5719.0	0.405256
5720.0	0.404409
5721.0	0.404344
5722.0	0.404281
5723.0	0.404216
5724.0	0.404152
5725.0	0.404088
5726.0	0.404025
5727.0	0.403961
5728.0	0.403898
5729.0	0.403835
5730.0	0.403771
5731.0	0.404725
5732.0	0.405678
5733.0	0.406633
5734.0	0.407588
5735.0	0.408543
5736.0	0.409499
5737.0	0.410454
5738.0	0.411412
5739.0	0.412369
5740.0	0.413326
5741.0	0.410646
5742.0	0.407967
5743.0	0.405287
5744.0	0.402607
5745.0	0.399928
5746.0	0.397249
5747.0	0.39457
5748.0	0.391892
5749.0	0.389212
5750.0	0.386534
5751.0	0.386461
5752.0	0.386388
5753.0	0.386314
5754.0	0.38624
5755.0	0.386168
5756.0	0.386094
5757.0	0.386022
5758.0	0.385948
5759.0	0.385875
5760.0	0.385803
5761.0	0.385525
5762.0	0.385248
5763.0	0.384972
5764.0	0.384694
5765.0	0.384417
5766.0	0.38414
5767.0	0.383864
5768.0	0.383587
5769.0	0.383311
5770.0	0.383034
5771.0	0.383543
5772.0	0.384051
5773.0	0.38456
5774.0	0.38507
5775.0	0.385579
5776.0	0.386089
5777.0	0.386598
5778.0	0.387109
5779.0	0.38762
5780.0	0.388131
5781.0	0.389204
5782.0	0.390277
5783.0	0.391351
5784.0	0.392424
5785.0	0.393498
5786.0	0.394573
5787.0	0.395647
5788.0	0.396721
5789.0	0.397797
5790.0	0.398872
5791.0	0.400202
5792.0	0.401532
5793.0	0.402862
5794.0	0.404194
5795.0	0.405525
5796.0	0.406856
5797.0	0.408189
5798.0	0.409523
5799.0	0.410856
5800.0	0.41219
5801.0	0.412843
5802.0	0.413496
5803.0	0.414149
5804.0	0.414803
5805.0	0.415457
5806.0	0.416109
5807.0	0.416763
5808.0	0.417417
5809.0	0.418072
5810.0	0.418726
5811.0	0.41899
5812.0	0.419253
5813.0	0.419518
5814.0	0.419782
5815.0	0.420047
5816.0	0.420313
5817.0	0.420577
5818.0	0.420843
5819.0	0.421108
5820.0	0.421374
5821.0	0.420292
5822.0	0.419209
5823.0	0.418127
5824.0	0.417045
5825.0	0.415962
5826.0	0.414878
5827.0	0.413795
5828.0	0.412711
5829.0	0.411627
5830.0	0.410543
5831.0	0.410457
5832.0	0.410372
5833.0	0.410286
5834.0	0.4102
5835.0	0.410115
5836.0	0.41003
5837.0	0.409944
5838.0	0.409859
5839.0	0.409775
5840.0	0.40969
5841.0	0.408544
5842.0	0.407399
5843.0	0.406253
5844.0	0.405108
5845.0	0.403962
5846.0	0.402815
5847.0	0.40167
5848.0	0.400524
5849.0	0.399378
5850.0	0.398231
5851.0	0.39989
5852.0	0.40155
5853.0	0.403209
5854.0	0.40487
5855.0	0.406529
5856.0	0.40819
5857.0	0.409852
5858.0	0.411513
5859.0	0.413175
5860.0	0.414837
5861.0	0.414575
5862.0	0.414313
5863.0	0.414051
5864.0	0.413788
5865.0	0.413526
5866.0	0.413264
5867.0	0.413001
5868.0	0.412739
5869.0	0.412477
5870.0	0.412215
5871.0	0.412202
5872.0	0.412188
5873.0	0.412175
5874.0	0.412162
5875.0	0.412149
5876.0	0.412137
5877.0	0.412124
5878.0	0.412111
5879.0	0.412099
5880.0	0.412087
5881.0	0.411003
5882.0	0.409919
5883.0	0.408835
5884.0	0.40775
5885.0	0.406666
5886.0	0.405581
5887.0	0.404495
5888.0	0.40341
5889.0	0.402324
5890.0	0.401238
5891.0	0.404078
5892.0	0.406919
5893.0	0.409762
5894.0	0.412606
5895.0	0.415451
5896.0	0.418297
5897.0	0.421146
5898.0	0.423996
5899.0	0.426846
5900.0	0.429698
5901.0	0.427812
5902.0	0.425924
5903.0	0.424037
5904.0	0.42215
5905.0	0.420262
5906.0	0.418374
5907.0	0.416485
5908.0	0.414596
5909.0	0.412708
5910.0	0.410818
5911.0	0.412691
5912.0	0.414564
5913.0	0.416437
5914.0	0.41831
5915.0	0.420185
5916.0	0.422059
5917.0	0.423935
5918.0	0.42581
5919.0	0.427686
5920.0	0.429563
5921.0	0.428612
5922.0	0.42766
5923.0	0.426708
5924.0	0.425755
5925.0	0.424803
5926.0	0.42385
5927.0	0.422897
5928.0	0.421943
5929.0	0.420989
5930.0	0.420036
5931.0	0.418702
5932.0	0.417369
5933.0	0.416036
5934.0	0.414701
5935.0	0.413368
5936.0	0.412033
5937.0	0.410699
5938.0	0.409364
5939.0	0.408028
5940.0	0.406693
5941.0	0.404515
5942.0	0.402338
5943.0	0.40016
5944.0	0.397982
5945.0	0.395803
5946.0	0.393623
5947.0	0.391444
5948.0	0.389262
5949.0	0.387081
5950.0	0.3849
5951.0	0.387632
5952.0	0.390366
5953.0	0.3931
5954.0	0.395836
5955.0	0.398574
5956.0	0.401311
5957.0	0.40405
5958.0	0.40679
5959.0	0.409532
5960.0	0.412275
5961.0	0.41133
5962.0	0.410385
5963.0	0.409439
5964.0	0.408493
5965.0	0.407546
5966.0	0.406599
5967.0	0.405652
5968.0	0.404704
5969.0	0.403756
5970.0	0.402808
5971.0	0.403355
5972.0	0.403903
5973.0	0.40445
5974.0	0.404998
5975.0	0.405546
5976.0	0.406094
5977.0	0.406642
5978.0	0.407191
5979.0	0.40774
5980.0	0.408289
5981.0	0.408208
5982.0	0.408127
5983.0	0.408046
5984.0	0.407965
5985.0	0.407882
5986.0	0.4078
5987.0	0.407719
5988.0	0.407638
5989.0	0.407555
5990.0	0.407474
5991.0	0.407298
5992.0	0.407123
5993.0	0.406948
5994.0	0.406772
5995.0	0.406597
5996.0	0.406421
5997.0	0.406245
5998.0	0.40607
5999.0	0.405893
6000.0	0.405717
6001.0	0.406252
6002.0	0.406787
6003.0	0.407322
6004.0	0.407857
6005.0	0.408392
6006.0	0.408927
6007.0	0.409463
6008.0	0.409999
6009.0	0.410534
6010.0	0.41107
6011.0	0.411281
6012.0	0.411491
6013.0	0.411702
6014.0	0.411914
6015.0	0.412125
6016.0	0.412336
6017.0	0.412547
6018.0	0.412758
6019.0	0.412968
6020.0	0.41318
6021.0	0.413425
6022.0	0.413671
6023.0	0.413917
6024.0	0.414162
6025.0	0.414407
6026.0	0.414653
6027.0	0.414899
6028.0	0.415145
6029.0	0.41539
6030.0	0.415637
6031.0	0.415821
6032.0	0.416006
6033.0	0.416191
6034.0	0.416376
6035.0	0.41656
6036.0	0.416745
6037.0	0.41693
6038.0	0.417114
6039.0	0.417301
6040.0	0.417485
6041.0	0.418588
6042.0	0.419692
6043.0	0.420795
6044.0	0.421899
6045.0	0.423002
6046.0	0.424107
6047.0	0.425212
6048.0	0.426315
6049.0	0.427421
6050.0	0.428525
6051.0	0.428236
6052.0	0.427948
6053.0	0.42766
6054.0	0.42737
6055.0	0.427083
6056.0	0.426793
6057.0	0.426504
6058.0	0.426215
6059.0	0.425926
6060.0	0.425636
6061.0	0.424984
6062.0	0.424329
6063.0	0.423676
6064.0	0.423022
6065.0	0.422368
6066.0	0.421714
6067.0	0.421058
6068.0	0.420405
6069.0	0.419749
6070.0	0.419094
6071.0	0.418445
6072.0	0.417795
6073.0	0.417146
6074.0	0.416495
6075.0	0.415847
6076.0	0.415196
6077.0	0.414546
6078.0	0.413896
6079.0	0.413246
6080.0	0.412595
6081.0	0.413773
6082.0	0.414951
6083.0	0.41613
6084.0	0.417308
6085.0	0.418488
6086.0	0.419668
6087.0	0.420847
6088.0	0.42203
6089.0	0.42321
6090.0	0.424391
6091.0	0.425125
6092.0	0.42586
6093.0	0.426594
6094.0	0.42733
6095.0	0.428064
6096.0	0.4288
6097.0	0.429535
6098.0	0.43027
6099.0	0.431006
6100.0	0.431742
6101.0	0.430962
6102.0	0.430184
6103.0	0.429403
6104.0	0.428624
6105.0	0.427843
6106.0	0.427062
6107.0	0.426282
6108.0	0.425501
6109.0	0.424719
6110.0	0.423938
6111.0	0.424782
6112.0	0.425624
6113.0	0.426468
6114.0	0.427312
6115.0	0.428156
6116.0	0.429
6117.0	0.429844
6118.0	0.430691
6119.0	0.431536
6120.0	0.432382
6121.0	0.432391
6122.0	0.432401
6123.0	0.432412
6124.0	0.432422
6125.0	0.432432
6126.0	0.432441
6127.0	0.432451
6128.0	0.432462
6129.0	0.432471
6130.0	0.432481
6131.0	0.432583
6132.0	0.432684
6133.0	0.432785
6134.0	0.432887
6135.0	0.432988
6136.0	0.433089
6137.0	0.433191
6138.0	0.433292
6139.0	0.433394
6140.0	0.433495
6141.0	0.433624
6142.0	0.433753
6143.0	0.433882
6144.0	0.434011
6145.0	0.43414
6146.0	0.434269
6147.0	0.434398
6148.0	0.434527
6149.0	0.434657
6150.0	0.434786
6151.0	0.433797
6152.0	0.432808
6153.0	0.431818
6154.0	0.430829
6155.0	0.429838
6156.0	0.428848
6157.0	0.427857
6158.0	0.426867
6159.0	0.425876
6160.0	0.424885
6161.0	0.422648
6162.0	0.42041
6163.0	0.418172
6164.0	0.415933
6165.0	0.413692
6166.0	0.411451
6167.0	0.409208
6168.0	0.406965
6169.0	0.404721
6170.0	0.402476
6171.0	0.40098
6172.0	0.399483
6173.0	0.397986
6174.0	0.396488
6175.0	0.394989
6176.0	0.393489
6177.0	0.39199
6178.0	0.39049
6179.0	0.388989
6180.0	0.387488
6181.0	0.386277
6182.0	0.385066
6183.0	0.383855
6184.0	0.382642
6185.0	0.38143
6186.0	0.380219
6187.0	0.379005
6188.0	0.377792
6189.0	0.376577
6190.0	0.375363
6191.0	0.375075
6192.0	0.374787
6193.0	0.374499
6194.0	0.37421
6195.0	0.373921
6196.0	0.373632
6197.0	0.373344
6198.0	0.373055
6199.0	0.372765
6200.0	0.372476
6201.0	0.371967
6202.0	0.371458
6203.0	0.37095
6204.0	0.37044
6205.0	0.369932
6206.0	0.369422
6207.0	0.368912
6208.0	0.368403
6209.0	0.367894
6210.0	0.367384
6211.0	0.368273
6212.0	0.36916
6213.0	0.370048
6214.0	0.370935
6215.0	0.371823
6216.0	0.372711
6217.0	0.373599
6218.0	0.374488
6219.0	0.375376
6220.0	0.376264
6221.0	0.379028
6222.0	0.381792
6223.0	0.384558
6224.0	0.387323
6225.0	0.39009
6226.0	0.392858
6227.0	0.395627
6228.0	0.398397
6229.0	0.401167
6230.0	0.403938
6231.0	0.404891
6232.0	0.405845
6233.0	0.406798
6234.0	0.407752
6235.0	0.408706
6236.0	0.409659
6237.0	0.410613
6238.0	0.411567
6239.0	0.412522
6240.0	0.413475
6241.0	0.415183
6242.0	0.416891
6243.0	0.418599
6244.0	0.420307
6245.0	0.422017
6246.0	0.423726
6247.0	0.425436
6248.0	0.427146
6249.0	0.428856
6250.0	0.430568
6251.0	0.430533
6252.0	0.430499
6253.0	0.430466
6254.0	0.43043
6255.0	0.430396
6256.0	0.430363
6257.0	0.430328
6258.0	0.430293
6259.0	0.430258
6260.0	0.430224
6261.0	0.43055
6262.0	0.430874
6263.0	0.431199
6264.0	0.431524
6265.0	0.431848
6266.0	0.432174
6267.0	0.432499
6268.0	0.432824
6269.0	0.43315
6270.0	0.433475
6271.0	0.434134
6272.0	0.434793
6273.0	0.435452
6274.0	0.436112
6275.0	0.436772
6276.0	0.437431
6277.0	0.438092
6278.0	0.438752
6279.0	0.439413
6280.0	0.440074
6281.0	0.438646
6282.0	0.437218
6283.0	0.435789
6284.0	0.434361
6285.0	0.432932
6286.0	0.431503
6287.0	0.430074
6288.0	0.428644
6289.0	0.427216
6290.0	0.425786
6291.0	0.426291
6292.0	0.426796
6293.0	0.427301
6294.0	0.427807
6295.0	0.428312
6296.0	0.428818
6297.0	0.429323
6298.0	0.429829
6299.0	0.430335
6300.0	0.430841
6301.0	0.429787
6302.0	0.428733
6303.0	0.42768
6304.0	0.426625
6305.0	0.425572
6306.0	0.424516
6307.0	0.423462
6308.0	0.422408
6309.0	0.421353
6310.0	0.420298
6311.0	0.420527
6312.0	0.420757
6313.0	0.420987
6314.0	0.421216
6315.0	0.421446
6316.0	0.421677
6317.0	0.421905
6318.0	0.422136
6319.0	0.422366
6320.0	0.422596
6321.0	0.422133
6322.0	0.42167
6323.0	0.421208
6324.0	0.420745
6325.0	0.420282
6326.0	0.419819
6327.0	0.419355
6328.0	0.418892
6329.0	0.418428
6330.0	0.417964
6331.0	0.418868
6332.0	0.419771
6333.0	0.420674
6334.0	0.421579
6335.0	0.422483
6336.0	0.423387
6337.0	0.424292
6338.0	0.425197
6339.0	0.426102
6340.0	0.427008
6341.0	0.42637
6342.0	0.425732
6343.0	0.425094
6344.0	0.424457
6345.0	0.423819
6346.0	0.423181
6347.0	0.422543
6348.0	0.421905
6349.0	0.421267
6350.0	0.42063
6351.0	0.424364
6352.0	0.428099
6353.0	0.431835
6354.0	0.435572
6355.0	0.439311
6356.0	0.44305
6357.0	0.446791
6358.0	0.450531
6359.0	0.454274
6360.0	0.458017
6361.0	0.453855
6362.0	0.449692
6363.0	0.445529
6364.0	0.441365
6365.0	0.4372
6366.0	0.433035
6367.0	0.428869
6368.0	0.424702
6369.0	0.420535
6370.0	0.416367
6371.0	0.417898
6372.0	0.419431
6373.0	0.420963
6374.0	0.422497
6375.0	0.424031
6376.0	0.425566
6377.0	0.4271
6378.0	0.428636
6379.0	0.430173
6380.0	0.431709
6381.0	0.427592
6382.0	0.423473
6383.0	0.419353
6384.0	0.415233
6385.0	0.41111
6386.0	0.406986
6387.0	0.402862
6388.0	0.398737
6389.0	0.39461
6390.0	0.390481
6391.0	0.391751
6392.0	0.393021
6393.0	0.394292
6394.0	0.395561
6395.0	0.396831
6396.0	0.398101
6397.0	0.399372
6398.0	0.400643
6399.0	0.401913
6400.0	0.403186
6401.0	0.401675
6402.0	0.400166
6403.0	0.398656
6404.0	0.397146
6405.0	0.395636
6406.0	0.394125
6407.0	0.392615
6408.0	0.391104
6409.0	0.389591
6410.0	0.388079
6411.0	0.390628
6412.0	0.393179
6413.0	0.39573
6414.0	0.398282
6415.0	0.400835
6416.0	0.403387
6417.0	0.405941
6418.0	0.408496
6419.0	0.411051
6420.0	0.413607
6421.0	0.411834
6422.0	0.41006
6423.0	0.408288
6424.0	0.406514
6425.0	0.404741
6426.0	0.402966
6427.0	0.401193
6428.0	0.39942
6429.0	0.397647
6430.0	0.395873
6431.0	0.39999
6432.0	0.404108
6433.0	0.408226
6434.0	0.412345
6435.0	0.416464
6436.0	0.420583
6437.0	0.424703
6438.0	0.428823
6439.0	0.432943
6440.0	0.437065
6441.0	0.435453
6442.0	0.43384
6443.0	0.432228
6444.0	0.430616
6445.0	0.429002
6446.0	0.42739
6447.0	0.425776
6448.0	0.424162
6449.0	0.422549
6450.0	0.420935
6451.0	0.424823
6452.0	0.428714
6453.0	0.432604
6454.0	0.436493
6455.0	0.440386
6456.0	0.444277
6457.0	0.44817
6458.0	0.452063
6459.0	0.455957
6460.0	0.459851
6461.0	0.456971
6462.0	0.454091
6463.0	0.451211
6464.0	0.448331
6465.0	0.445451
6466.0	0.442572
6467.0	0.439693
6468.0	0.436814
6469.0	0.433936
6470.0	0.431057
6471.0	0.433959
6472.0	0.436863
6473.0	0.439765
6474.0	0.442669
6475.0	0.445574
6476.0	0.448479
6477.0	0.451384
6478.0	0.45429
6479.0	0.457196
6480.0	0.460104
6481.0	0.456668
6482.0	0.453234
6483.0	0.449798
6484.0	0.446362
6485.0	0.442928
6486.0	0.439493
6487.0	0.436059
6488.0	0.432624
6489.0	0.42919
6490.0	0.425755
6491.0	0.427812
6492.0	0.429869
6493.0	0.431924
6494.0	0.433983
6495.0	0.43604
6496.0	0.438097
6497.0	0.440155
6498.0	0.442212
6499.0	0.444271
6500.0	0.446328
6501.0	0.442283
6502.0	0.438236
6503.0	0.434189
6504.0	0.430141
6505.0	0.426092
6506.0	0.422042
6507.0	0.417992
6508.0	0.413941
6509.0	0.409889
6510.0	0.405836
6511.0	0.406966
6512.0	0.408096
6513.0	0.409227
6514.0	0.410357
6515.0	0.411488
6516.0	0.412618
6517.0	0.413749
6518.0	0.414879
6519.0	0.41601
6520.0	0.417141
6521.0	0.41494
6522.0	0.41274
6523.0	0.41054
6524.0	0.408339
6525.0	0.406139
6526.0	0.40394
6527.0	0.40174
6528.0	0.39954
6529.0	0.397341
6530.0	0.395142
6531.0	0.398128
6532.0	0.401115
6533.0	0.404101
6534.0	0.407087
6535.0	0.410073
6536.0	0.413059
6537.0	0.416047
6538.0	0.419033
6539.0	0.42202
6540.0	0.425007
6541.0	0.42243
6542.0	0.419852
6543.0	0.417274
6544.0	0.414694
6545.0	0.412114
6546.0	0.409532
6547.0	0.40695
6548.0	0.404367
6549.0	0.401783
6550.0	0.399196
6551.0	0.402868
6552.0	0.406538
6553.0	0.410209
6554.0	0.41388
6555.0	0.41755
6556.0	0.421219
6557.0	0.424891
6558.0	0.42856
6559.0	0.43223
6560.0	0.435899
6561.0	0.433817
6562.0	0.431733
6563.0	0.429651
6564.0	0.427567
6565.0	0.425483
6566.0	0.423398
6567.0	0.421312
6568.0	0.419227
6569.0	0.417141
6570.0	0.415055
6571.0	0.416536
6572.0	0.418014
6573.0	0.419495
6574.0	0.420975
6575.0	0.422456
6576.0	0.423936
6577.0	0.425416
6578.0	0.426895
6579.0	0.428376
6580.0	0.429855
6581.0	0.4283
6582.0	0.426742
6583.0	0.425185
6584.0	0.423629
6585.0	0.422072
6586.0	0.420514
6587.0	0.418956
6588.0	0.417399
6589.0	0.415841
6590.0	0.414283
6591.0	0.414783
6592.0	0.415282
6593.0	0.415781
6594.0	0.41628
6595.0	0.41678
6596.0	0.41728
6597.0	0.417778
6598.0	0.418279
6599.0	0.418778
6600.0	0.419277
6601.0	0.416805
6602.0	0.414332
6603.0	0.411859
6604.0	0.409385
6605.0	0.406911
6606.0	0.404437
6607.0	0.401962
6608.0	0.399486
6609.0	0.397011
6610.0	0.394536
6611.0	0.396429
6612.0	0.398322
6613.0	0.400216
6614.0	0.402109
6615.0	0.404003
6616.0	0.405897
6617.0	0.40779
6618.0	0.409683
6619.0	0.411577
6620.0	0.41347
6621.0	0.413726
6622.0	0.413981
6623.0	0.414236
6624.0	0.414492
6625.0	0.414748
6626.0	0.415003
6627.0	0.415259
6628.0	0.415514
6629.0	0.41577
6630.0	0.416026
6631.0	0.415832
6632.0	0.415638
6633.0	0.415443
6634.0	0.415248
6635.0	0.415054
6636.0	0.41486
6637.0	0.414665
6638.0	0.414471
6639.0	0.414277
6640.0	0.414082
6641.0	0.417331
6642.0	0.42058
6643.0	0.423828
6644.0	0.427078
6645.0	0.430328
6646.0	0.433577
6647.0	0.436827
6648.0	0.440077
6649.0	0.443327
6650.0	0.446577
6651.0	0.444312
6652.0	0.442045
6653.0	0.43978
6654.0	0.437515
6655.0	0.43525
6656.0	0.432984
6657.0	0.430718
6658.0	0.428454
6659.0	0.426189
6660.0	0.423924
6661.0	0.427623
6662.0	0.431323
6663.0	0.435024
6664.0	0.438726
6665.0	0.442428
6666.0	0.446131
6667.0	0.449835
6668.0	0.45354
6669.0	0.457244
6670.0	0.460951
6671.0	0.458339
6672.0	0.455727
6673.0	0.453116
6674.0	0.450505
6675.0	0.447894
6676.0	0.445285
6677.0	0.442674
6678.0	0.440064
6679.0	0.437455
6680.0	0.434846
6681.0	0.438192
6682.0	0.441539
6683.0	0.444886
6684.0	0.448234
6685.0	0.451583
6686.0	0.454932
6687.0	0.458281
6688.0	0.461631
6689.0	0.464982
6690.0	0.468334
6691.0	0.464264
6692.0	0.460194
6693.0	0.456123
6694.0	0.452052
6695.0	0.447981
6696.0	0.44391
6697.0	0.43984
6698.0	0.435769
6699.0	0.431696
6700.0	0.427624
6701.0	0.429098
6702.0	0.430571
6703.0	0.432044
6704.0	0.433516
6705.0	0.434989
6706.0	0.436463
6707.0	0.437935
6708.0	0.439409
6709.0	0.440881
6710.0	0.442354
6711.0	0.440135
6712.0	0.437914
6713.0	0.435695
6714.0	0.433473
6715.0	0.431253
6716.0	0.42903
6717.0	0.426808
6718.0	0.424585
6719.0	0.422361
6720.0	0.420138
6721.0	0.42044
6722.0	0.420742
6723.0	0.421043
6724.0	0.421344
6725.0	0.421646
6726.0	0.421948
6727.0	0.42225
6728.0	0.422551
6729.0	0.422854
6730.0	0.423156
6731.0	0.421715
6732.0	0.420276
6733.0	0.418836
6734.0	0.417397
6735.0	0.415957
6736.0	0.414517
6737.0	0.413079
6738.0	0.41164
6739.0	0.410201
6740.0	0.408762
6741.0	0.411263
6742.0	0.413763
6743.0	0.416262
6744.0	0.418764
6745.0	0.421264
6746.0	0.423765
6747.0	0.426265
6748.0	0.428766
6749.0	0.431266
6750.0	0.433766
6751.0	0.431387
6752.0	0.429008
6753.0	0.426627
6754.0	0.424247
6755.0	0.421865
6756.0	0.419484
6757.0	0.417101
6758.0	0.414719
6759.0	0.412336
6760.0	0.409952
6761.0	0.409449
6762.0	0.408944
6763.0	0.40844
6764.0	0.407936
6765.0	0.407432
6766.0	0.406928
6767.0	0.406425
6768.0	0.405921
6769.0	0.405417
6770.0	0.404914
6771.0	0.410036
6772.0	0.415161
6773.0	0.420285
6774.0	0.425408
6775.0	0.430534
6776.0	0.435658
6777.0	0.440784
6778.0	0.445909
6779.0	0.451035
6780.0	0.456162
6781.0	0.451575
6782.0	0.446988
6783.0	0.4424
6784.0	0.437812
6785.0	0.433225
6786.0	0.428636
6787.0	0.424049
6788.0	0.419459
6789.0	0.414871
6790.0	0.410281
6791.0	0.413854
6792.0	0.417427
6793.0	0.420999
6794.0	0.424571
6795.0	0.428142
6796.0	0.431714
6797.0	0.435285
6798.0	0.438856
6799.0	0.442427
6800.0	0.445998
6801.0	0.442699
6802.0	0.439401
6803.0	0.436102
6804.0	0.432805
6805.0	0.429507
6806.0	0.426209
6807.0	0.422912
6808.0	0.419615
6809.0	0.416319
6810.0	0.413022
6811.0	0.413566
6812.0	0.414109
6813.0	0.414652
6814.0	0.415195
6815.0	0.415738
6816.0	0.416281
6817.0	0.416824
6818.0	0.417366
6819.0	0.417909
6820.0	0.418453
6821.0	0.416743
6822.0	0.415034
6823.0	0.413325
6824.0	0.411616
6825.0	0.409906
6826.0	0.408197
6827.0	0.406487
6828.0	0.404778
6829.0	0.403069
6830.0	0.401359
6831.0	0.403899
6832.0	0.406439
6833.0	0.40898
6834.0	0.411521
6835.0	0.414061
6836.0	0.416601
6837.0	0.419141
6838.0	0.421682
6839.0	0.424221
6840.0	0.426763
6841.0	0.424379
6842.0	0.421997
6843.0	0.419615
6844.0	0.417233
6845.0	0.414852
6846.0	0.412472
6847.0	0.410091
6848.0	0.407712
6849.0	0.405334
6850.0	0.402954
6851.0	0.405931
6852.0	0.408908
6853.0	0.411885
6854.0	0.414861
6855.0	0.417837
6856.0	0.420813
6857.0	0.42379
6858.0	0.426766
6859.0	0.429742
6860.0	0.432718
6861.0	0.430789
6862.0	0.428859
6863.0	0.426929
6864.0	0.424999
6865.0	0.423069
6866.0	0.421138
6867.0	0.419207
6868.0	0.417276
6869.0	0.415345
6870.0	0.413414
6871.0	0.415506
6872.0	0.417598
6873.0	0.41969
6874.0	0.421783
6875.0	0.423874
6876.0	0.425967
6877.0	0.428058
6878.0	0.43015
6879.0	0.43224
6880.0	0.434331
6881.0	0.431368
6882.0	0.428405
6883.0	0.425441
6884.0	0.422477
6885.0	0.419514
6886.0	0.416551
6887.0	0.413587
6888.0	0.410623
6889.0	0.407659
6890.0	0.404696
6891.0	0.40555
6892.0	0.406404
6893.0	0.407258
6894.0	0.408111
6895.0	0.408964
6896.0	0.409818
6897.0	0.410672
6898.0	0.411524
6899.0	0.412377
6900.0	0.41323
6901.0	0.409421
6902.0	0.40561
6903.0	0.401801
6904.0	0.397991
6905.0	0.394182
6906.0	0.390372
6907.0	0.386564
6908.0	0.382756
6909.0	0.378948
6910.0	0.37514
6911.0	0.376458
6912.0	0.377775
6913.0	0.379093
6914.0	0.380411
6915.0	0.381728
6916.0	0.383047
6917.0	0.384365
6918.0	0.385684
6919.0	0.387002
6920.0	0.388321
6921.0	0.385023
6922.0	0.381724
6923.0	0.378426
6924.0	0.375128
6925.0	0.371829
6926.0	0.368532
6927.0	0.365235
6928.0	0.361937
6929.0	0.358641
6930.0	0.355344
6931.0	0.358355
6932.0	0.361366
6933.0	0.364375
6934.0	0.367384
6935.0	0.370392
6936.0	0.3734
6937.0	0.376406
6938.0	0.379412
6939.0	0.382418
6940.0	0.385423
6941.0	0.383511
6942.0	0.381599
6943.0	0.379687
6944.0	0.377775
6945.0	0.375863
6946.0	0.37395
6947.0	0.372038
6948.0	0.370124
6949.0	0.368211
6950.0	0.366297
6951.0	0.370348
6952.0	0.374396
6953.0	0.378444
6954.0	0.38249
6955.0	0.386535
6956.0	0.390578
6957.0	0.39462
6958.0	0.398662
6959.0	0.402702
6960.0	0.40674
6961.0	0.407176
6962.0	0.407613
6963.0	0.408049
6964.0	0.408485
6965.0	0.408921
6966.0	0.409357
6967.0	0.409792
6968.0	0.410227
6969.0	0.410663
6970.0	0.411097
6971.0	0.41309
6972.0	0.415082
6973.0	0.417074
6974.0	0.419065
6975.0	0.421056
6976.0	0.423048
6977.0	0.425038
6978.0	0.427029
6979.0	0.429019
6980.0	0.431008
6981.0	0.428879
6982.0	0.426748
6983.0	0.424618
6984.0	0.422487
6985.0	0.420355
6986.0	0.418223
6987.0	0.416091
6988.0	0.413959
6989.0	0.411826
6990.0	0.409693
6991.0	0.411436
6992.0	0.413178
6993.0	0.41492
6994.0	0.416662
6995.0	0.418404
6996.0	0.420145
6997.0	0.421886
6998.0	0.423628
6999.0	0.425369
7000.0	0.42711
7001.0	0.425426
7002.0	0.423742
7003.0	0.422058
7004.0	0.420376
7005.0	0.418693
7006.0	0.41701
7007.0	0.415328
7008.0	0.413647
7009.0	0.411965
7010.0	0.410284
7011.0	0.411163
7012.0	0.412043
7013.0	0.412921
7014.0	0.413799
7015.0	0.414676
7016.0	0.415554
7017.0	0.41643
7018.0	0.417307
7019.0	0.418184
7020.0	0.41906
7021.0	0.416531
7022.0	0.414002
7023.0	0.411473
7024.0	0.408945
7025.0	0.406417
7026.0	0.403888
7027.0	0.401359
7028.0	0.398832
7029.0	0.396304
7030.0	0.393777
7031.0	0.396489
7032.0	0.399201
7033.0	0.401912
7034.0	0.404623
7035.0	0.407334
7036.0	0.410045
7037.0	0.412753
7038.0	0.415463
7039.0	0.418172
7040.0	0.420881
7041.0	0.41852
7042.0	0.416161
7043.0	0.413802
7044.0	0.411442
7045.0	0.409084
7046.0	0.406726
7047.0	0.404369
7048.0	0.402011
7049.0	0.399655
7050.0	0.397299
7051.0	0.400216
7052.0	0.403133
7053.0	0.406049
7054.0	0.408965
7055.0	0.41188
7056.0	0.414794
7057.0	0.417708
7058.0	0.420621
7059.0	0.423533
7060.0	0.426445
7061.0	0.423799
7062.0	0.421152
7063.0	0.418507
7064.0	0.415862
7065.0	0.41322
7066.0	0.410577
7067.0	0.407935
7068.0	0.405294
7069.0	0.402654
7070.0	0.400015
7071.0	0.39437
7072.0	0.388727
7073.0	0.383084
7074.0	0.377442
7075.0	0.3718
7076.0	0.36616
7077.0	0.360519
7078.0	0.35488
7079.0	0.34924
7080.0	0.343602
7081.0	0.32982
7082.0	0.31604
7083.0	0.302262
7084.0	0.288484
7085.0	0.274709
7086.0	0.260936
7087.0	0.247165
7088.0	0.233395
7089.0	0.219628
7090.0	0.205862
7091.0	0.197198
7092.0	0.188538
7093.0	0.179881
7094.0	0.171227
7095.0	0.162577
7096.0	0.15393
7097.0	0.145286
7098.0	0.136645
7099.0	0.128007
7100.0	0.119373
7101.0	0.114317
7102.0	0.109262
7103.0	0.10421
7104.0	0.0991581
7105.0	0.0941079
7106.0	0.0890595
7107.0	0.0840123
7108.0	0.0789668
7109.0	0.0739228
7110.0	0.0688801
7111.0	0.0666861
7112.0	0.0644924
7113.0	0.0622989
7114.0	0.0601058
7115.0	0.0579131
7116.0	0.0557207
7117.0	0.0535287
7118.0	0.0513369
7119.0	0.0491455
7120.0	0.0469544
7121.0	0.0456068
7122.0	0.0442593
7123.0	0.0429119
7124.0	0.0415646
7125.0	0.0402174
7126.0	0.0388703
7127.0	0.0375232
7128.0	0.0361763
7129.0	0.0348295
7130.0	0.0334827
7131.0	0.0328751
7132.0	0.0322676
7133.0	0.0316601
7134.0	0.0310528
7135.0	0.0304457
7136.0	0.0298386
7137.0	0.0292318
7138.0	0.0286251
7139.0	0.0280184
7140.0	0.0274119
7141.0	0.0267762
7142.0	0.0261406
7143.0	0.0255051
7144.0	0.0248699
7145.0	0.0242347
7146.0	0.0235998
7147.0	0.022965
7148.0	0.0223303
7149.0	0.0216959
7150.0	0.0210615
7151.0	0.0204368
7152.0	0.0198122
7153.0	0.0191878
7154.0	0.0185637
7155.0	0.0179398
7156.0	0.017316
7157.0	0.0166926
7158.0	0.0160693
7159.0	0.0154462
7160.0	0.0148234
7161.0	0.0142132
7162.0	0.0136031
7163.0	0.012993
7164.0	0.0123829
7165.0	0.0117729
7166.0	0.0111629
7167.0	0.0105529
7168.0	0.00994295
7169.0	0.00933307
7170.0	0.00872323
7171.0	0.00828873
7172.0	0.00785428
7173.0	0.00741997
7174.0	0.00698576
7175.0	0.00655163
7176.0	0.00611759
7177.0	0.00568367
7178.0	0.00524984
7179.0	0.0048161
7180.0	0.00438246
7181.0	0.00418987
7182.0	0.00399733
7183.0	0.00380482
7184.0	0.00361234
7185.0	0.00341991
7186.0	0.00322752
7187.0	0.00303516
7188.0	0.00284283
7189.0	0.00265055
7190.0	0.00245831
7191.0	0.0023831
7192.0	0.00230792
7193.0	0.00223274
7194.0	0.00215759
7195.0	0.00208245
7196.0	0.00200734
7197.0	0.00193224
7198.0	0.00185716
7199.0	0.0017821
7200.0	0.00170705
7201.0	0.00163199
7202.0	0.00155694
7203.0	0.00148192
7204.0	0.00140691
7205.0	0.00133193
7206.0	0.00125697
7207.0	0.00118204
7208.0	0.00110713
7209.0	0.00103223
7210.0	0.00095736
7211.0	0.000938922
7212.0	0.000920491
7213.0	0.000902069
7214.0	0.000883653
7215.0	0.000865246
7216.0	0.000846847
7217.0	0.000828454
7218.0	0.00081007
7219.0	0.000791695
7220.0	0.000773326
7221.0	0.000754966
7222.0	0.000736613
7223.0	0.000718267
7224.0	0.00069993
7225.0	0.0006816
7226.0	0.000663279
7227.0	0.000644965
7228.0	0.000626659
7229.0	0.000608361
7230.0	0.000590072
7231.0	0.000571834
7232.0	0.000553603
7233.0	0.000535376
7234.0	0.000517154
7235.0	0.000498937
7236.0	0.000480726
7237.0	0.000462519
7238.0	0.000444317
7239.0	0.000426121
7240.0	0.00040793
7241.0	0.00038974
7242.0	0.000371557
7243.0	0.000353378
7244.0	0.000335205
7245.0	0.000317037
7246.0	0.000298875
7247.0	0.000280718
7248.0	0.000262566
7249.0	0.000244418
7250.0	0.000226276
7251.0	0.000222288
7252.0	0.000218301
7253.0	0.000214316
7254.0	0.000210333
7255.0	0.000206351
7256.0	0.000202371
7257.0	0.000198392
7258.0	0.000194416
7259.0	0.000190441
7260.0	0.000186468
7261.0	0.000182509
7262.0	0.000178552
7263.0	0.000174596
7264.0	0.000170641
7265.0	0.000166687
7266.0	0.000162735
7267.0	0.000158783
7268.0	0.000154832
7269.0	0.000150883
7270.0	0.000146934
7271.0	0.000142979
7272.0	0.000139025
7273.0	0.000135073
7274.0	0.000131122
7275.0	0.000127173
7276.0	0.000123225
7277.0	0.000119279
7278.0	0.000115334
7279.0	0.000111391
7280.0	0.00010745
7281.0	0.000103509
7282.0	9.95689e-05
7283.0	9.56309e-05
