4977.0	7.6936e-05
4978.0	7.73411e-05
4979.0	7.77461e-05
4980.0	7.81549e-05
4981.0	7.85587e-05
4982.0	7.89624e-05
4983.0	7.93661e-05
4984.0	7.97699e-05
4985.0	8.01771e-05
4986.0	8.05844e-05
4987.0	8.09917e-05
4988.0	8.1399e-05
4989.0	8.18066e-05
4990.0	8.22171e-05
4991.0	8.26372e-05
4992.0	8.30575e-05
4993.0	8.3478e-05
4994.0	8.38986e-05
4995.0	8.43222e-05
4996.0	8.47463e-05
4997.0	8.51703e-05
4998.0	8.55943e-05
4999.0	8.60185e-05
5000.0	8.6446e-05
5001.0	8.68664e-05
5002.0	8.72866e-05
5003.0	8.7707e-05
5004.0	8.81273e-05
5005.0	8.85504e-05
5006.0	8.89738e-05
5007.0	8.93971e-05
5008.0	8.98207e-05
5009.0	9.02441e-05
5010.0	9.06702e-05
5011.0	9.11008e-05
5012.0	9.15314e-05
5013.0	9.19622e-05
5014.0	9.23932e-05
5015.0	9.28268e-05
5016.0	9.32606e-05
5017.0	9.36941e-05
5018.0	9.41277e-05
5019.0	9.45618e-05
5020.0	9.49979e-05
5021.0	9.54313e-05
5022.0	9.58649e-05
5023.0	9.62988e-05
5024.0	9.67324e-05
5025.0	9.71684e-05
5026.0	9.76042e-05
5027.0	9.80402e-05
5028.0	9.84764e-05
5029.0	9.89124e-05
5030.0	9.93505e-05
5031.0	9.97911e-05
5032.0	0.000100232
5033.0	0.000100673
5034.0	0.000101114
5035.0	0.000101556
5036.0	0.000101999
5037.0	0.000102442
5038.0	0.000102885
5039.0	0.000103328
5040.0	0.000103773
5041.0	0.000104221
5042.0	0.00010467
5043.0	0.000105119
5044.0	0.000105568
5045.0	0.000106019
5046.0	0.00010647
5047.0	0.00010692
5048.0	0.000107371
5049.0	0.000107822
5050.0	0.000108275
5051.0	0.000108723
5052.0	0.000109171
5053.0	0.000109619
5054.0	0.000110067
5055.0	0.000110516
5056.0	0.000110965
5057.0	0.000111415
5058.0	0.000111864
5059.0	0.000112314
5060.0	0.000112764
5061.0	0.000113218
5062.0	0.000113672
5063.0	0.000114127
5064.0	0.000114581
5065.0	0.000115036
5066.0	0.000115491
5067.0	0.000115946
5068.0	0.000116402
5069.0	0.000116857
5070.0	0.000117313
5071.0	0.000117762
5072.0	0.000118211
5073.0	0.000118659
5074.0	0.000119108
5075.0	0.000119557
5076.0	0.000120007
5077.0	0.000120456
5078.0	0.000120906
5079.0	0.000121355
5080.0	0.000121805
5081.0	0.000122257
5082.0	0.000122708
5083.0	0.00012316
5084.0	0.000123611
5085.0	0.000124063
5086.0	0.000124515
5087.0	0.000124967
5088.0	0.000125419
5089.0	0.000125871
5090.0	0.000126323
5091.0	0.000126783
5092.0	0.000127244
5093.0	0.000127705
5094.0	0.000128166
5095.0	0.000128626
5096.0	0.000129087
5097.0	0.000129549
5098.0	0.00013001
5099.0	0.000130471
5100.0	0.000130932
5101.0	0.000131405
5102.0	0.000131878
5103.0	0.000132352
5104.0	0.000132826
5105.0	0.000133299
5106.0	0.000133773
5107.0	0.000134247
5108.0	0.000134721
5109.0	0.000135195
5110.0	0.000135668
5111.0	0.000136125
5112.0	0.000136582
5113.0	0.000137039
5114.0	0.000137496
5115.0	0.000137953
5116.0	0.000138409
5117.0	0.000138866
5118.0	0.000139322
5119.0	0.000139779
5120.0	0.000140234
5121.0	0.000140701
5122.0	0.000141167
5123.0	0.000141634
5124.0	0.0001421
5125.0	0.000142566
5126.0	0.000143032
5127.0	0.000143498
5128.0	0.000143964
5129.0	0.00014443
5130.0	0.000144895
5131.0	0.000145354
5132.0	0.000145814
5133.0	0.000146273
5134.0	0.000146733
5135.0	0.000147191
5136.0	0.000147649
5137.0	0.000148107
5138.0	0.000148566
5139.0	0.000149025
5140.0	0.000149482
5141.0	0.000149936
5142.0	0.000150389
5143.0	0.000150844
5144.0	0.000151298
5145.0	0.00015175
5146.0	0.000152203
5147.0	0.000152655
5148.0	0.000153108
5149.0	0.00015356
5150.0	0.000154011
5151.0	0.000154464
5152.0	0.000154918
5153.0	0.000155371
5154.0	0.000155825
5155.0	0.000156276
5156.0	0.000156728
5157.0	0.00015718
5158.0	0.000157631
5159.0	0.000158083
5160.0	0.000158533
5161.0	0.000158985
5162.0	0.000159437
5163.0	0.000159889
5164.0	0.000160341
5165.0	0.000160791
5166.0	0.000161241
5167.0	0.000161691
5168.0	0.000162142
5169.0	0.000162592
5170.0	0.00016304
5171.0	0.000163497
5172.0	0.000163954
5173.0	0.000164411
5174.0	0.000164868
5175.0	0.000165323
5176.0	0.000165778
5177.0	0.000166233
5178.0	0.000166688
5179.0	0.000167143
5180.0	0.000167596
5181.0	0.00016804
5182.0	0.000168483
5183.0	0.000168927
5184.0	0.00016937
5185.0	0.000169811
5186.0	0.000170252
5187.0	0.000170693
5188.0	0.000171134
5189.0	0.000171575
5190.0	0.000172014
5191.0	0.00017244
5192.0	0.000172867
5193.0	0.000173294
5194.0	0.000173721
5195.0	0.000174145
5196.0	0.000174569
5197.0	0.000174993
5198.0	0.000175417
5199.0	0.000175841
5200.0	0.000176263
5201.0	0.000176713
5202.0	0.000177163
5203.0	0.000177614
5204.0	0.000178065
5205.0	0.000178512
5206.0	0.00017896
5207.0	0.000179409
5208.0	0.000179857
5209.0	0.000180306
5210.0	0.000180751
5211.0	0.000181195
5212.0	0.000181639
5213.0	0.000182083
5214.0	0.000182527
5215.0	0.000182969
5216.0	0.00018341
5217.0	0.000183851
5218.0	0.000184293
5219.0	0.000184735
5220.0	0.000185174
5221.0	0.000185583
5222.0	0.000185992
5223.0	0.000186401
5224.0	0.00018681
5225.0	0.000187216
5226.0	0.000187622
5227.0	0.000188028
5228.0	0.000188434
5229.0	0.00018884
5230.0	0.000189242
5231.0	0.00018966
5232.0	0.000190078
5233.0	0.000190497
5234.0	0.000190915
5235.0	0.00019133
5236.0	0.000191745
5237.0	0.00019216
5238.0	0.000192575
5239.0	0.00019299
5240.0	0.000193402
5241.0	0.000193828
5242.0	0.000194254
5243.0	0.000194679
5244.0	0.000195106
5245.0	0.000195528
5246.0	0.000195951
5247.0	0.000196373
5248.0	0.000196797
5249.0	0.00019722
5250.0	0.000197639
5251.0	0.000198046
5252.0	0.000198453
5253.0	0.00019886
5254.0	0.000199268
5255.0	0.000199672
5256.0	0.000200075
5257.0	0.000200479
5258.0	0.000200883
5259.0	0.000201287
5260.0	0.000201686
5261.0	0.000202088
5262.0	0.000202489
5263.0	0.00020289
5264.0	0.000203291
5265.0	0.000203689
5266.0	0.000204086
5267.0	0.000204483
5268.0	0.000204881
5269.0	0.000205279
5270.0	0.000205673
5271.0	0.000206079
5272.0	0.000206485
5273.0	0.000206891
5274.0	0.000207298
5275.0	0.0002077
5276.0	0.000208103
5277.0	0.000208505
5278.0	0.000208909
5279.0	0.000209312
5280.0	0.000209711
5281.0	0.000210074
5282.0	0.000210438
5283.0	0.000210801
5284.0	0.000211165
5285.0	0.000211524
5286.0	0.000211884
5287.0	0.000212243
5288.0	0.000212603
5289.0	0.000212962
5290.0	0.000213317
5291.0	0.000213708
5292.0	0.000214097
5293.0	0.000214488
5294.0	0.000214878
5295.0	0.000215264
5296.0	0.000215651
5297.0	0.000216037
5298.0	0.000216423
5299.0	0.00021681
5300.0	0.000217193
5301.0	0.000217552
5302.0	0.000217912
5303.0	0.000218271
5304.0	0.00021863
5305.0	0.000218986
5306.0	0.000219342
5307.0	0.000219697
5308.0	0.000220052
5309.0	0.000220408
5310.0	0.00022076
5311.0	0.000221139
5312.0	0.000221519
5313.0	0.000221899
5314.0	0.000222279
5315.0	0.000222655
5316.0	0.00022303
5317.0	0.000223407
5318.0	0.000223783
5319.0	0.000224159
5320.0	0.000224532
5321.0	0.000224876
5322.0	0.00022522
5323.0	0.000225565
5324.0	0.000225909
5325.0	0.000226249
5326.0	0.00022659
5327.0	0.00022693
5328.0	0.000227271
5329.0	0.000227611
5330.0	0.000227948
5331.0	0.000228294
5332.0	0.000228642
5333.0	0.000228988
5334.0	0.000229335
5335.0	0.000229678
5336.0	0.000230021
5337.0	0.000230364
5338.0	0.000230708
5339.0	0.000231051
5340.0	0.00023139
5341.0	0.000231739
5342.0	0.000232089
5343.0	0.000232438
5344.0	0.000232788
5345.0	0.000233133
5346.0	0.000233479
5347.0	0.000233825
5348.0	0.00023417
5349.0	0.000234516
5350.0	0.000234858
5351.0	0.000235185
5352.0	0.000235512
5353.0	0.000235839
5354.0	0.000236165
5355.0	0.000236488
5356.0	0.000236811
5357.0	0.000237134
5358.0	0.000237457
5359.0	0.000237781
5360.0	0.000238099
5361.0	0.000238435
5362.0	0.000238771
5363.0	0.000239107
5364.0	0.000239443
5365.0	0.000239775
5366.0	0.000240107
5367.0	0.000240439
5368.0	0.000240772
5369.0	0.000241104
5370.0	0.000241432
5371.0	0.000241745
5372.0	0.000242059
5373.0	0.000242373
5374.0	0.000242686
5375.0	0.000242995
5376.0	0.000243305
5377.0	0.000243615
5378.0	0.000243924
5379.0	0.000244234
5380.0	0.00024454
5381.0	0.000244857
5382.0	0.000245174
5383.0	0.000245492
5384.0	0.000245809
5385.0	0.000246123
5386.0	0.000246436
5387.0	0.00024675
5388.0	0.000247065
5389.0	0.000247379
5390.0	0.000247689
5391.0	0.000247988
5392.0	0.000248285
5393.0	0.000248584
5394.0	0.000248882
5395.0	0.000249177
5396.0	0.000249472
5397.0	0.000249766
5398.0	0.000250061
5399.0	0.000250355
5400.0	0.000250647
5401.0	0.000250959
5402.0	0.000251272
5403.0	0.000251584
5404.0	0.000251897
5405.0	0.000252206
5406.0	0.000252515
5407.0	0.000252825
5408.0	0.000253133
5409.0	0.000253443
5410.0	0.000253749
5411.0	0.000254049
5412.0	0.00025435
5413.0	0.000254651
5414.0	0.000254952
5415.0	0.00025525
5416.0	0.000255547
5417.0	0.000255844
5418.0	0.000256142
5419.0	0.000256439
5420.0	0.000256734
5421.0	0.000257012
5422.0	0.000257292
5423.0	0.000257571
5424.0	0.00025785
5425.0	0.000258126
5426.0	0.000258401
5427.0	0.000258678
5428.0	0.000258953
5429.0	0.000259229
5430.0	0.000259502
5431.0	0.00025979
5432.0	0.000260078
5433.0	0.000260366
5434.0	0.000260654
5435.0	0.000260939
5436.0	0.000261223
5437.0	0.000261509
5438.0	0.000261794
5439.0	0.000262079
5440.0	0.000262361
5441.0	0.000262631
5442.0	0.000262901
5443.0	0.000263171
5444.0	0.00026344
5445.0	0.000263708
5446.0	0.000263975
5447.0	0.000264242
5448.0	0.000264509
5449.0	0.000264776
5450.0	0.000265041
5451.0	0.000265317
5452.0	0.000265592
5453.0	0.000265868
5454.0	0.000266144
5455.0	0.000266417
5456.0	0.000266691
5457.0	0.000266964
5458.0	0.000267238
5459.0	0.000267511
5460.0	0.000267782
5461.0	0.000268038
5462.0	0.000268293
5463.0	0.000268549
5464.0	0.000268804
5465.0	0.000269057
5466.0	0.00026931
5467.0	0.000269564
5468.0	0.000269816
5469.0	0.00027007
5470.0	0.00027032
5471.0	0.000270594
5472.0	0.000270867
5473.0	0.00027114
5474.0	0.000271413
5475.0	0.000271684
5476.0	0.000271955
5477.0	0.000272226
5478.0	0.000272497
5479.0	0.000272769
5480.0	0.000273039
5481.0	0.000273279
5482.0	0.000273519
5483.0	0.00027376
5484.0	0.000273999
5485.0	0.000274238
5486.0	0.000274476
5487.0	0.000274715
5488.0	0.000274954
5489.0	0.000275192
5490.0	0.000275428
5491.0	0.000275665
5492.0	0.000275901
5493.0	0.000276138
5494.0	0.000276374
5495.0	0.000276609
5496.0	0.000276844
5497.0	0.000277079
5498.0	0.000277313
5499.0	0.000277548
5500.0	0.000277782
5501.0	0.000278055
5502.0	0.000278327
5503.0	0.0002786
5504.0	0.000278872
5505.0	0.000279145
5506.0	0.000279416
5507.0	0.000279688
5508.0	0.00027996
5509.0	0.000280232
5510.0	0.000280503
5511.0	0.000280727
5512.0	0.000280949
5513.0	0.000281171
5514.0	0.000281394
5515.0	0.000281616
5516.0	0.000281838
5517.0	0.00028206
5518.0	0.000282282
5519.0	0.000282504
5520.0	0.000282726
5521.0	0.000282968
5522.0	0.00028321
5523.0	0.000283452
5524.0	0.000283695
5525.0	0.000283937
5526.0	0.000284179
5527.0	0.000284421
5528.0	0.000284663
5529.0	0.000284906
5530.0	0.000285148
5531.0	0.000285389
5532.0	0.000285629
5533.0	0.00028587
5534.0	0.00028611
5535.0	0.00028635
5536.0	0.000286591
5537.0	0.000286832
5538.0	0.000287073
5539.0	0.000287313
5540.0	0.000287555
5541.0	0.000287778
5542.0	0.000288002
5543.0	0.000288225
5544.0	0.000288449
5545.0	0.000288673
5546.0	0.000288897
5547.0	0.000289121
5548.0	0.000289345
5549.0	0.000289569
5550.0	0.000289795
5551.0	0.000290062
5552.0	0.000290329
5553.0	0.000290597
5554.0	0.000290863
5555.0	0.000291133
5556.0	0.000291402
5557.0	0.000291671
5558.0	0.00029194
5559.0	0.00029221
5560.0	0.00029248
5561.0	0.000292719
5562.0	0.000292958
5563.0	0.000293197
5564.0	0.000293436
5565.0	0.000293678
5566.0	0.000293918
5567.0	0.00029416
5568.0	0.0002944
5569.0	0.000294641
5570.0	0.000294885
5571.0	0.000295106
5572.0	0.000295326
5573.0	0.000295547
5574.0	0.000295767
5575.0	0.00029599
5576.0	0.000296214
5577.0	0.000296437
5578.0	0.00029666
5579.0	0.000296883
5580.0	0.000297109
5581.0	0.000297362
5582.0	0.000297614
5583.0	0.000297867
5584.0	0.000298119
5585.0	0.000298375
5586.0	0.000298631
5587.0	0.000298887
5588.0	0.000299143
5589.0	0.000299399
5590.0	0.000299659
5591.0	0.000299942
5592.0	0.000300225
5593.0	0.000300509
5594.0	0.000300792
5595.0	0.00030108
5596.0	0.000301368
5597.0	0.000301656
5598.0	0.000301944
5599.0	0.000302232
5600.0	0.000302525
5601.0	0.000302813
5602.0	0.000303101
5603.0	0.000303388
5604.0	0.000303676
5605.0	0.00030397
5606.0	0.000304263
5607.0	0.000304557
5608.0	0.00030485
5609.0	0.000305144
5610.0	0.000305443
5611.0	0.000305755
5612.0	0.000306067
5613.0	0.000306379
5614.0	0.000306691
5615.0	0.00030701
5616.0	0.000307329
5617.0	0.000307647
5618.0	0.000307967
5619.0	0.000308285
5620.0	0.000308612
5621.0	0.000308904
5622.0	0.000309197
5623.0	0.000309489
5624.0	0.000309782
5625.0	0.000310082
5626.0	0.000310383
5627.0	0.000310684
5628.0	0.000310985
5629.0	0.000311286
5630.0	0.000311595
5631.0	0.000311918
5632.0	0.000312242
5633.0	0.000312566
5634.0	0.00031289
5635.0	0.000313223
5636.0	0.000313557
5637.0	0.000313891
5638.0	0.000314224
5639.0	0.000314557
5640.0	0.000314902
5641.0	0.000315254
5642.0	0.000315607
5643.0	0.000315961
5644.0	0.000316314
5645.0	0.000316678
5646.0	0.000317043
5647.0	0.000317407
5648.0	0.000317772
5649.0	0.000318136
5650.0	0.000318513
5651.0	0.000318879
5652.0	0.000319246
5653.0	0.000319612
5654.0	0.000319979
5655.0	0.000320358
5656.0	0.000320738
5657.0	0.000321118
5658.0	0.000321497
5659.0	0.000321878
5660.0	0.000322272
5661.0	0.000322674
5662.0	0.000323076
5663.0	0.00032348
5664.0	0.000323882
5665.0	0.000324301
5666.0	0.000324719
5667.0	0.000325137
5668.0	0.000325556
5669.0	0.000325974
5670.0	0.000326409
5671.0	0.000326857
5672.0	0.000327306
5673.0	0.000327756
5674.0	0.000328205
5675.0	0.000328672
5676.0	0.000329138
5677.0	0.000329606
5678.0	0.000330073
5679.0	0.000330541
5680.0	0.000331027
5681.0	0.000331523
5682.0	0.000332018
5683.0	0.000332514
5684.0	0.00033301
5685.0	0.000333526
5686.0	0.000334043
5687.0	0.00033456
5688.0	0.000335077
5689.0	0.000335594
5690.0	0.000336133
5691.0	0.000336645
5692.0	0.000337157
5693.0	0.00033767
5694.0	0.000338183
5695.0	0.00033872
5696.0	0.000339256
5697.0	0.000339792
5698.0	0.000340329
5699.0	0.000340865
5700.0	0.000341427
5701.0	0.000342018
5702.0	0.000342609
5703.0	0.0003432
5704.0	0.000343791
5705.0	0.000344409
5706.0	0.000345027
5707.0	0.000345647
5708.0	0.000346265
5709.0	0.000346884
5710.0	0.000347533
5711.0	0.000348159
5712.0	0.000348784
5713.0	0.00034941
5714.0	0.000350036
5715.0	0.000350693
5716.0	0.000351352
5717.0	0.000352009
5718.0	0.000352667
5719.0	0.000353326
5720.0	0.000354018
5721.0	0.000354654
5722.0	0.000355291
5723.0	0.000355928
5724.0	0.000356564
5725.0	0.000357236
5726.0	0.000357909
5727.0	0.000358582
5728.0	0.000359255
5729.0	0.000359928
5730.0	0.000360638
5731.0	0.000361426
5732.0	0.000362214
5733.0	0.000363003
5734.0	0.000363791
5735.0	0.000364622
5736.0	0.000365453
5737.0	0.000366283
5738.0	0.000367116
5739.0	0.000367948
5740.0	0.000368824
5741.0	0.000369631
5742.0	0.00037044
5743.0	0.000371247
5744.0	0.000372055
5745.0	0.000372911
5746.0	0.000373767
5747.0	0.000374622
5748.0	0.000375479
5749.0	0.000376335
5750.0	0.000377242
5751.0	0.000378246
5752.0	0.000379251
5753.0	0.000380256
5754.0	0.000381261
5755.0	0.000382323
5756.0	0.000383385
5757.0	0.000384448
5758.0	0.000385511
5759.0	0.000386574
5760.0	0.000387699
5761.0	0.00038873
5762.0	0.000389763
5763.0	0.000390797
5764.0	0.000391829
5765.0	0.000392926
5766.0	0.000394022
5767.0	0.00039512
5768.0	0.000396218
5769.0	0.000397315
5770.0	0.000398481
5771.0	0.000399724
5772.0	0.000400968
5773.0	0.000402213
5774.0	0.000403458
5775.0	0.000404777
5776.0	0.000406098
5777.0	0.000407418
5778.0	0.00040874
5779.0	0.000410063
5780.0	0.000411465
5781.0	0.000412816
5782.0	0.000414165
5783.0	0.000415517
5784.0	0.000416867
5785.0	0.000418305
5786.0	0.000419743
5787.0	0.00042118
5788.0	0.000422618
5789.0	0.000424057
5790.0	0.000425588
5791.0	0.000427151
5792.0	0.000428714
5793.0	0.000430278
5794.0	0.000431843
5795.0	0.000433507
5796.0	0.000435172
5797.0	0.000436838
5798.0	0.000438505
5799.0	0.000440172
5800.0	0.000441947
5801.0	0.000443657
5802.0	0.000445367
5803.0	0.000447077
5804.0	0.000448787
5805.0	0.000450613
5806.0	0.000452439
5807.0	0.000454266
5808.0	0.000456093
5809.0	0.00045792
5810.0	0.000459872
5811.0	0.00046191
5812.0	0.000463947
5813.0	0.000465987
5814.0	0.000468026
5815.0	0.000470202
5816.0	0.00047238
5817.0	0.000474558
5818.0	0.000476737
5819.0	0.000478917
5820.0	0.000481245
5821.0	0.000483556
5822.0	0.000485868
5823.0	0.000488181
5824.0	0.000490497
5825.0	0.00049297
5826.0	0.000495443
5827.0	0.000497919
5828.0	0.000500394
5829.0	0.000502872
5830.0	0.000505522
5831.0	0.000508119
5832.0	0.000510719
5833.0	0.000513318
5834.0	0.000515919
5835.0	0.000518704
5836.0	0.000521492
5837.0	0.000524277
5838.0	0.000527065
5839.0	0.000529854
5840.0	0.000532843
5841.0	0.000535859
5842.0	0.000538877
5843.0	0.000541896
5844.0	0.000544916
5845.0	0.000548154
5846.0	0.000551392
5847.0	0.000554632
5848.0	0.000557874
5849.0	0.000561116
5850.0	0.000564595
5851.0	0.000568036
5852.0	0.000571478
5853.0	0.00057492
5854.0	0.000578364
5855.0	0.000582062
5856.0	0.000585762
5857.0	0.000589463
5858.0	0.000593164
5859.0	0.000596867
5860.0	0.000600847
5861.0	0.000604913
5862.0	0.000608982
5863.0	0.000613053
5864.0	0.000617125
5865.0	0.000621501
5866.0	0.00062588
5867.0	0.000630259
5868.0	0.00063464
5869.0	0.000639024
5870.0	0.000643739
5871.0	0.000648356
5872.0	0.000652974
5873.0	0.000657593
5874.0	0.000662213
5875.0	0.000667189
5876.0	0.000672168
5877.0	0.000677146
5878.0	0.000682126
5879.0	0.000687106
5880.0	0.000692475
5881.0	0.000697925
5882.0	0.000703376
5883.0	0.000708829
5884.0	0.000714284
5885.0	0.000720165
5886.0	0.000726048
5887.0	0.000731933
5888.0	0.00073782
5889.0	0.00074371
5890.0	0.000750063
5891.0	0.000756449
5892.0	0.000762838
5893.0	0.000769231
5894.0	0.000775626
5895.0	0.000782527
5896.0	0.000789431
5897.0	0.00079634
5898.0	0.000803251
5899.0	0.000810164
5900.0	0.000817632
5901.0	0.000825013
5902.0	0.000832392
5903.0	0.000839777
5904.0	0.000847162
5905.0	0.000855149
5906.0	0.000863138
5907.0	0.00087113
5908.0	0.000879122
5909.0	0.00088712
5910.0	0.000895773
5911.0	0.000904391
5912.0	0.000913013
5913.0	0.000921633
5914.0	0.000930256
5915.0	0.000939601
5916.0	0.000948944
5917.0	0.00095829
5918.0	0.000967638
5919.0	0.000976987
5920.0	0.000987124
5921.0	0.000997415
5922.0	0.00100771
5923.0	0.00101801
5924.0	0.00102831
5925.0	0.00103948
5926.0	0.00105066
5927.0	0.00106184
5928.0	0.00107303
5929.0	0.00108422
5930.0	0.00109636
5931.0	0.00110844
5932.0	0.00112052
5933.0	0.0011326
5934.0	0.00114469
5935.0	0.00115782
5936.0	0.00117096
5937.0	0.0011841
5938.0	0.00119724
5939.0	0.00121039
5940.0	0.00122468
5941.0	0.00123895
5942.0	0.00125321
5943.0	0.00126749
5944.0	0.00128177
5945.0	0.0012973
5946.0	0.00131284
5947.0	0.00132838
5948.0	0.00134393
5949.0	0.00135948
5950.0	0.00137642
5951.0	0.00139341
5952.0	0.00141042
5953.0	0.00142743
5954.0	0.00144445
5955.0	0.00146299
5956.0	0.00148154
5957.0	0.00150009
5958.0	0.00151866
5959.0	0.00153723
5960.0	0.00155748
5961.0	0.00157784
5962.0	0.00159821
5963.0	0.00161859
5964.0	0.00163898
5965.0	0.00166123
5966.0	0.00168349
5967.0	0.00170576
5968.0	0.00172804
5969.0	0.00175034
5970.0	0.00177468
5971.0	0.00179886
5972.0	0.00182305
5973.0	0.00184724
5974.0	0.00187144
5975.0	0.00189791
5976.0	0.00192437
5977.0	0.00195085
5978.0	0.00197734
5979.0	0.00200384
5980.0	0.00203283
5981.0	0.00206174
5982.0	0.00209067
5983.0	0.00211959
5984.0	0.00214853
5985.0	0.00218022
5986.0	0.00221192
5987.0	0.00224363
5988.0	0.00227535
5989.0	0.00230707
5990.0	0.00234186
5991.0	0.00237678
5992.0	0.00241172
5993.0	0.00244667
5994.0	0.00248162
5995.0	0.00251999
5996.0	0.00255835
5997.0	0.00259674
5998.0	0.00263514
5999.0	0.00267354
6000.0	0.00271573
6001.0	0.00275789
6002.0	0.00280007
6003.0	0.00284227
6004.0	0.00288447
6005.0	0.00293087
6006.0	0.00297728
6007.0	0.00302371
6008.0	0.00307015
6009.0	0.00311659
6010.0	0.00316771
6011.0	0.00321863
6012.0	0.00326955
6013.0	0.0033205
6014.0	0.00337144
6015.0	0.00342757
6016.0	0.00348371
6017.0	0.00353986
6018.0	0.00359601
6019.0	0.00365217
6020.0	0.00371411
6021.0	0.00377643
6022.0	0.00383877
6023.0	0.00390113
6024.0	0.00396351
6025.0	0.00403234
6026.0	0.0041012
6027.0	0.00417009
6028.0	0.004239
6029.0	0.00430793
6030.0	0.00438407
6031.0	0.0044605
6032.0	0.00453699
6033.0	0.00461351
6034.0	0.00469007
6035.0	0.00477468
6036.0	0.00485933
6037.0	0.00494403
6038.0	0.00502876
6039.0	0.00511355
6040.0	0.00520733
6041.0	0.00530031
6042.0	0.00539333
6043.0	0.00548636
6044.0	0.00557939
6045.0	0.00568248
6046.0	0.00578559
6047.0	0.00588872
6048.0	0.00599186
6049.0	0.00609503
6050.0	0.00620944
6051.0	0.00632421
6052.0	0.00643903
6053.0	0.00655388
6054.0	0.00666875
6055.0	0.00679627
6056.0	0.0069238
6057.0	0.00705137
6058.0	0.00717899
6059.0	0.00730664
6060.0	0.00744844
6061.0	0.00759047
6062.0	0.00773251
6063.0	0.00787463
6064.0	0.00801678
6065.0	0.00817483
6066.0	0.00833294
6067.0	0.00849109
6068.0	0.00864932
6069.0	0.00880758
6070.0	0.00898371
6071.0	0.00915936
6072.0	0.00933504
6073.0	0.00951078
6074.0	0.00968653
6075.0	0.00988237
6076.0	0.0100782
6077.0	0.0102741
6078.0	0.0104701
6079.0	0.0106661
6080.0	0.0108846
6081.0	0.011104
6082.0	0.0113235
6083.0	0.0115431
6084.0	0.0117627
6085.0	0.0120078
6086.0	0.0122529
6087.0	0.0124981
6088.0	0.0127434
6089.0	0.0129888
6090.0	0.0132628
6091.0	0.0135363
6092.0	0.0138098
6093.0	0.0140834
6094.0	0.0143572
6095.0	0.014663
6096.0	0.0149689
6097.0	0.0152749
6098.0	0.0155809
6099.0	0.0158871
6100.0	0.0162294
6101.0	0.0165715
6102.0	0.0169138
6103.0	0.0172561
6104.0	0.0175985
6105.0	0.0179815
6106.0	0.0183646
6107.0	0.0187478
6108.0	0.0191311
6109.0	0.0195145
6110.0	0.0199436
6111.0	0.0203749
6112.0	0.0208063
6113.0	0.0212379
6114.0	0.0216696
6115.0	0.0221528
6116.0	0.0226362
6117.0	0.0231198
6118.0	0.0236037
6119.0	0.0240877
6120.0	0.0246295
6121.0	0.0251697
6122.0	0.0257101
6123.0	0.0262506
6124.0	0.0267913
6125.0	0.0273966
6126.0	0.028002
6127.0	0.0286077
6128.0	0.0292135
6129.0	0.0298195
6130.0	0.0304977
6131.0	0.0311766
6132.0	0.0318557
6133.0	0.032535
6134.0	0.0332146
6135.0	0.0339746
6136.0	0.034735
6137.0	0.0354956
6138.0	0.0362564
6139.0	0.0370175
6140.0	0.0378682
6141.0	0.0387196
6142.0	0.0395713
6143.0	0.0404233
6144.0	0.0412756
6145.0	0.0422271
6146.0	0.0431789
6147.0	0.044131
6148.0	0.0450835
6149.0	0.0460364
6150.0	0.0470986
6151.0	0.0481576
6152.0	0.0492169
6153.0	0.0502763
6154.0	0.0513361
6155.0	0.0525153
6156.0	0.0536948
6157.0	0.0548746
6158.0	0.0560546
6159.0	0.0572349
6160.0	0.0585453
6161.0	0.0598615
6162.0	0.0611784
6163.0	0.0624959
6164.0	0.0638139
6165.0	0.0652724
6166.0	0.0667315
6167.0	0.0681911
6168.0	0.0696514
6169.0	0.0711123
6170.0	0.0727234
6171.0	0.0743338
6172.0	0.0759447
6173.0	0.0775562
6174.0	0.0791684
6175.0	0.0809389
6176.0	0.08271
6177.0	0.0844819
6178.0	0.0862544
6179.0	0.0880275
6180.0	0.0899653
6181.0	0.0919021
6182.0	0.0938396
6183.0	0.0957778
6184.0	0.0977164
6185.0	0.0998234
6186.0	0.101931
6187.0	0.10404
6188.0	0.106148
6189.0	0.108258
6190.0	0.110536
6191.0	0.112817
6192.0	0.1151
6193.0	0.117383
6194.0	0.119667
6195.0	0.122115
6196.0	0.124564
6197.0	0.127014
6198.0	0.129464
6199.0	0.131916
6200.0	0.134521
6201.0	0.137111
6202.0	0.139701
6203.0	0.142291
6204.0	0.144882
6205.0	0.147611
6206.0	0.150339
6207.0	0.153068
6208.0	0.155798
6209.0	0.158528
6210.0	0.161373
6211.0	0.164221
6212.0	0.167067
6213.0	0.169915
6214.0	0.172763
6215.0	0.175699
6216.0	0.178636
6217.0	0.181573
6218.0	0.18451
6219.0	0.187448
6220.0	0.190441
6221.0	0.193454
6222.0	0.196468
6223.0	0.199484
6224.0	0.202499
6225.0	0.205535
6226.0	0.208571
6227.0	0.211607
6228.0	0.214645
6229.0	0.217684
6230.0	0.220702
6231.0	0.223699
6232.0	0.226696
6233.0	0.229693
6234.0	0.232691
6235.0	0.235627
6236.0	0.238563
6237.0	0.2415
6238.0	0.244437
6239.0	0.247375
6240.0	0.250212
6241.0	0.253063
6242.0	0.255915
6243.0	0.258767
6244.0	0.261619
6245.0	0.264338
6246.0	0.267056
6247.0	0.269775
6248.0	0.272496
6249.0	0.275215
6250.0	0.277772
6251.0	0.280322
6252.0	0.282872
6253.0	0.285423
6254.0	0.287974
6255.0	0.290338
6256.0	0.292702
6257.0	0.295067
6258.0	0.297431
6259.0	0.299797
6260.0	0.301959
6261.0	0.304132
6262.0	0.306304
6263.0	0.308476
6264.0	0.310649
6265.0	0.312611
6266.0	0.314574
6267.0	0.316537
6268.0	0.3185
6269.0	0.320465
6270.0	0.322217
6271.0	0.323992
6272.0	0.325768
6273.0	0.327546
6274.0	0.329324
6275.0	0.330894
6276.0	0.332464
6277.0	0.334036
6278.0	0.335608
6279.0	0.337181
6280.0	0.338555
6281.0	0.339885
6282.0	0.341215
6283.0	0.342545
6284.0	0.343875
6285.0	0.34502
6286.0	0.346165
6287.0	0.347311
6288.0	0.348456
6289.0	0.349602
6290.0	0.350578
6291.0	0.351565
6292.0	0.352552
6293.0	0.353539
6294.0	0.354527
6295.0	0.355362
6296.0	0.356197
6297.0	0.357032
6298.0	0.357867
6299.0	0.358703
6300.0	0.359404
6301.0	0.3601
6302.0	0.360798
6303.0	0.361495
6304.0	0.362192
6305.0	0.362773
6306.0	0.363352
6307.0	0.363932
6308.0	0.364512
6309.0	0.365092
6310.0	0.365571
6311.0	0.366075
6312.0	0.36658
6313.0	0.367084
6314.0	0.367589
6315.0	0.368007
6316.0	0.368427
6317.0	0.368844
6318.0	0.369264
6319.0	0.369683
6320.0	0.370029
6321.0	0.370375
6322.0	0.370721
6323.0	0.371067
6324.0	0.371413
6325.0	0.371699
6326.0	0.371985
6327.0	0.372271
6328.0	0.372557
6329.0	0.372844
6330.0	0.37308
6331.0	0.373324
6332.0	0.373567
6333.0	0.37381
6334.0	0.374054
6335.0	0.374256
6336.0	0.374459
6337.0	0.374662
6338.0	0.374865
6339.0	0.375068
6340.0	0.375239
6341.0	0.375354
6342.0	0.375471
6343.0	0.375587
6344.0	0.375704
6345.0	0.375793
6346.0	0.375883
6347.0	0.375974
6348.0	0.376064
6349.0	0.376154
6350.0	0.376224
6351.0	0.376337
6352.0	0.37645
6353.0	0.376563
6354.0	0.376676
6355.0	0.376774
6356.0	0.376871
6357.0	0.376969
6358.0	0.377065
6359.0	0.377163
6360.0	0.377247
6361.0	0.377311
6362.0	0.377373
6363.0	0.377437
6364.0	0.3775
6365.0	0.377554
6366.0	0.377608
6367.0	0.377662
6368.0	0.377715
6369.0	0.377769
6370.0	0.377815
6371.0	0.377909
6372.0	0.378003
6373.0	0.378097
6374.0	0.37819
6375.0	0.378279
6376.0	0.378368
6377.0	0.378456
6378.0	0.378544
6379.0	0.378633
6380.0	0.378718
6381.0	0.37878
6382.0	0.378842
6383.0	0.378905
6384.0	0.378968
6385.0	0.379027
6386.0	0.379087
6387.0	0.379147
6388.0	0.379207
6389.0	0.379267
6390.0	0.379324
6391.0	0.379357
6392.0	0.379388
6393.0	0.379421
6394.0	0.379452
6395.0	0.379482
6396.0	0.379512
6397.0	0.379543
6398.0	0.379574
6399.0	0.379603
6400.0	0.379634
6401.0	0.379667
6402.0	0.379702
6403.0	0.379736
6404.0	0.37977
6405.0	0.379804
6406.0	0.379837
6407.0	0.379871
6408.0	0.379905
6409.0	0.379937
6410.0	0.379971
6411.0	0.380029
6412.0	0.380088
6413.0	0.380147
6414.0	0.380206
6415.0	0.380265
6416.0	0.380323
6417.0	0.380382
6418.0	0.38044
6419.0	0.380498
6420.0	0.380556
6421.0	0.380558
6422.0	0.380558
6423.0	0.380559
6424.0	0.38056
6425.0	0.380562
6426.0	0.380561
6427.0	0.380562
6428.0	0.380563
6429.0	0.380564
6430.0	0.380564
6431.0	0.380582
6432.0	0.3806
6433.0	0.380617
6434.0	0.380636
6435.0	0.380653
6436.0	0.380671
6437.0	0.380689
6438.0	0.380707
6439.0	0.380725
6440.0	0.380743
6441.0	0.380767
6442.0	0.38079
6443.0	0.380814
6444.0	0.380838
6445.0	0.38086
6446.0	0.380885
6447.0	0.380908
6448.0	0.38093
6449.0	0.380954
6450.0	0.380978
6451.0	0.381009
6452.0	0.381041
6453.0	0.381073
6454.0	0.381103
6455.0	0.381136
6456.0	0.381167
6457.0	0.381199
6458.0	0.38123
6459.0	0.381262
6460.0	0.381293
6461.0	0.381277
6462.0	0.381261
6463.0	0.381245
6464.0	0.381228
6465.0	0.381211
6466.0	0.381195
6467.0	0.381178
6468.0	0.381161
6469.0	0.381145
6470.0	0.381128
6471.0	0.381165
6472.0	0.381203
6473.0	0.381238
6474.0	0.381275
6475.0	0.381312
6476.0	0.381349
6477.0	0.381385
6478.0	0.381422
6479.0	0.381458
6480.0	0.381495
6481.0	0.381488
6482.0	0.381483
6483.0	0.381476
6484.0	0.381469
6485.0	0.381463
6486.0	0.381457
6487.0	0.38145
6488.0	0.381444
6489.0	0.381438
6490.0	0.381431
6491.0	0.381448
6492.0	0.381465
6493.0	0.38148
6494.0	0.381498
6495.0	0.381514
6496.0	0.381531
6497.0	0.381547
6498.0	0.381563
6499.0	0.38158
6500.0	0.381596
6501.0	0.381633
6502.0	0.381669
6503.0	0.381705
6504.0	0.381742
6505.0	0.381778
6506.0	0.381814
6507.0	0.381851
6508.0	0.381887
6509.0	0.381923
6510.0	0.381959
6511.0	0.381969
6512.0	0.381979
6513.0	0.38199
6514.0	0.381999
6515.0	0.38201
6516.0	0.382019
6517.0	0.38203
6518.0	0.382039
6519.0	0.382049
6520.0	0.382059
6521.0	0.382044
6522.0	0.382028
6523.0	0.382012
6524.0	0.381996
6525.0	0.38198
6526.0	0.381964
6527.0	0.381948
6528.0	0.381932
6529.0	0.381915
6530.0	0.381899
6531.0	0.381903
6532.0	0.381906
6533.0	0.381909
6534.0	0.381912
6535.0	0.381914
6536.0	0.381916
6537.0	0.38192
6538.0	0.381923
6539.0	0.381925
6540.0	0.381927
6541.0	0.381994
6542.0	0.382061
6543.0	0.382128
6544.0	0.382194
6545.0	0.382261
6546.0	0.382326
6547.0	0.382392
6548.0	0.382458
6549.0	0.382524
6550.0	0.382587
6551.0	0.382576
6552.0	0.382562
6553.0	0.38255
6554.0	0.382537
6555.0	0.382522
6556.0	0.382506
6557.0	0.382492
6558.0	0.382477
6559.0	0.382462
6560.0	0.382443
6561.0	0.382473
6562.0	0.3825
6563.0	0.38253
6564.0	0.382558
6565.0	0.382582
6566.0	0.382606
6567.0	0.38263
6568.0	0.382654
6569.0	0.382678
6570.0	0.382696
6571.0	0.382669
6572.0	0.38264
6573.0	0.382613
6574.0	0.382585
6575.0	0.38255
6576.0	0.382514
6577.0	0.382478
6578.0	0.382442
6579.0	0.382406
6580.0	0.382359
6581.0	0.382337
6582.0	0.382314
6583.0	0.382293
6584.0	0.382271
6585.0	0.382234
6586.0	0.382198
6587.0	0.382161
6588.0	0.382124
6589.0	0.382087
6590.0	0.382032
6591.0	0.381968
6592.0	0.381904
6593.0	0.38184
6594.0	0.381775
6595.0	0.381688
6596.0	0.3816
6597.0	0.381511
6598.0	0.381423
6599.0	0.381335
6600.0	0.381216
6601.0	0.381117
6602.0	0.381017
6603.0	0.380917
6604.0	0.380816
6605.0	0.380679
6606.0	0.380541
6607.0	0.380404
6608.0	0.380265
6609.0	0.380127
6610.0	0.379943
6611.0	0.379727
6612.0	0.379512
6613.0	0.379297
6614.0	0.37908
6615.0	0.378808
6616.0	0.378537
6617.0	0.378264
6618.0	0.377991
6619.0	0.377719
6620.0	0.377378
6621.0	0.377044
6622.0	0.37671
6623.0	0.376376
6624.0	0.376042
6625.0	0.375626
6626.0	0.375209
6627.0	0.374793
6628.0	0.374376
6629.0	0.37396
6630.0	0.373447
6631.0	0.372943
6632.0	0.372438
6633.0	0.371933
6634.0	0.371429
6635.0	0.37081
6636.0	0.370192
6637.0	0.369574
6638.0	0.368956
6639.0	0.368338
6640.0	0.367589
6641.0	0.366834
6642.0	0.366079
6643.0	0.365324
6644.0	0.364569
6645.0	0.363666
6646.0	0.362762
6647.0	0.361857
6648.0	0.360954
6649.0	0.36005
6650.0	0.358979
6651.0	0.357891
6652.0	0.356801
6653.0	0.355712
6654.0	0.354624
6655.0	0.353352
6656.0	0.352079
6657.0	0.350807
6658.0	0.349535
6659.0	0.348263
6660.0	0.346793
6661.0	0.345369
6662.0	0.343944
6663.0	0.34252
6664.0	0.341094
6665.0	0.339459
6666.0	0.337823
6667.0	0.336187
6668.0	0.33455
6669.0	0.332913
6670.0	0.331059
6671.0	0.32915
6672.0	0.327241
6673.0	0.325334
6674.0	0.323426
6675.0	0.321299
6676.0	0.319173
6677.0	0.317047
6678.0	0.314921
6679.0	0.312796
6680.0	0.310458
6681.0	0.308165
6682.0	0.305872
6683.0	0.303578
6684.0	0.301284
6685.0	0.298789
6686.0	0.296293
6687.0	0.293797
6688.0	0.291301
6689.0	0.288804
6690.0	0.286126
6691.0	0.28343
6692.0	0.280733
6693.0	0.278036
6694.0	0.275339
6695.0	0.272489
6696.0	0.26964
6697.0	0.26679
6698.0	0.263941
6699.0	0.26109
6700.0	0.258121
6701.0	0.255137
6702.0	0.252152
6703.0	0.249169
6704.0	0.246185
6705.0	0.243121
6706.0	0.240058
6707.0	0.236994
6708.0	0.233932
6709.0	0.230869
6710.0	0.227767
6711.0	0.224699
6712.0	0.221629
6713.0	0.21856
6714.0	0.21549
6715.0	0.212421
6716.0	0.209351
6717.0	0.206281
6718.0	0.20321
6719.0	0.200138
6720.0	0.197107
6721.0	0.194059
6722.0	0.19101
6723.0	0.187961
6724.0	0.184912
6725.0	0.18194
6726.0	0.178969
6727.0	0.175997
6728.0	0.173025
6729.0	0.170053
6730.0	0.167189
6731.0	0.164312
6732.0	0.161436
6733.0	0.15856
6734.0	0.155684
6735.0	0.152942
6736.0	0.1502
6737.0	0.147459
6738.0	0.144718
6739.0	0.141977
6740.0	0.13939
6741.0	0.13681
6742.0	0.134229
6743.0	0.131649
6744.0	0.129069
6745.0	0.126654
6746.0	0.124239
6747.0	0.121824
6748.0	0.119409
6749.0	0.116994
6750.0	0.114752
6751.0	0.11252
6752.0	0.110288
6753.0	0.108056
6754.0	0.105823
6755.0	0.103764
6756.0	0.101705
6757.0	0.0996453
6758.0	0.0975855
6759.0	0.0955252
6760.0	0.093637
6761.0	0.0917293
6762.0	0.0898216
6763.0	0.0879147
6764.0	0.0860081
6765.0	0.0842691
6766.0	0.0825306
6767.0	0.0807924
6768.0	0.0790547
6769.0	0.0773172
6770.0	0.0757398
6771.0	0.0741741
6772.0	0.0726086
6773.0	0.0710429
6774.0	0.0694768
6775.0	0.0680611
6776.0	0.0666449
6777.0	0.0652289
6778.0	0.0638125
6779.0	0.0623961
6780.0	0.0611195
6781.0	0.0598419
6782.0	0.0585644
6783.0	0.0572867
6784.0	0.056009
6785.0	0.0548603
6786.0	0.0537114
6787.0	0.0525626
6788.0	0.0514136
6789.0	0.0502646
6790.0	0.0492337
6791.0	0.0482003
6792.0	0.0471669
6793.0	0.0461335
6794.0	0.0451002
6795.0	0.0441746
6796.0	0.0432489
6797.0	0.0423233
6798.0	0.0413978
6799.0	0.0404724
6800.0	0.0396443
6801.0	0.0388161
6802.0	0.0379879
6803.0	0.0371597
6804.0	0.0363317
6805.0	0.0355914
6806.0	0.0348512
6807.0	0.0341111
6808.0	0.033371
6809.0	0.032631
6810.0	0.0319699
6811.0	0.0313078
6812.0	0.0306458
6813.0	0.0299839
6814.0	0.0293222
6815.0	0.0287311
6816.0	0.0281401
6817.0	0.0275492
6818.0	0.0269583
6819.0	0.0263676
6820.0	0.0258401
6821.0	0.0253147
6822.0	0.0247893
6823.0	0.024264
6824.0	0.0237386
6825.0	0.0232695
6826.0	0.0228004
6827.0	0.0223313
6828.0	0.0218622
6829.0	0.021393
6830.0	0.0209741
6831.0	0.0205546
6832.0	0.0201352
6833.0	0.0197158
6834.0	0.0192964
6835.0	0.0189217
6836.0	0.0185471
6837.0	0.0181724
6838.0	0.0177977
6839.0	0.017423
6840.0	0.0170882
6841.0	0.0167518
6842.0	0.0164154
6843.0	0.0160792
6844.0	0.015743
6845.0	0.0154422
6846.0	0.0151415
6847.0	0.0148408
6848.0	0.0145403
6849.0	0.0142398
6850.0	0.0139707
6851.0	0.0137028
6852.0	0.0134349
6853.0	0.013167
6854.0	0.0128991
6855.0	0.0126592
6856.0	0.0124193
6857.0	0.0121794
6858.0	0.0119396
6859.0	0.0116997
6860.0	0.0114847
6861.0	0.0112704
6862.0	0.0110561
6863.0	0.0108418
6864.0	0.0106275
6865.0	0.0104353
6866.0	0.0102431
6867.0	0.0100509
6868.0	0.0098586
6869.0	0.00966632
6870.0	0.00949374
6871.0	0.00932045
6872.0	0.00914714
6873.0	0.00897387
6874.0	0.00880062
6875.0	0.00864491
6876.0	0.00848924
6877.0	0.00833355
6878.0	0.00817789
6879.0	0.00802221
6880.0	0.00788221
6881.0	0.00774243
6882.0	0.00760263
6883.0	0.00746285
6884.0	0.00732305
6885.0	0.00719722
6886.0	0.00707139
6887.0	0.00694556
6888.0	0.00681971
6889.0	0.00669388
6890.0	0.00658051
6891.0	0.00646677
6892.0	0.00635303
6893.0	0.00623932
6894.0	0.00612561
6895.0	0.00602304
6896.0	0.00592048
6897.0	0.00581794
6898.0	0.0057154
6899.0	0.00561288
6900.0	0.00552031
6901.0	0.00542789
6902.0	0.00533546
6903.0	0.00524305
6904.0	0.00515063
6905.0	0.00506713
6906.0	0.00498361
6907.0	0.00490012
6908.0	0.00481663
6909.0	0.00473314
6910.0	0.00465762
6911.0	0.00458279
6912.0	0.00450792
6913.0	0.00443305
6914.0	0.00435816
6915.0	0.00429038
6916.0	0.00422259
6917.0	0.00415479
6918.0	0.00408697
6919.0	0.00401913
6920.0	0.00395768
6921.0	0.0038956
6922.0	0.00383351
6923.0	0.00377143
6924.0	0.00370936
6925.0	0.00365304
6926.0	0.00359674
6927.0	0.00354043
6928.0	0.00348412
6929.0	0.00342784
6930.0	0.00337671
6931.0	0.00332547
6932.0	0.00327424
6933.0	0.00322301
6934.0	0.00317179
6935.0	0.00312523
6936.0	0.00307867
6937.0	0.00303213
6938.0	0.00298558
6939.0	0.00293905
6940.0	0.00289671
6941.0	0.00285472
6942.0	0.00281273
6943.0	0.00277074
6944.0	0.00272874
6945.0	0.0026905
6946.0	0.00265227
6947.0	0.00261404
6948.0	0.00257579
6949.0	0.00253755
6950.0	0.0025027
6951.0	0.00246745
6952.0	0.0024322
6953.0	0.00239696
6954.0	0.00236173
6955.0	0.00232958
6956.0	0.00229743
6957.0	0.0022653
6958.0	0.00223318
6959.0	0.00220107
6960.0	0.00217173
6961.0	0.00214245
6962.0	0.00211318
6963.0	0.00208392
6964.0	0.00205466
6965.0	0.00202792
6966.0	0.00200118
6967.0	0.00197445
6968.0	0.00194772
6969.0	0.001921
6970.0	0.00189655
6971.0	0.00187226
6972.0	0.00184797
6973.0	0.00182369
6974.0	0.00179941
6975.0	0.00177718
6976.0	0.00175495
6977.0	0.00173272
6978.0	0.0017105
6979.0	0.00168827
6980.0	0.00166791
6981.0	0.00164773
6982.0	0.00162754
6983.0	0.00160735
6984.0	0.00158716
6985.0	0.00156865
6986.0	0.00155014
6987.0	0.00153163
6988.0	0.00151311
6989.0	0.0014946
6990.0	0.00147761
6991.0	0.00146051
6992.0	0.00144341
6993.0	0.0014263
6994.0	0.00140921
6995.0	0.0013935
6996.0	0.0013778
6997.0	0.00136209
6998.0	0.00134639
6999.0	0.00133069
7000.0	0.00131626
7001.0	0.00130168
7002.0	0.0012871
7003.0	0.00127253
7004.0	0.00125797
7005.0	0.00124456
7006.0	0.00123116
7007.0	0.00121776
7008.0	0.00120436
7009.0	0.00119097
7010.0	0.00117863
7011.0	0.00116635
7012.0	0.00115408
7013.0	0.00114181
7014.0	0.00112954
7015.0	0.00111823
7016.0	0.00110693
7017.0	0.00109562
7018.0	0.00108432
7019.0	0.00107302
7020.0	0.0010626
7021.0	0.00105223
7022.0	0.00104186
7023.0	0.00103149
7024.0	0.00102112
7025.0	0.00101155
7026.0	0.00100199
7027.0	0.000992422
7028.0	0.00098286
7029.0	0.000973295
7030.0	0.000964465
7031.0	0.000955633
7032.0	0.000946802
7033.0	0.000937971
7034.0	0.000929142
7035.0	0.000920982
7036.0	0.000912825
7037.0	0.000904664
7038.0	0.000896508
7039.0	0.000888352
7040.0	0.000880809
7041.0	0.000873209
7042.0	0.000865612
7043.0	0.000858016
7044.0	0.000850421
7045.0	0.00084339
7046.0	0.000836359
7047.0	0.000829332
7048.0	0.000822304
7049.0	0.00081528
7050.0	0.00080877
7051.0	0.000802286
7052.0	0.000795805
7053.0	0.000789323
7054.0	0.000782842
7055.0	0.000776837
7056.0	0.00077083
7057.0	0.000764826
7058.0	0.000758821
7059.0	0.000752818
7060.0	0.00074725
7061.0	0.000741623
7062.0	0.000735995
7063.0	0.000730372
7064.0	0.000724749
7065.0	0.000719528
7066.0	0.000714307
7067.0	0.000709088
7068.0	0.000703871
7069.0	0.000698654
7070.0	0.000693806
7071.0	0.000689041
7072.0	0.000684277
7073.0	0.000679513
7074.0	0.000674749
7075.0	0.000670322
7076.0	0.000665897
7077.0	0.00066147
7078.0	0.000657045
7079.0	0.00065262
7080.0	0.000648505
7081.0	0.000644389
7082.0	0.000640274
7083.0	0.00063616
7084.0	0.000632044
7085.0	0.000628215
7086.0	0.000624387
7087.0	0.00062056
7088.0	0.000616731
7089.0	0.000612905
7090.0	0.00060934
7091.0	0.000605703
7092.0	0.000602068
7093.0	0.000598434
7094.0	0.0005948
7095.0	0.000591411
7096.0	0.000588023
7097.0	0.000584636
7098.0	0.000581249
7099.0	0.000577864
7100.0	0.000574703
7101.0	0.000571568
7102.0	0.000568433
7103.0	0.0005653
7104.0	0.000562167
7105.0	0.00055924
7106.0	0.000556315
7107.0	0.000553389
7108.0	0.000550465
7109.0	0.000547543
7110.0	0.00054481
7111.0	0.000542118
7112.0	0.000539427
7113.0	0.000536736
7114.0	0.000534045
7115.0	0.000531531
7116.0	0.000529016
7117.0	0.000526503
7118.0	0.000523989
7119.0	0.000521476
7120.0	0.000519125
7121.0	0.000516797
7122.0	0.000514468
7123.0	0.00051214
7124.0	0.000509812
7125.0	0.000507634
7126.0	0.000505457
7127.0	0.000503279
7128.0	0.000501102
7129.0	0.000498924
7130.0	0.000496886
7131.0	0.000494811
7132.0	0.000492736
7133.0	0.00049066
7134.0	0.000488585
7135.0	0.000486641
7136.0	0.000484695
7137.0	0.00048275
7138.0	0.000480807
7139.0	0.000478862
7140.0	0.000477038
7141.0	0.00047521
7142.0	0.000473382
7143.0	0.000471554
7144.0	0.00046973
7145.0	0.000468013
7146.0	0.000466298
7147.0	0.000464582
7148.0	0.000462868
7149.0	0.000461154
7150.0	0.000459543
7151.0	0.000457911
7152.0	0.000456278
7153.0	0.000454647
7154.0	0.000453016
7155.0	0.00045148
7156.0	0.000449945
7157.0	0.000448412
7158.0	0.000446877
7159.0	0.000445343
7160.0	0.000443899
7161.0	0.00044252
7162.0	0.000441141
7163.0	0.000439762
7164.0	0.000438383
7165.0	0.000437087
7166.0	0.00043579
7167.0	0.000434493
7168.0	0.000433195
7169.0	0.000431899
7170.0	0.000430679
7171.0	0.000429425
7172.0	0.000428169
7173.0	0.000426916
7174.0	0.000425662
7175.0	0.000424479
7176.0	0.000423296
7177.0	0.000422114
7178.0	0.000420931
7179.0	0.000419749
7180.0	0.000418633
7181.0	0.000417523
7182.0	0.000416414
7183.0	0.000415305
7184.0	0.000414195
7185.0	0.000413148
7186.0	0.000412101
7187.0	0.000411054
7188.0	0.000410007
7189.0	0.00040896
7190.0	0.000407972
7191.0	0.000406973
7192.0	0.000405975
7193.0	0.000404977
7194.0	0.00040398
7195.0	0.000403035
7196.0	0.000402091
7197.0	0.000401147
7198.0	0.000400204
7199.0	0.00039926
7200.0	0.000398366
7201.0	0.000397463
7202.0	0.00039656
7203.0	0.000395656
7204.0	0.000394753
7205.0	0.000393896
7206.0	0.000393039
7207.0	0.000392183
7208.0	0.000391327
7209.0	0.000390471
7210.0	0.000389658
7211.0	0.000388818
7212.0	0.000387979
7213.0	0.00038714
7214.0	0.000386301
7215.0	0.000385502
7216.0	0.000384703
7217.0	0.000383905
7218.0	0.000383107
7219.0	0.000382309
7220.0	0.000381548
7221.0	0.000380788
7222.0	0.000380028
7223.0	0.000379268
7224.0	0.000378508
7225.0	0.000377782
7226.0	0.000377058
7227.0	0.000376334
7228.0	0.000375609
7229.0	0.000374885
7230.0	0.000374194
7231.0	0.000373531
7232.0	0.00037287
7233.0	0.000372209
7234.0	0.000371547
7235.0	0.000370915
7236.0	0.000370285
7237.0	0.000369653
7238.0	0.000369022
7239.0	0.000368392
7240.0	0.000367789
7241.0	0.000367183
7242.0	0.000366579
7243.0	0.000365975
7244.0	0.000365371
7245.0	0.000364792
7246.0	0.000364214
7247.0	0.000363636
7248.0	0.000363059
7249.0	0.000362481
7250.0	0.000361927
7251.0	0.000361349
7252.0	0.000360771
7253.0	0.000360193
7254.0	0.000359616
7255.0	0.00035906
7256.0	0.000358506
7257.0	0.000357951
7258.0	0.000357397
7259.0	0.000356843
7260.0	0.00035631
7261.0	0.000355803
7262.0	0.000355296
7263.0	0.00035479
7264.0	0.000354284
7265.0	0.000353797
7266.0	0.000353311
7267.0	0.000352823
7268.0	0.000352337
7269.0	0.000351851
7270.0	0.000351382
7271.0	0.000350894
7272.0	0.000350406
7273.0	0.000349919
7274.0	0.000349431
7275.0	0.00034896
7276.0	0.00034849
7277.0	0.000348019
7278.0	0.000347549
7279.0	0.000347079
7280.0	0.000346625
7281.0	0.000346167
7282.0	0.000345708
7283.0	0.00034525
7284.0	0.000344792
7285.0	0.000344349
7286.0	0.000343906
7287.0	0.000343463
7288.0	0.000343021
7289.0	0.000342577
7290.0	0.000342148
7291.0	0.000341722
7292.0	0.000341297
7293.0	0.000340872
7294.0	0.000340447
7295.0	0.000340034
7296.0	0.00033962
7297.0	0.000339208
7298.0	0.000338795
7299.0	0.000338383
7300.0	0.000337983
7301.0	0.000337593
7302.0	0.000337202
7303.0	0.000336812
7304.0	0.000336422
7305.0	0.000336043
7306.0	0.000335663
7307.0	0.000335284
7308.0	0.000334905
7309.0	0.000334525
7310.0	0.000334157
7311.0	0.00033379
7312.0	0.000333424
7313.0	0.000333058
7314.0	0.000332692
7315.0	0.000332335
7316.0	0.000331978
7317.0	0.000331621
7318.0	0.000331265
7319.0	0.000330908
7320.0	0.000330559
7321.0	0.000330228
7322.0	0.000329895
7323.0	0.000329562
7324.0	0.00032923
7325.0	0.000328905
7326.0	0.000328581
7327.0	0.000328256
7328.0	0.000327931
7329.0	0.000327607
7330.0	0.000327289
7331.0	0.000326949
7332.0	0.000326609
7333.0	0.000326269
7334.0	0.000325928
7335.0	0.000325595
7336.0	0.000325262
7337.0	0.000324929
7338.0	0.000324595
7339.0	0.000324263
7340.0	0.000323935
7341.0	0.0003236
7342.0	0.000323267
7343.0	0.000322932
7344.0	0.000322598
7345.0	0.000322268
7346.0	0.00032194
7347.0	0.000321611
7348.0	0.000321282
7349.0	0.000320954
7350.0	0.000320631
7351.0	0.000320325
7352.0	0.000320019
7353.0	0.000319714
7354.0	0.000319409
7355.0	0.000319107
7356.0	0.000318807
7357.0	0.000318505
7358.0	0.000318205
7359.0	0.000317904
7360.0	0.000317606
7361.0	0.000317311
7362.0	0.000317016
7363.0	0.000316721
7364.0	0.000316426
7365.0	0.000316133
7366.0	0.000315842
7367.0	0.00031555
7368.0	0.000315259
7369.0	0.000314967
7370.0	0.000314679
7371.0	0.0003144
7372.0	0.000314121
7373.0	0.000313843
7374.0	0.000313564
7375.0	0.000313288
7376.0	0.000313012
7377.0	0.000312736
7378.0	0.00031246
7379.0	0.000312184
7380.0	0.000311911
7381.0	0.000311588
7382.0	0.000311264
7383.0	0.000310941
7384.0	0.000310619
7385.0	0.000310298
7386.0	0.000309977
7387.0	0.000309657
7388.0	0.000309336
7389.0	0.000309016
7390.0	0.000308698
7391.0	0.000308456
7392.0	0.000308214
7393.0	0.000307973
7394.0	0.00030773
7395.0	0.00030749
7396.0	0.00030725
7397.0	0.000307009
7398.0	0.000306769
7399.0	0.000306528
7400.0	0.000306288
7401.0	0.000305936
7402.0	0.000305585
7403.0	0.000305234
7404.0	0.000304883
7405.0	0.000304532
7406.0	0.000304182
7407.0	0.000303833
7408.0	0.000303483
7409.0	0.000303134
7410.0	0.000302785
7411.0	0.000302526
7412.0	0.000302267
7413.0	0.000302008
7414.0	0.000301749
7415.0	0.00030149
7416.0	0.000301232
7417.0	0.000300973
7418.0	0.000300714
7419.0	0.000300456
7420.0	0.000300197
7421.0	0.000299881
7422.0	0.000299565
7423.0	0.000299249
7424.0	0.000298934
7425.0	0.000298617
7426.0	0.000298302
7427.0	0.000297985
7428.0	0.00029767
7429.0	0.000297355
7430.0	0.000297039
7431.0	0.000296739
7432.0	0.000296439
7433.0	0.00029614
7434.0	0.00029584
7435.0	0.000295539
7436.0	0.00029524
7437.0	0.000294939
7438.0	0.000294639
7439.0	0.000294339
7440.0	0.000294039
7441.0	0.000293737
7442.0	0.000293435
7443.0	0.000293133
7444.0	0.000292832
7445.0	0.000292529
7446.0	0.000292227
7447.0	0.000291924
7448.0	0.000291622
7449.0	0.00029132
7450.0	0.000291016
7451.0	0.000290715
7452.0	0.000290413
7453.0	0.000290111
7454.0	0.000289809
7455.0	0.000289507
7456.0	0.000289204
7457.0	0.000288902
7458.0	0.000288599
7459.0	0.000288297
7460.0	0.000287992
7461.0	0.000287695
7462.0	0.000287397
7463.0	0.0002871
7464.0	0.000286804
7465.0	0.000286504
7466.0	0.000286206
7467.0	0.000285907
7468.0	0.000285609
7469.0	0.00028531
7470.0	0.00028501
7471.0	0.000284705
7472.0	0.0002844
7473.0	0.000284095
7474.0	0.00028379
7475.0	0.000283484
7476.0	0.000283177
7477.0	0.000282871
7478.0	0.000282564
7479.0	0.000282258
7480.0	0.000281949
7481.0	0.000281653
7482.0	0.000281359
7483.0	0.000281064
7484.0	0.000280769
7485.0	0.000280473
7486.0	0.000280176
7487.0	0.000279878
7488.0	0.000279581
7489.0	0.000279284
7490.0	0.000278985
7491.0	0.000278669
7492.0	0.000278353
7493.0	0.000278037
7494.0	0.000277722
7495.0	0.000277403
7496.0	0.000277085
7497.0	0.000276767
7498.0	0.000276449
7499.0	0.000276131
7500.0	0.000275811
7501.0	0.000275505
7502.0	0.000275199
7503.0	0.000274894
7504.0	0.000274588
7505.0	0.00027428
7506.0	0.000273972
7507.0	0.000273664
7508.0	0.000273356
7509.0	0.000273047
7510.0	0.000272737
7511.0	0.000272399
7512.0	0.000272063
7513.0	0.000271726
7514.0	0.000271389
7515.0	0.000271049
7516.0	0.000270709
7517.0	0.00027037
7518.0	0.000270031
7519.0	0.000269692
7520.0	0.000269349
7521.0	0.00026907
7522.0	0.000268791
7523.0	0.00026851
7524.0	0.000268231
7525.0	0.000267949
7526.0	0.000267666
7527.0	0.000267382
7528.0	0.000267099
7529.0	0.000266817
7530.0	0.00026653
7531.0	0.000266138
7532.0	0.000265746
7533.0	0.000265354
7534.0	0.000264963
7535.0	0.000264568
7536.0	0.000264174
7537.0	0.000263779
7538.0	0.000263385
7539.0	0.000262992
7540.0	0.000262595
7541.0	0.000262295
7542.0	0.000261996
7543.0	0.000261697
7544.0	0.000261398
7545.0	0.000261094
7546.0	0.000260793
7547.0	0.000260489
7548.0	0.000260187
7549.0	0.000259884
7550.0	0.000259577
7551.0	0.000259238
7552.0	0.0002589
7553.0	0.000258562
7554.0	0.000258223
7555.0	0.000257881
7556.0	0.000257539
7557.0	0.000257197
7558.0	0.000256855
7559.0	0.000256514
7560.0	0.000256168
7561.0	0.000255802
7562.0	0.000255436
7563.0	0.000255071
7564.0	0.000254705
7565.0	0.000254337
7566.0	0.000253968
7567.0	0.000253598
7568.0	0.00025323
7569.0	0.000252861
7570.0	0.000252489
7571.0	0.000252117
7572.0	0.000251746
7573.0	0.000251375
7574.0	0.000251003
7575.0	0.000250629
7576.0	0.000250254
7577.0	0.00024988
7578.0	0.000249506
7579.0	0.000249131
7580.0	0.000248753
7581.0	0.000248396
7582.0	0.000248039
7583.0	0.000247682
7584.0	0.000247326
7585.0	0.000246965
7586.0	0.000246604
7587.0	0.000246244
7588.0	0.000245883
7589.0	0.000245522
7590.0	0.000245158
7591.0	0.000244775
7592.0	0.000244393
7593.0	0.00024401
7594.0	0.000243627
7595.0	0.000243241
7596.0	0.000242854
7597.0	0.000242467
7598.0	0.000242082
7599.0	0.000241695
7600.0	0.000241305
7601.0	0.000240948
7602.0	0.00024059
7603.0	0.000240232
7604.0	0.000239874
7605.0	0.000239512
7606.0	0.00023915
7607.0	0.000238788
7608.0	0.000238427
7609.0	0.000238065
7610.0	0.000237699
7611.0	0.000237293
7612.0	0.000236887
7613.0	0.000236482
7614.0	0.000236077
7615.0	0.000235667
7616.0	0.000235258
7617.0	0.000234849
7618.0	0.00023444
7619.0	0.000234032
7620.0	0.000233619
7621.0	0.000233225
7622.0	0.000232831
7623.0	0.000232438
7624.0	0.000232045
7625.0	0.000231647
7626.0	0.00023125
7627.0	0.000230853
7628.0	0.000230456
7629.0	0.000230059
7630.0	0.000229658
7631.0	0.000229264
7632.0	0.00022887
7633.0	0.000228476
7634.0	0.000228083
7635.0	0.000227684
7636.0	0.000227287
7637.0	0.000226889
7638.0	0.000226492
7639.0	0.000226094
7640.0	0.000225693
7641.0	0.000225256
7642.0	0.00022482
7643.0	0.000224384
7644.0	0.000223948
7645.0	0.000223508
7646.0	0.000223068
7647.0	0.000222629
7648.0	0.00022219
7649.0	0.000221751
7650.0	0.000221308
7651.0	0.000220889
7652.0	0.000220471
7653.0	0.000220052
7654.0	0.000219633
7655.0	0.000219211
7656.0	0.000218788
7657.0	0.000218366
7658.0	0.000217945
7659.0	0.000217523
7660.0	0.000217097
7661.0	0.000216665
7662.0	0.000216233
7663.0	0.000215801
7664.0	0.00021537
7665.0	0.000214935
7666.0	0.0002145
7667.0	0.000214065
7668.0	0.00021363
7669.0	0.000213195
7670.0	0.000212757
7671.0	0.000212311
7672.0	0.000211864
7673.0	0.000211418
7674.0	0.000210972
7675.0	0.000210523
7676.0	0.000210073
7677.0	0.000209624
7678.0	0.000209175
7679.0	0.000208726
7680.0	0.000208274
7681.0	0.000207822
7682.0	0.00020737
7683.0	0.000206919
7684.0	0.000206468
7685.0	0.000206013
7686.0	0.000205558
7687.0	0.000205104
7688.0	0.00020465
7689.0	0.000204196
7690.0	0.000203739
7691.0	0.00020329
7692.0	0.000202841
7693.0	0.000202393
7694.0	0.000201944
7695.0	0.000201492
7696.0	0.00020104
7697.0	0.000200588
7698.0	0.000200137
7699.0	0.000199685
7700.0	0.000199231
7701.0	0.000198779
7702.0	0.000198327
7703.0	0.000197876
7704.0	0.000197425
7705.0	0.00019697
7706.0	0.000196515
7707.0	0.00019606
7708.0	0.000195607
7709.0	0.000195153
7710.0	0.000194695
7711.0	0.000194224
7712.0	0.000193752
7713.0	0.000193281
7714.0	0.00019281
7715.0	0.000192336
7716.0	0.000191862
7717.0	0.000191388
7718.0	0.000190915
7719.0	0.000190442
7720.0	0.000189965
7721.0	0.000189493
7722.0	0.00018902
7723.0	0.000188548
7724.0	0.000188076
7725.0	0.0001876
7726.0	0.000187126
7727.0	0.000186651
7728.0	0.000186177
7729.0	0.000185703
7730.0	0.000185226
7731.0	0.000184751
7732.0	0.000184277
7733.0	0.000183803
7734.0	0.00018333
7735.0	0.000182853
7736.0	0.000182377
7737.0	0.000181901
7738.0	0.000181425
7739.0	0.000180949
7740.0	0.000180471
7741.0	0.00018002
7742.0	0.000179569
7743.0	0.000179118
7744.0	0.000178667
7745.0	0.000178213
7746.0	0.00017776
7747.0	0.000177306
7748.0	0.000176853
7749.0	0.0001764
7750.0	0.000175943
7751.0	0.000175467
7752.0	0.000174991
7753.0	0.000174515
7754.0	0.00017404
7755.0	0.000173561
7756.0	0.000173084
7757.0	0.000172606
7758.0	0.000172128
7759.0	0.000171651
7760.0	0.000171171
7761.0	0.000170638
7762.0	0.000170106
7763.0	0.000169573
7764.0	0.000169042
7765.0	0.000168508
7766.0	0.000167976
7767.0	0.000167443
7768.0	0.000166912
7769.0	0.00016638
7770.0	0.000165847
7771.0	0.000165385
7772.0	0.000164923
7773.0	0.000164462
7774.0	0.000164
7775.0	0.000163536
7776.0	0.000163072
7777.0	0.000162609
7778.0	0.000162146
7779.0	0.000161682
7780.0	0.000161217
7781.0	0.000160747
7782.0	0.000160278
7783.0	0.000159808
7784.0	0.000159338
7785.0	0.000158867
7786.0	0.000158396
7787.0	0.000157925
7788.0	0.000157454
7789.0	0.000156984
7790.0	0.000156511
7791.0	0.000156028
7792.0	0.000155545
7793.0	0.000155063
7794.0	0.00015458
7795.0	0.000154096
7796.0	0.000153612
7797.0	0.000153129
7798.0	0.000152645
7799.0	0.000152162
7800.0	0.000151678
7801.0	0.000151193
7802.0	0.000150709
7803.0	0.000150225
7804.0	0.000149742
7805.0	0.000149257
7806.0	0.000148772
7807.0	0.000148288
7808.0	0.000147803
7809.0	0.00014732
7810.0	0.000146834
7811.0	0.000146323
7812.0	0.000145812
7813.0	0.000145301
7814.0	0.000144791
7815.0	0.00014428
7816.0	0.00014377
7817.0	0.000143259
7818.0	0.00014275
7819.0	0.00014224
7820.0	0.00014173
7821.0	0.000141233
7822.0	0.000140736
7823.0	0.00014024
7824.0	0.000139744
7825.0	0.000139247
7826.0	0.000138751
7827.0	0.000138255
7828.0	0.000137759
7829.0	0.000137263
7830.0	0.000136767
7831.0	0.000136258
7832.0	0.000135749
7833.0	0.00013524
7834.0	0.000134731
7835.0	0.000134222
7836.0	0.000133714
7837.0	0.000133206
7838.0	0.000132699
7839.0	0.000132192
7840.0	0.000131684
7841.0	0.000131212
7842.0	0.00013074
7843.0	0.000130268
7844.0	0.000129796
7845.0	0.000129324
7846.0	0.000128852
7847.0	0.00012838
7848.0	0.000127909
7849.0	0.000127438
7850.0	0.000126966
7851.0	0.000126454
7852.0	0.000125941
7853.0	0.00012543
7854.0	0.000124919
7855.0	0.000124408
7856.0	0.000123898
7857.0	0.000123388
7858.0	0.000122879
7859.0	0.00012237
7860.0	0.000121862
7861.0	0.000121385
7862.0	0.000120909
7863.0	0.000120433
7864.0	0.000119957
7865.0	0.000119482
7866.0	0.000119006
7867.0	0.000118531
7868.0	0.000118057
7869.0	0.000117582
7870.0	0.000117109
7871.0	0.000116623
7872.0	0.000116137
7873.0	0.000115651
7874.0	0.000115166
7875.0	0.000114682
7876.0	0.000114198
7877.0	0.000113715
7878.0	0.000113232
7879.0	0.000112749
7880.0	0.000112267
7881.0	0.000111791
7882.0	0.000111315
7883.0	0.000110839
7884.0	0.000110363
7885.0	0.000109889
7886.0	0.000109415
7887.0	0.000108942
7888.0	0.000108468
7889.0	0.000107995
7890.0	0.000107524
7891.0	0.00010705
7892.0	0.000106576
7893.0	0.000106103
7894.0	0.00010563
7895.0	0.000105159
7896.0	0.000104687
7897.0	0.000104217
7898.0	0.000103746
7899.0	0.000103276
7900.0	0.000102808
7901.0	0.000102337
7902.0	0.000101867
7903.0	0.000101397
7904.0	0.000100927
7905.0	0.00010046
7906.0	9.99931e-05
7907.0	9.95262e-05
7908.0	9.90597e-05
7909.0	9.85937e-05
7910.0	9.81297e-05
7911.0	9.76621e-05
7912.0	9.71949e-05
7913.0	9.6728e-05
7914.0	9.62617e-05
7915.0	9.57977e-05
7916.0	9.5334e-05
7917.0	9.48708e-05
7918.0	9.44081e-05
7919.0	9.39453e-05
7920.0	9.34854e-05
7921.0	9.30341e-05
7922.0	9.2583e-05
7923.0	9.21321e-05
7924.0	9.16818e-05
7925.0	9.12338e-05
7926.0	9.07862e-05
7927.0	9.03388e-05
7928.0	8.9892e-05
7929.0	8.94452e-05
7930.0	8.90015e-05
7931.0	8.85621e-05
7932.0	8.81231e-05
7933.0	8.76842e-05
7934.0	8.72456e-05
7935.0	8.681e-05
7936.0	8.63748e-05
7937.0	8.59395e-05
7938.0	8.55048e-05
7939.0	8.50703e-05
7940.0	8.46386e-05
7941.0	8.4192e-05
7942.0	8.37457e-05
7943.0	8.32994e-05
7944.0	8.28541e-05
7945.0	8.24119e-05
7946.0	8.19702e-05
7947.0	8.1529e-05
7948.0	8.10881e-05
7949.0	8.06474e-05
7950.0	8.02105e-05
7951.0	7.97753e-05
7952.0	7.93401e-05
7953.0	7.89057e-05
7954.0	7.84714e-05
7955.0	7.80407e-05
7956.0	7.76109e-05
7957.0	7.71811e-05
7958.0	7.67518e-05
