5382.0	9.59207e-05
5383.0	0.000122902
5384.0	0.000149892
5385.0	0.00017689
5386.0	0.000203897
5387.0	0.000230912
5388.0	0.000257937
5389.0	0.000284969
5390.0	0.00031201
5391.0	0.000339043
5392.0	0.00036608
5393.0	0.000393125
5394.0	0.000420174
5395.0	0.000447229
5396.0	0.000474291
5397.0	0.000501356
5398.0	0.000528429
5399.0	0.000555507
5400.0	0.000582591
5401.0	0.000609732
5402.0	0.000636883
5403.0	0.000664044
5404.0	0.000691215
5405.0	0.000718395
5406.0	0.000745587
5407.0	0.000772789
5408.0	0.000799998
5409.0	0.000827221
5410.0	0.000854452
5411.0	0.000881673
5412.0	0.000908905
5413.0	0.000936146
5414.0	0.000963393
5415.0	0.000990653
5416.0	0.00101792
5417.0	0.00104519
5418.0	0.00107248
5419.0	0.00109977
5420.0	0.00112707
5421.0	0.00124647
5422.0	0.0013659
5423.0	0.00148536
5424.0	0.00160483
5425.0	0.00172433
5426.0	0.00184385
5427.0	0.00196341
5428.0	0.00208298
5429.0	0.00220257
5430.0	0.0023222
5431.0	0.00244198
5432.0	0.0025618
5433.0	0.00268166
5434.0	0.00280156
5435.0	0.00292149
5436.0	0.00304146
5437.0	0.00316148
5438.0	0.00328152
5439.0	0.00340161
5440.0	0.00352173
5441.0	0.00384119
5442.0	0.0041607
5443.0	0.00448031
5444.0	0.00479996
5445.0	0.00511969
5446.0	0.00543948
5447.0	0.00575936
5448.0	0.00607928
5449.0	0.00639928
5450.0	0.00671935
5451.0	0.00720951
5452.0	0.00769977
5453.0	0.00819022
5454.0	0.00868079
5455.0	0.0091715
5456.0	0.00966236
5457.0	0.0101534
5458.0	0.0106445
5459.0	0.0111358
5460.0	0.0116273
5461.0	0.0123907
5462.0	0.0131543
5463.0	0.0139181
5464.0	0.0146819
5465.0	0.0154459
5466.0	0.01621
5467.0	0.0169743
5468.0	0.0177387
5469.0	0.0185032
5470.0	0.0192678
5471.0	0.0203796
5472.0	0.0214917
5473.0	0.0226042
5474.0	0.023717
5475.0	0.0248302
5476.0	0.0259438
5477.0	0.0270577
5478.0	0.028172
5479.0	0.0292866
5480.0	0.0304017
5481.0	0.031582
5482.0	0.0327624
5483.0	0.0339431
5484.0	0.0351238
5485.0	0.0363046
5486.0	0.0374856
5487.0	0.0386667
5488.0	0.039848
5489.0	0.0410293
5490.0	0.0422107
5491.0	0.0430334
5492.0	0.0438561
5493.0	0.0446789
5494.0	0.0455017
5495.0	0.0463246
5496.0	0.0471476
5497.0	0.0479707
5498.0	0.0487939
5499.0	0.0496172
5500.0	0.0504405
5501.0	0.0519467
5502.0	0.0534532
5503.0	0.0549605
5504.0	0.0564682
5505.0	0.0579766
5506.0	0.0594855
5507.0	0.060995
5508.0	0.062505
5509.0	0.0640156
5510.0	0.0655268
5511.0	0.0679692
5512.0	0.0704115
5513.0	0.0728539
5514.0	0.0752965
5515.0	0.0777392
5516.0	0.0801817
5517.0	0.0826245
5518.0	0.0850675
5519.0	0.0875102
5520.0	0.0899532
5521.0	0.092146
5522.0	0.094339
5523.0	0.0965325
5524.0	0.0987264
5525.0	0.100921
5526.0	0.103115
5527.0	0.10531
5528.0	0.107505
5529.0	0.109701
5530.0	0.111897
5531.0	0.113921
5532.0	0.115946
5533.0	0.117971
5534.0	0.119996
5535.0	0.122021
5536.0	0.124047
5537.0	0.126072
5538.0	0.128099
5539.0	0.130125
5540.0	0.132152
5541.0	0.133827
5542.0	0.135503
5543.0	0.137179
5544.0	0.138854
5545.0	0.14053
5546.0	0.142205
5547.0	0.143881
5548.0	0.145557
5549.0	0.147232
5550.0	0.148908
5551.0	0.150821
5552.0	0.152733
5553.0	0.154647
5554.0	0.15656
5555.0	0.158475
5556.0	0.16039
5557.0	0.162306
5558.0	0.164222
5559.0	0.166139
5560.0	0.168056
5561.0	0.169827
5562.0	0.171598
5563.0	0.173368
5564.0	0.175139
5565.0	0.17691
5566.0	0.178681
5567.0	0.180453
5568.0	0.182224
5569.0	0.183995
5570.0	0.185767
5571.0	0.187481
5572.0	0.189196
5573.0	0.19091
5574.0	0.192623
5575.0	0.194337
5576.0	0.196051
5577.0	0.197764
5578.0	0.199478
5579.0	0.201191
5580.0	0.202903
5581.0	0.204076
5582.0	0.205248
5583.0	0.20642
5584.0	0.207593
5585.0	0.208765
5586.0	0.209937
5587.0	0.21111
5588.0	0.212282
5589.0	0.213455
5590.0	0.214628
5591.0	0.215086
5592.0	0.215544
5593.0	0.216003
5594.0	0.216461
5595.0	0.21692
5596.0	0.217379
5597.0	0.217838
5598.0	0.218296
5599.0	0.218755
5600.0	0.219214
5601.0	0.220488
5602.0	0.221762
5603.0	0.223036
5604.0	0.22431
5605.0	0.225585
5606.0	0.226859
5607.0	0.228134
5608.0	0.229409
5609.0	0.230685
5610.0	0.23196
5611.0	0.233289
5612.0	0.234618
5613.0	0.235947
5614.0	0.237276
5615.0	0.238606
5616.0	0.239936
5617.0	0.241266
5618.0	0.242598
5619.0	0.243928
5620.0	0.24526
5621.0	0.247212
5622.0	0.249165
5623.0	0.251118
5624.0	0.253071
5625.0	0.255024
5626.0	0.256977
5627.0	0.258931
5628.0	0.260884
5629.0	0.262838
5630.0	0.264792
5631.0	0.265894
5632.0	0.266997
5633.0	0.268099
5634.0	0.269202
5635.0	0.270305
5636.0	0.271408
5637.0	0.272511
5638.0	0.273615
5639.0	0.274718
5640.0	0.275822
5641.0	0.276891
5642.0	0.27796
5643.0	0.27903
5644.0	0.280099
5645.0	0.281168
5646.0	0.282238
5647.0	0.283308
5648.0	0.284378
5649.0	0.285449
5650.0	0.28652
5651.0	0.286803
5652.0	0.287085
5653.0	0.287367
5654.0	0.28765
5655.0	0.287933
5656.0	0.288216
5657.0	0.288499
5658.0	0.288781
5659.0	0.289065
5660.0	0.289348
5661.0	0.290202
5662.0	0.291056
5663.0	0.291911
5664.0	0.292765
5665.0	0.29362
5666.0	0.294475
5667.0	0.295331
5668.0	0.296186
5669.0	0.297042
5670.0	0.297898
5671.0	0.29907
5672.0	0.300243
5673.0	0.301416
5674.0	0.30259
5675.0	0.303763
5676.0	0.304937
5677.0	0.306113
5678.0	0.307287
5679.0	0.308463
5680.0	0.309638
5681.0	0.309607
5682.0	0.309575
5683.0	0.309543
5684.0	0.309512
5685.0	0.30948
5686.0	0.309448
5687.0	0.309417
5688.0	0.309385
5689.0	0.309353
5690.0	0.309322
5691.0	0.308917
5692.0	0.308513
5693.0	0.308108
5694.0	0.307704
5695.0	0.3073
5696.0	0.306895
5697.0	0.30649
5698.0	0.306086
5699.0	0.305681
5700.0	0.305276
5701.0	0.304548
5702.0	0.30382
5703.0	0.303092
5704.0	0.302363
5705.0	0.301634
5706.0	0.300904
5707.0	0.300176
5708.0	0.299445
5709.0	0.298715
5710.0	0.297986
5711.0	0.298632
5712.0	0.299278
5713.0	0.299924
5714.0	0.300571
5715.0	0.301218
5716.0	0.301865
5717.0	0.302513
5718.0	0.30316
5719.0	0.303808
5720.0	0.304457
5721.0	0.305712
5722.0	0.306968
5723.0	0.308224
5724.0	0.309479
5725.0	0.310735
5726.0	0.311991
5727.0	0.313246
5728.0	0.314503
5729.0	0.315758
5730.0	0.317014
5731.0	0.318468
5732.0	0.319922
5733.0	0.321378
5734.0	0.322834
5735.0	0.32429
5736.0	0.325748
5737.0	0.327205
5738.0	0.328664
5739.0	0.330123
5740.0	0.331582
5741.0	0.33241
5742.0	0.333241
5743.0	0.334069
5744.0	0.334898
5745.0	0.335728
5746.0	0.336557
5747.0	0.337387
5748.0	0.338217
5749.0	0.339046
5750.0	0.339876
5751.0	0.339699
5752.0	0.339523
5753.0	0.339345
5754.0	0.339168
5755.0	0.338991
5756.0	0.338814
5757.0	0.338637
5758.0	0.33846
5759.0	0.338282
5760.0	0.338106
5761.0	0.337892
5762.0	0.337679
5763.0	0.337467
5764.0	0.337254
5765.0	0.337041
5766.0	0.336828
5767.0	0.336616
5768.0	0.336403
5769.0	0.336191
5770.0	0.335978
5771.0	0.336182
5772.0	0.336386
5773.0	0.336589
5774.0	0.336794
5775.0	0.336997
5776.0	0.337202
5777.0	0.337406
5778.0	0.337611
5779.0	0.337816
5780.0	0.33802
5781.0	0.338534
5782.0	0.339047
5783.0	0.339561
5784.0	0.340075
5785.0	0.340589
5786.0	0.341103
5787.0	0.341617
5788.0	0.342131
5789.0	0.342646
5790.0	0.343161
5791.0	0.344581
5792.0	0.346002
5793.0	0.347423
5794.0	0.348845
5795.0	0.350267
5796.0	0.351689
5797.0	0.353113
5798.0	0.354537
5799.0	0.355961
5800.0	0.357386
5801.0	0.357347
5802.0	0.357309
5803.0	0.357271
5804.0	0.357232
5805.0	0.357195
5806.0	0.357156
5807.0	0.357118
5808.0	0.357081
5809.0	0.357043
5810.0	0.357006
5811.0	0.356946
5812.0	0.356885
5813.0	0.356825
5814.0	0.356765
5815.0	0.356705
5816.0	0.356646
5817.0	0.356585
5818.0	0.356526
5819.0	0.356466
5820.0	0.356407
5821.0	0.356335
5822.0	0.356262
5823.0	0.35619
5824.0	0.356119
5825.0	0.356047
5826.0	0.355975
5827.0	0.355904
5828.0	0.355832
5829.0	0.355761
5830.0	0.355689
5831.0	0.356378
5832.0	0.357067
5833.0	0.357756
5834.0	0.358446
5835.0	0.359135
5836.0	0.359825
5837.0	0.360514
5838.0	0.361204
5839.0	0.361895
5840.0	0.362586
5841.0	0.363472
5842.0	0.364359
5843.0	0.365245
5844.0	0.366133
5845.0	0.36702
5846.0	0.367908
5847.0	0.368796
5848.0	0.369686
5849.0	0.370575
5850.0	0.371464
5851.0	0.371619
5852.0	0.371774
5853.0	0.37193
5854.0	0.372086
5855.0	0.37224
5856.0	0.372396
5857.0	0.372552
5858.0	0.372709
5859.0	0.372865
5860.0	0.373021
5861.0	0.372654
5862.0	0.372287
5863.0	0.37192
5864.0	0.371553
5865.0	0.371186
5866.0	0.370818
5867.0	0.37045
5868.0	0.370083
5869.0	0.369715
5870.0	0.369348
5871.0	0.36888
5872.0	0.368411
5873.0	0.367943
5874.0	0.367476
5875.0	0.367007
5876.0	0.36654
5877.0	0.366072
5878.0	0.365604
5879.0	0.365136
5880.0	0.364668
5881.0	0.365221
5882.0	0.365773
5883.0	0.366326
5884.0	0.366879
5885.0	0.367433
5886.0	0.367987
5887.0	0.36854
5888.0	0.369095
5889.0	0.369649
5890.0	0.370204
5891.0	0.370774
5892.0	0.371345
5893.0	0.371916
5894.0	0.372487
5895.0	0.373059
5896.0	0.373631
5897.0	0.374204
5898.0	0.374777
5899.0	0.375349
5900.0	0.375923
5901.0	0.375965
5902.0	0.376005
5903.0	0.376046
5904.0	0.376088
5905.0	0.376129
5906.0	0.376171
5907.0	0.376213
5908.0	0.376254
5909.0	0.376297
5910.0	0.376339
5911.0	0.375829
5912.0	0.37532
5913.0	0.37481
5914.0	0.374301
5915.0	0.373792
5916.0	0.373282
5917.0	0.372773
5918.0	0.372264
5919.0	0.371755
5920.0	0.371246
5921.0	0.370973
5922.0	0.370698
5923.0	0.370425
5924.0	0.37015
5925.0	0.369877
5926.0	0.369603
5927.0	0.369329
5928.0	0.369055
5929.0	0.368781
5930.0	0.368508
5931.0	0.36803
5932.0	0.367553
5933.0	0.367075
5934.0	0.366597
5935.0	0.36612
5936.0	0.365642
5937.0	0.365165
5938.0	0.364688
5939.0	0.36421
5940.0	0.363732
5941.0	0.364232
5942.0	0.364733
5943.0	0.365234
5944.0	0.365735
5945.0	0.366237
5946.0	0.366738
5947.0	0.36724
5948.0	0.367742
5949.0	0.368244
5950.0	0.368747
5951.0	0.369805
5952.0	0.370863
5953.0	0.371922
5954.0	0.372981
5955.0	0.374042
5956.0	0.375101
5957.0	0.376162
5958.0	0.377224
5959.0	0.378286
5960.0	0.379348
5961.0	0.38012
5962.0	0.380892
5963.0	0.381665
5964.0	0.382439
5965.0	0.383212
5966.0	0.383986
5967.0	0.384761
5968.0	0.385537
5969.0	0.386312
5970.0	0.387088
5971.0	0.386833
5972.0	0.386577
5973.0	0.386321
5974.0	0.386065
5975.0	0.385809
5976.0	0.385553
5977.0	0.385297
5978.0	0.385041
5979.0	0.384785
5980.0	0.384529
5981.0	0.383984
5982.0	0.38344
5983.0	0.382895
5984.0	0.38235
5985.0	0.381805
5986.0	0.381259
5987.0	0.380714
5988.0	0.380169
5989.0	0.379622
5990.0	0.379076
5991.0	0.378098
5992.0	0.37712
5993.0	0.376142
5994.0	0.375162
5995.0	0.374183
5996.0	0.373203
5997.0	0.372223
5998.0	0.371243
5999.0	0.370262
6000.0	0.369281
6001.0	0.369702
6002.0	0.370124
6003.0	0.370545
6004.0	0.370967
6005.0	0.371388
6006.0	0.37181
6007.0	0.372232
6008.0	0.372654
6009.0	0.373075
6010.0	0.373498
6011.0	0.374168
6012.0	0.374838
6013.0	0.375509
6014.0	0.37618
6015.0	0.376851
6016.0	0.377522
6017.0	0.378193
6018.0	0.378864
6019.0	0.379535
6020.0	0.380207
6021.0	0.381598
6022.0	0.38299
6023.0	0.384382
6024.0	0.385775
6025.0	0.387167
6026.0	0.388561
6027.0	0.389956
6028.0	0.391351
6029.0	0.392746
6030.0	0.394142
6031.0	0.394606
6032.0	0.395071
6033.0	0.395536
6034.0	0.396001
6035.0	0.396466
6036.0	0.396931
6037.0	0.397397
6038.0	0.397862
6039.0	0.398329
6040.0	0.398795
6041.0	0.398968
6042.0	0.399144
6043.0	0.399318
6044.0	0.399492
6045.0	0.399666
6046.0	0.399841
6047.0	0.400016
6048.0	0.40019
6049.0	0.400365
6050.0	0.400539
6051.0	0.400552
6052.0	0.400566
6053.0	0.40058
6054.0	0.400592
6055.0	0.400607
6056.0	0.40062
6057.0	0.400633
6058.0	0.400646
6059.0	0.40066
6060.0	0.400672
6061.0	0.400191
6062.0	0.399708
6063.0	0.399227
6064.0	0.398743
6065.0	0.398261
6066.0	0.397778
6067.0	0.397294
6068.0	0.396812
6069.0	0.396328
6070.0	0.395844
6071.0	0.395796
6072.0	0.395747
6073.0	0.395699
6074.0	0.39565
6075.0	0.395603
6076.0	0.395554
6077.0	0.395505
6078.0	0.395457
6079.0	0.395409
6080.0	0.39536
6081.0	0.395617
6082.0	0.395874
6083.0	0.396131
6084.0	0.396387
6085.0	0.396645
6086.0	0.396902
6087.0	0.397158
6088.0	0.397417
6089.0	0.397674
6090.0	0.397931
6091.0	0.397389
6092.0	0.396846
6093.0	0.396303
6094.0	0.395761
6095.0	0.395217
6096.0	0.394674
6097.0	0.39413
6098.0	0.393586
6099.0	0.393042
6100.0	0.392499
6101.0	0.391164
6102.0	0.389831
6103.0	0.388496
6104.0	0.387162
6105.0	0.385826
6106.0	0.384491
6107.0	0.383155
6108.0	0.381819
6109.0	0.380482
6110.0	0.379145
6111.0	0.379092
6112.0	0.379038
6113.0	0.378984
6114.0	0.378929
6115.0	0.378875
6116.0	0.378821
6117.0	0.378766
6118.0	0.378712
6119.0	0.378657
6120.0	0.378603
6121.0	0.379538
6122.0	0.380474
6123.0	0.38141
6124.0	0.382347
6125.0	0.383284
6126.0	0.384221
6127.0	0.385158
6128.0	0.386096
6129.0	0.387034
6130.0	0.387972
6131.0	0.38924
6132.0	0.390509
6133.0	0.391778
6134.0	0.393049
6135.0	0.394318
6136.0	0.395589
6137.0	0.39686
6138.0	0.398131
6139.0	0.399403
6140.0	0.400675
6141.0	0.402092
6142.0	0.403509
6143.0	0.404927
6144.0	0.406345
6145.0	0.407764
6146.0	0.409183
6147.0	0.410602
6148.0	0.412023
6149.0	0.413444
6150.0	0.414865
6151.0	0.415188
6152.0	0.415511
6153.0	0.415834
6154.0	0.416157
6155.0	0.41648
6156.0	0.416802
6157.0	0.417126
6158.0	0.417449
6159.0	0.417772
6160.0	0.418096
6161.0	0.417807
6162.0	0.417519
6163.0	0.417232
6164.0	0.416944
6165.0	0.416655
6166.0	0.416367
6167.0	0.416078
6168.0	0.415789
6169.0	0.4155
6170.0	0.415212
6171.0	0.414076
6172.0	0.41294
6173.0	0.411803
6174.0	0.410666
6175.0	0.409528
6176.0	0.40839
6177.0	0.407252
6178.0	0.406113
6179.0	0.404974
6180.0	0.403834
6181.0	0.40404
6182.0	0.404247
6183.0	0.404454
6184.0	0.40466
6185.0	0.404867
6186.0	0.405075
6187.0	0.405281
6188.0	0.405487
6189.0	0.405694
6190.0	0.405901
6191.0	0.405885
6192.0	0.405869
6193.0	0.405853
6194.0	0.405837
6195.0	0.40582
6196.0	0.405804
6197.0	0.405788
6198.0	0.405772
6199.0	0.405755
6200.0	0.405738
6201.0	0.406609
6202.0	0.407481
6203.0	0.408353
6204.0	0.409224
6205.0	0.410096
6206.0	0.410967
6207.0	0.411838
6208.0	0.412711
6209.0	0.413582
6210.0	0.414454
6211.0	0.414908
6212.0	0.415359
6213.0	0.415812
6214.0	0.416263
6215.0	0.416716
6216.0	0.417168
6217.0	0.417619
6218.0	0.418072
6219.0	0.418524
6220.0	0.418976
6221.0	0.419472
6222.0	0.419967
6223.0	0.420464
6224.0	0.420958
6225.0	0.421454
6226.0	0.42195
6227.0	0.422446
6228.0	0.422943
6229.0	0.423438
6230.0	0.423934
6231.0	0.423683
6232.0	0.423432
6233.0	0.42318
6234.0	0.422929
6235.0	0.422677
6236.0	0.422425
6237.0	0.422174
6238.0	0.421922
6239.0	0.421671
6240.0	0.421417
6241.0	0.421188
6242.0	0.420957
6243.0	0.420727
6244.0	0.420495
6245.0	0.420265
6246.0	0.420034
6247.0	0.419803
6248.0	0.419572
6249.0	0.41934
6250.0	0.41911
6251.0	0.419762
6252.0	0.420415
6253.0	0.421069
6254.0	0.421722
6255.0	0.422375
6256.0	0.423029
6257.0	0.423682
6258.0	0.424336
6259.0	0.424989
6260.0	0.425643
6261.0	0.425886
6262.0	0.426127
6263.0	0.426368
6264.0	0.426611
6265.0	0.426851
6266.0	0.427094
6267.0	0.427336
6268.0	0.427578
6269.0	0.42782
6270.0	0.428062
6271.0	0.427958
6272.0	0.427853
6273.0	0.427749
6274.0	0.427645
6275.0	0.42754
6276.0	0.427435
6277.0	0.427331
6278.0	0.427226
6279.0	0.427121
6280.0	0.427015
6281.0	0.426759
6282.0	0.426502
6283.0	0.426245
6284.0	0.425989
6285.0	0.425731
6286.0	0.425474
6287.0	0.425218
6288.0	0.42496
6289.0	0.424704
6290.0	0.424447
6291.0	0.422829
6292.0	0.421212
6293.0	0.419595
6294.0	0.417977
6295.0	0.416359
6296.0	0.41474
6297.0	0.413121
6298.0	0.411502
6299.0	0.409883
6300.0	0.408264
6301.0	0.406875
6302.0	0.405488
6303.0	0.4041
6304.0	0.402711
6305.0	0.401323
6306.0	0.399934
6307.0	0.398545
6308.0	0.397156
6309.0	0.395766
6310.0	0.394377
6311.0	0.393772
6312.0	0.393168
6313.0	0.392563
6314.0	0.391958
6315.0	0.391354
6316.0	0.390749
6317.0	0.390143
6318.0	0.389538
6319.0	0.388932
6320.0	0.388326
6321.0	0.389096
6322.0	0.389866
6323.0	0.390637
6324.0	0.391407
6325.0	0.392178
6326.0	0.392949
6327.0	0.393721
6328.0	0.394492
6329.0	0.395264
6330.0	0.396036
6331.0	0.398195
6332.0	0.400353
6333.0	0.402512
6334.0	0.404673
6335.0	0.406834
6336.0	0.408995
6337.0	0.411158
6338.0	0.413321
6339.0	0.415484
6340.0	0.417649
6341.0	0.418324
6342.0	0.419
6343.0	0.419675
6344.0	0.420352
6345.0	0.421027
6346.0	0.421702
6347.0	0.422378
6348.0	0.423054
6349.0	0.42373
6350.0	0.424406
6351.0	0.425607
6352.0	0.426809
6353.0	0.428011
6354.0	0.429213
6355.0	0.430416
6356.0	0.431619
6357.0	0.432823
6358.0	0.434025
6359.0	0.43523
6360.0	0.436434
6361.0	0.436468
6362.0	0.436502
6363.0	0.436537
6364.0	0.436571
6365.0	0.436605
6366.0	0.43664
6367.0	0.436675
6368.0	0.436708
6369.0	0.436743
6370.0	0.436777
6371.0	0.436054
6372.0	0.435331
6373.0	0.434607
6374.0	0.433883
6375.0	0.433159
6376.0	0.432435
6377.0	0.431709
6378.0	0.430983
6379.0	0.430258
6380.0	0.429532
6381.0	0.430072
6382.0	0.430612
6383.0	0.431152
6384.0	0.431693
6385.0	0.432234
6386.0	0.432774
6387.0	0.433315
6388.0	0.433856
6389.0	0.434398
6390.0	0.434939
6391.0	0.435307
6392.0	0.435674
6393.0	0.436043
6394.0	0.43641
6395.0	0.436778
6396.0	0.437146
6397.0	0.437514
6398.0	0.437882
6399.0	0.43825
6400.0	0.438619
6401.0	0.438464
6402.0	0.43831
6403.0	0.438157
6404.0	0.438003
6405.0	0.437849
6406.0	0.437695
6407.0	0.437541
6408.0	0.437388
6409.0	0.437232
6410.0	0.437077
6411.0	0.437096
6412.0	0.437116
6413.0	0.437135
6414.0	0.437154
6415.0	0.437174
6416.0	0.437192
6417.0	0.437211
6418.0	0.43723
6419.0	0.437249
6420.0	0.437267
6421.0	0.436355
6422.0	0.435443
6423.0	0.434531
6424.0	0.433619
6425.0	0.432708
6426.0	0.431793
6427.0	0.430882
6428.0	0.42997
6429.0	0.429058
6430.0	0.428146
6431.0	0.427636
6432.0	0.427128
6433.0	0.426619
6434.0	0.426111
6435.0	0.425602
6436.0	0.425093
6437.0	0.424585
6438.0	0.424075
6439.0	0.423567
6440.0	0.423058
6441.0	0.423132
6442.0	0.423206
6443.0	0.423281
6444.0	0.423355
6445.0	0.423429
6446.0	0.423504
6447.0	0.423578
6448.0	0.423651
6449.0	0.423726
6450.0	0.4238
6451.0	0.423883
6452.0	0.423967
6453.0	0.42405
6454.0	0.424132
6455.0	0.424217
6456.0	0.424299
6457.0	0.424383
6458.0	0.424466
6459.0	0.42455
6460.0	0.424632
6461.0	0.425625
6462.0	0.426618
6463.0	0.427611
6464.0	0.428603
6465.0	0.429595
6466.0	0.430587
6467.0	0.43158
6468.0	0.432571
6469.0	0.433563
6470.0	0.434555
6471.0	0.435222
6472.0	0.435891
6473.0	0.436557
6474.0	0.437225
6475.0	0.437894
6476.0	0.438562
6477.0	0.439229
6478.0	0.439898
6479.0	0.440566
6480.0	0.441235
6481.0	0.440553
6482.0	0.439872
6483.0	0.43919
6484.0	0.438507
6485.0	0.437826
6486.0	0.437144
6487.0	0.436463
6488.0	0.435781
6489.0	0.4351
6490.0	0.434418
6491.0	0.433185
6492.0	0.431952
6493.0	0.430717
6494.0	0.429484
6495.0	0.42825
6496.0	0.427016
6497.0	0.425782
6498.0	0.424547
6499.0	0.423314
6500.0	0.422079
6501.0	0.420385
6502.0	0.41869
6503.0	0.416994
6504.0	0.415299
6505.0	0.413603
6506.0	0.411906
6507.0	0.41021
6508.0	0.408513
6509.0	0.406816
6510.0	0.405118
6511.0	0.40455
6512.0	0.403982
6513.0	0.403414
6514.0	0.402846
6515.0	0.402278
6516.0	0.401709
6517.0	0.401141
6518.0	0.400572
6519.0	0.400005
6520.0	0.399436
6521.0	0.399613
6522.0	0.399789
6523.0	0.399966
6524.0	0.400142
6525.0	0.400319
6526.0	0.400496
6527.0	0.400672
6528.0	0.400848
6529.0	0.401025
6530.0	0.401201
6531.0	0.401639
6532.0	0.402077
6533.0	0.402515
6534.0	0.402953
6535.0	0.403391
6536.0	0.403828
6537.0	0.404267
6538.0	0.404705
6539.0	0.405143
6540.0	0.405581
6541.0	0.407487
6542.0	0.409394
6543.0	0.411301
6544.0	0.413208
6545.0	0.415118
6546.0	0.417026
6547.0	0.418936
6548.0	0.420847
6549.0	0.422759
6550.0	0.42467
6551.0	0.425242
6552.0	0.425811
6553.0	0.426382
6554.0	0.426953
6555.0	0.427524
6556.0	0.428094
6557.0	0.428665
6558.0	0.429235
6559.0	0.429806
6560.0	0.430376
6561.0	0.430469
6562.0	0.43056
6563.0	0.430653
6564.0	0.430745
6565.0	0.430838
6566.0	0.43093
6567.0	0.431022
6568.0	0.431114
6569.0	0.431206
6570.0	0.431299
6571.0	0.430905
6572.0	0.43051
6573.0	0.430117
6574.0	0.429723
6575.0	0.42933
6576.0	0.428936
6577.0	0.428542
6578.0	0.428148
6579.0	0.427755
6580.0	0.427361
6581.0	0.428011
6582.0	0.42866
6583.0	0.42931
6584.0	0.429961
6585.0	0.430611
6586.0	0.43126
6587.0	0.43191
6588.0	0.43256
6589.0	0.433211
6590.0	0.433861
6591.0	0.433535
6592.0	0.433207
6593.0	0.432881
6594.0	0.432554
6595.0	0.432228
6596.0	0.431902
6597.0	0.431573
6598.0	0.431247
6599.0	0.43092
6600.0	0.430593
6601.0	0.431642
6602.0	0.432691
6603.0	0.43374
6604.0	0.434789
6605.0	0.435839
6606.0	0.436888
6607.0	0.437939
6608.0	0.438988
6609.0	0.440038
6610.0	0.441089
6611.0	0.441086
6612.0	0.441084
6613.0	0.441082
6614.0	0.441079
6615.0	0.441077
6616.0	0.441076
6617.0	0.441074
6618.0	0.441071
6619.0	0.441069
6620.0	0.441067
6621.0	0.440879
6622.0	0.440692
6623.0	0.440504
6624.0	0.440317
6625.0	0.44013
6626.0	0.439942
6627.0	0.439755
6628.0	0.439567
6629.0	0.43938
6630.0	0.439193
6631.0	0.439355
6632.0	0.439518
6633.0	0.439679
6634.0	0.439842
6635.0	0.440004
6636.0	0.440166
6637.0	0.440328
6638.0	0.440491
6639.0	0.440654
6640.0	0.440816
6641.0	0.439713
6642.0	0.438608
6643.0	0.437504
6644.0	0.4364
6645.0	0.435297
6646.0	0.434192
6647.0	0.433088
6648.0	0.431984
6649.0	0.43088
6650.0	0.429776
6651.0	0.429861
6652.0	0.429946
6653.0	0.430031
6654.0	0.430117
6655.0	0.430202
6656.0	0.430286
6657.0	0.430371
6658.0	0.430457
6659.0	0.430541
6660.0	0.430626
6661.0	0.430866
6662.0	0.431105
6663.0	0.431345
6664.0	0.431584
6665.0	0.431823
6666.0	0.432063
6667.0	0.432302
6668.0	0.432542
6669.0	0.432781
6670.0	0.433021
6671.0	0.433626
6672.0	0.434232
6673.0	0.434838
6674.0	0.435443
6675.0	0.436048
6676.0	0.436654
6677.0	0.437259
6678.0	0.437864
6679.0	0.438469
6680.0	0.439074
6681.0	0.439308
6682.0	0.439541
6683.0	0.439774
6684.0	0.440008
6685.0	0.440242
6686.0	0.440475
6687.0	0.440709
6688.0	0.440942
6689.0	0.441176
6690.0	0.44141
6691.0	0.440645
6692.0	0.43988
6693.0	0.439114
6694.0	0.438349
6695.0	0.437583
6696.0	0.436818
6697.0	0.436054
6698.0	0.435289
6699.0	0.434523
6700.0	0.433757
6701.0	0.4335
6702.0	0.433243
6703.0	0.432985
6704.0	0.432728
6705.0	0.432471
6706.0	0.432214
6707.0	0.431957
6708.0	0.431701
6709.0	0.431443
6710.0	0.431187
6711.0	0.430266
6712.0	0.429345
6713.0	0.428426
6714.0	0.427504
6715.0	0.426584
6716.0	0.425663
6717.0	0.424741
6718.0	0.423819
6719.0	0.422897
6720.0	0.421976
6721.0	0.42228
6722.0	0.422583
6723.0	0.422886
6724.0	0.423189
6725.0	0.423492
6726.0	0.423795
6727.0	0.424099
6728.0	0.424402
6729.0	0.424706
6730.0	0.425009
6731.0	0.425181
6732.0	0.425353
6733.0	0.425525
6734.0	0.425697
6735.0	0.425869
6736.0	0.42604
6737.0	0.426212
6738.0	0.426384
6739.0	0.426556
6740.0	0.426728
6741.0	0.427213
6742.0	0.427697
6743.0	0.428181
6744.0	0.428667
6745.0	0.429151
6746.0	0.429636
6747.0	0.43012
6748.0	0.430606
6749.0	0.43109
6750.0	0.431574
6751.0	0.432247
6752.0	0.432919
6753.0	0.43359
6754.0	0.434263
6755.0	0.434934
6756.0	0.435607
6757.0	0.436279
6758.0	0.436952
6759.0	0.437625
6760.0	0.438297
6761.0	0.438004
6762.0	0.437708
6763.0	0.437414
6764.0	0.43712
6765.0	0.436825
6766.0	0.436531
6767.0	0.436237
6768.0	0.435942
6769.0	0.435647
6770.0	0.435354
6771.0	0.434933
6772.0	0.434514
6773.0	0.434094
6774.0	0.433673
6775.0	0.433253
6776.0	0.432832
6777.0	0.432413
6778.0	0.431992
6779.0	0.431571
6780.0	0.431151
6781.0	0.431016
6782.0	0.430882
6783.0	0.430747
6784.0	0.430612
6785.0	0.430477
6786.0	0.430342
6787.0	0.430208
6788.0	0.430072
6789.0	0.429938
6790.0	0.429802
6791.0	0.429548
6792.0	0.429293
6793.0	0.429038
6794.0	0.428783
6795.0	0.428528
6796.0	0.428273
6797.0	0.428018
6798.0	0.427763
6799.0	0.427509
6800.0	0.427253
6801.0	0.427869
6802.0	0.428485
6803.0	0.429101
6804.0	0.429717
6805.0	0.430333
6806.0	0.430948
6807.0	0.431564
6808.0	0.43218
6809.0	0.432795
6810.0	0.433411
6811.0	0.432605
6812.0	0.431799
6813.0	0.430994
6814.0	0.430189
6815.0	0.429384
6816.0	0.428578
6817.0	0.427774
6818.0	0.426968
6819.0	0.426163
6820.0	0.425359
6821.0	0.425172
6822.0	0.424986
6823.0	0.424799
6824.0	0.424613
6825.0	0.424426
6826.0	0.42424
6827.0	0.424052
6828.0	0.423866
6829.0	0.423679
6830.0	0.423493
6831.0	0.423005
6832.0	0.422517
6833.0	0.42203
6834.0	0.421543
6835.0	0.421056
6836.0	0.420569
6837.0	0.420082
6838.0	0.419594
6839.0	0.419106
6840.0	0.41862
6841.0	0.418095
6842.0	0.41757
6843.0	0.417044
6844.0	0.41652
6845.0	0.415995
6846.0	0.415471
6847.0	0.414946
6848.0	0.414422
6849.0	0.413898
6850.0	0.413373
6851.0	0.413656
6852.0	0.41394
6853.0	0.414223
6854.0	0.414507
6855.0	0.414789
6856.0	0.415072
6857.0	0.415356
6858.0	0.415639
6859.0	0.415922
6860.0	0.416206
6861.0	0.416079
6862.0	0.415953
6863.0	0.415826
6864.0	0.4157
6865.0	0.415573
6866.0	0.415446
6867.0	0.41532
6868.0	0.415193
6869.0	0.415067
6870.0	0.41494
6871.0	0.415121
6872.0	0.415302
6873.0	0.415483
6874.0	0.415665
6875.0	0.415846
6876.0	0.416028
6877.0	0.416209
6878.0	0.41639
6879.0	0.416571
6880.0	0.416752
6881.0	0.416509
6882.0	0.416265
6883.0	0.416021
6884.0	0.415777
6885.0	0.415533
6886.0	0.415289
6887.0	0.415045
6888.0	0.414801
6889.0	0.414557
6890.0	0.414313
6891.0	0.413755
6892.0	0.413197
6893.0	0.412639
6894.0	0.41208
6895.0	0.411522
6896.0	0.410964
6897.0	0.410407
6898.0	0.409848
6899.0	0.40929
6900.0	0.408733
6901.0	0.408379
6902.0	0.408025
6903.0	0.407671
6904.0	0.407316
6905.0	0.406963
6906.0	0.406608
6907.0	0.406254
6908.0	0.4059
6909.0	0.405547
6910.0	0.405193
6911.0	0.405238
6912.0	0.405282
6913.0	0.405327
6914.0	0.405372
6915.0	0.405416
6916.0	0.405461
6917.0	0.405505
6918.0	0.405549
6919.0	0.405593
6920.0	0.405637
6921.0	0.406148
6922.0	0.40666
6923.0	0.407171
6924.0	0.407682
6925.0	0.408192
6926.0	0.408703
6927.0	0.409214
6928.0	0.409723
6929.0	0.410234
6930.0	0.410744
6931.0	0.410753
6932.0	0.410764
6933.0	0.410773
6934.0	0.410783
6935.0	0.410792
6936.0	0.410802
6937.0	0.410811
6938.0	0.410819
6939.0	0.410829
6940.0	0.410838
6941.0	0.410412
6942.0	0.409986
6943.0	0.40956
6944.0	0.409134
6945.0	0.408708
6946.0	0.408281
6947.0	0.407855
6948.0	0.407427
6949.0	0.407001
6950.0	0.406573
6951.0	0.405692
6952.0	0.40481
6953.0	0.403929
6954.0	0.403047
6955.0	0.402166
6956.0	0.401284
6957.0	0.400403
6958.0	0.399523
6959.0	0.398642
6960.0	0.397761
6961.0	0.396552
6962.0	0.395343
6963.0	0.394135
6964.0	0.392927
6965.0	0.391718
6966.0	0.39051
6967.0	0.389303
6968.0	0.388095
6969.0	0.386888
6970.0	0.385681
6971.0	0.384457
6972.0	0.383233
6973.0	0.38201
6974.0	0.380786
6975.0	0.379562
6976.0	0.37834
6977.0	0.377115
6978.0	0.375892
6979.0	0.374668
6980.0	0.373444
6981.0	0.371681
6982.0	0.369917
6983.0	0.368153
6984.0	0.366389
6985.0	0.364624
6986.0	0.362858
6987.0	0.361093
6988.0	0.359327
6989.0	0.357561
6990.0	0.355795
6991.0	0.353035
6992.0	0.350274
6993.0	0.347513
6994.0	0.344753
6995.0	0.341993
6996.0	0.339233
6997.0	0.336472
6998.0	0.333712
6999.0	0.330952
7000.0	0.328192
7001.0	0.322645
7002.0	0.317099
7003.0	0.311554
7004.0	0.306012
7005.0	0.30047
7006.0	0.29493
7007.0	0.289391
7008.0	0.283854
7009.0	0.278319
7010.0	0.272784
7011.0	0.265482
7012.0	0.258181
7013.0	0.250881
7014.0	0.243582
7015.0	0.236285
7016.0	0.228989
7017.0	0.221694
7018.0	0.2144
7019.0	0.207108
7020.0	0.199818
7021.0	0.193934
7022.0	0.18805
7023.0	0.182167
7024.0	0.176285
7025.0	0.170403
7026.0	0.164522
7027.0	0.158641
7028.0	0.152761
7029.0	0.146882
7030.0	0.141003
7031.0	0.136905
7032.0	0.132807
7033.0	0.12871
7034.0	0.124613
7035.0	0.120516
7036.0	0.116421
7037.0	0.112325
7038.0	0.10823
7039.0	0.104135
7040.0	0.100041
7041.0	0.0973835
7042.0	0.0947268
7043.0	0.0920708
7044.0	0.0894153
7045.0	0.0867604
7046.0	0.0841062
7047.0	0.0814527
7048.0	0.0787997
7049.0	0.0761476
7050.0	0.0734958
7051.0	0.0710872
7052.0	0.068679
7053.0	0.0662712
7054.0	0.0638638
7055.0	0.0614571
7056.0	0.0590506
7057.0	0.0566447
7058.0	0.0542392
7059.0	0.0518341
7060.0	0.0494296
7061.0	0.047276
7062.0	0.045123
7063.0	0.042971
7064.0	0.0408196
7065.0	0.0386691
7066.0	0.0365192
7067.0	0.0343702
7068.0	0.0322219
7069.0	0.0300744
7070.0	0.0279277
7071.0	0.0265895
7072.0	0.0252515
7073.0	0.0239137
7074.0	0.022576
7075.0	0.0212385
7076.0	0.0199011
7077.0	0.0185639
7078.0	0.0172269
7079.0	0.01589
7080.0	0.0145534
7081.0	0.0138439
7082.0	0.0131346
7083.0	0.0124254
7084.0	0.0117162
7085.0	0.0110071
7086.0	0.0102981
7087.0	0.00958925
7088.0	0.00888045
7089.0	0.00817177
7090.0	0.00746316
7091.0	0.00712071
7092.0	0.00677838
7093.0	0.00643619
7094.0	0.00609412
7095.0	0.00575219
7096.0	0.00541038
7097.0	0.0050687
7098.0	0.00472714
7099.0	0.00438572
7100.0	0.00404443
7101.0	0.00388627
7102.0	0.00372816
7103.0	0.00357011
7104.0	0.00341209
7105.0	0.00325412
7106.0	0.0030962
7107.0	0.00293832
7108.0	0.00278049
7109.0	0.00262271
7110.0	0.00246497
7111.0	0.00238469
7112.0	0.00230442
7113.0	0.00222415
7114.0	0.0021439
7115.0	0.00206367
7116.0	0.00198344
7117.0	0.00190323
7118.0	0.00182303
7119.0	0.00174284
7120.0	0.00166267
7121.0	0.00162426
7122.0	0.00158584
7123.0	0.00154744
7124.0	0.00150903
7125.0	0.00147063
7126.0	0.00143223
7127.0	0.00139384
7128.0	0.00135544
7129.0	0.00131705
7130.0	0.00127866
7131.0	0.00124018
7132.0	0.00120171
7133.0	0.00116325
7134.0	0.00112479
7135.0	0.00108635
7136.0	0.00104791
7137.0	0.00100948
7138.0	0.000971061
7139.0	0.00093265
7140.0	0.000894247
7141.0	0.000878687
7142.0	0.000863132
7143.0	0.000847579
7144.0	0.000832034
7145.0	0.000816488
7146.0	0.000800947
7147.0	0.00078541
7148.0	0.000769878
7149.0	0.00075435
7150.0	0.000738824
7151.0	0.00072327
7152.0	0.000707719
7153.0	0.000692174
7154.0	0.000676635
7155.0	0.000661101
7156.0	0.000645572
7157.0	0.000630051
7158.0	0.000614532
7159.0	0.000599019
7160.0	0.000583513
7161.0	0.000568095
7162.0	0.000552678
7163.0	0.000537262
7164.0	0.000521847
7165.0	0.000506433
7166.0	0.000491021
7167.0	0.000475608
7168.0	0.000460196
7169.0	0.000444786
7170.0	0.000429376
7171.0	0.000413936
7172.0	0.000398496
7173.0	0.000383062
7174.0	0.000367631
7175.0	0.000352203
7176.0	0.000336778
7177.0	0.000321358
7178.0	0.00030594
7179.0	0.000290526
7180.0	0.000275115
7181.0	0.000270424
7182.0	0.000265734
7183.0	0.000261045
7184.0	0.000256357
7185.0	0.00025167
7186.0	0.000246984
7187.0	0.000242298
7188.0	0.000237614
7189.0	0.00023293
7190.0	0.000228248
7191.0	0.000223561
7192.0	0.000218876
7193.0	0.000214191
7194.0	0.000209509
7195.0	0.000204826
7196.0	0.000200146
7197.0	0.000195466
7198.0	0.000190787
7199.0	0.00018611
7200.0	0.000181433
7201.0	0.000176754
7202.0	0.000172076
7203.0	0.000167399
7204.0	0.000162723
7205.0	0.000158049
7206.0	0.000153376
7207.0	0.000148704
7208.0	0.000144034
7209.0	0.000139365
7210.0	0.000134697
7211.0	0.000130022
7212.0	0.000125349
7213.0	0.000120678
7214.0	0.000116009
7215.0	0.000111342
7216.0	0.000106677
7217.0	0.000102013
7218.0	9.73521e-05
7219.0	9.2693e-05
