4323.0	5.98122e-05
4324.0	6.57137e-05
4325.0	7.16168e-05
4326.0	7.75216e-05
4327.0	8.3435e-05
4328.0	8.93434e-05
4329.0	9.52534e-05
4330.0	0.000101165
4331.0	0.000107078
4331.217773	0.000108368
4332.0	0.000111374
4333.0	0.000115208
4334.0	0.000119043
4335.0	0.000122879
4336.0	0.000126716
4337.0	0.000130554
4338.0	0.000134405
4339.0	0.000138245
4340.0	0.000142087
4341.0	0.000145929
4342.0	0.000149773
4343.0	0.000153617
4344.0	0.000157476
4345.0	0.000161323
4346.0	0.000165171
4347.0	0.00016902
4348.0	0.00017287
4349.0	0.000176736
4350.0	0.000180589
4351.0	0.000184442
4351.222656	0.0001853
4352.0	0.000209979
4353.0	0.000241734
4354.0	0.000273497
4355.0	0.000305295
4356.0	0.000337077
4357.0	0.000368869
4358.0	0.000400668
4359.0	0.000432477
4360.0	0.000464293
4361.0	0.00049616
4361.225586	0.000503341
4362.0	0.000561719
4363.0	0.000637121
4364.0	0.000712542
4365.0	0.000787983
4366.0	0.000863518
4367.0	0.000939006
4368.0	0.00101451
4369.0	0.00109004
4370.0	0.00116559
4371.0	0.00124115
4371.228027	0.00125841
4372.0	0.00138626
4373.0	0.0015518
4374.0	0.00171739
4375.0	0.00188301
4376.0	0.00204869
4377.0	0.0022144
4378.0	0.00238037
4379.0	0.00254618
4380.0	0.00271204
4381.0	0.00287795
4381.230469	0.00291619
4382.0	0.00317082
4383.0	0.0035018
4384.0	0.00383318
4385.0	0.00416436
4386.0	0.00449562
4387.0	0.00482697
4388.0	0.0051584
4389.0	0.00548993
4390.0	0.00582203
4391.0	0.00615375
4391.233398	0.00623119
4392.0	0.0066933
4393.0	0.00729624
4394.0	0.00789933
4395.0	0.00850259
4396.0	0.00910678
4397.0	0.0097104
4398.0	0.0103142
4399.0	0.0109181
4400.0	0.0115222
4401.0	0.0121275
4401.23584	0.01227
4402.0	0.0129975
4403.0	0.0139498
4404.0	0.0149022
4405.0	0.015855
4406.0	0.016808
4407.0	0.0177627
4408.0	0.0187163
4409.0	0.0196701
4410.0	0.0206241
4411.0	0.0215784
4411.23877	0.0218063
4412.0	0.022848
4413.0	0.0242168
4414.0	0.0255882
4415.0	0.0269578
4416.0	0.0283278
4417.0	0.0296981
4418.0	0.0310688
4419.0	0.0324398
4420.0	0.0338141
4421.0	0.035186
4421.241211	0.0355169
4422.0	0.0368709
4423.0	0.0386557
4424.0	0.040441
4425.0	0.0422267
4426.0	0.0440167
4427.0	0.0458035
4428.0	0.0475908
4429.0	0.0493785
4430.0	0.0511667
4431.0	0.0529574
4431.244141	0.0533958
4432.0	0.0550171
4433.0	0.0571582
4434.0	0.0593001
4435.0	0.0614426
4436.0	0.0635859
4437.0	0.0657299
4438.0	0.0678803
4439.0	0.0700259
4440.0	0.0721722
4441.0	0.0743192
4441.246582	0.0748487
4442.0	0.0765292
4443.0	0.0787603
4444.0	0.0809991
4445.0	0.0832318
4446.0	0.0854654
4447.0	0.0876996
4448.0	0.0899346
4449.0	0.0921704
4450.0	0.0944149
4451.0	0.0966523
4451.249023	0.0972096
4452.0	0.0989118
4453.0	0.101179
4454.0	0.103447
4455.0	0.105716
4456.0	0.107985
4457.0	0.110265
4458.0	0.112536
4459.0	0.114808
4460.0	0.117081
4461.0	0.119354
4461.251953	0.119927
4462.0	0.121549
4463.0	0.123727
4464.0	0.125896
4465.0	0.128065
4466.0	0.130236
4467.0	0.132407
4468.0	0.134578
4469.0	0.136762
4470.0	0.138936
4471.0	0.14111
4471.254395	0.141663
4472.0	0.143134
4473.0	0.145107
4474.0	0.147081
4475.0	0.149055
4476.0	0.151043
4477.0	0.153019
4478.0	0.154996
4479.0	0.156973
4480.0	0.158951
4481.0	0.160929
4481.257324	0.161442
4482.0	0.162667
4483.0	0.164304
4484.0	0.165941
4485.0	0.167578
4486.0	0.169217
4487.0	0.170855
4488.0	0.172494
4489.0	0.174149
4490.0	0.175789
4491.0	0.17743
4491.259766	0.177857
4492.0	0.178916
4493.0	0.180348
4494.0	0.18178
4495.0	0.183228
4496.0	0.184661
4497.0	0.186095
4498.0	0.187529
4499.0	0.188963
4500.0	0.190398
4501.0	0.191814
4501.262207	0.19219
4502.0	0.19312
4503.0	0.194364
4504.0	0.195608
4505.0	0.196852
4506.0	0.198097
4507.0	0.199342
4508.0	0.200586
4509.0	0.201849
4510.0	0.203094
4511.0	0.204339
4511.265137	0.204669
4512.0	0.205415
4513.0	0.206429
4514.0	0.207443
4515.0	0.208476
4516.0	0.209491
4517.0	0.210506
4518.0	0.211521
4519.0	0.212536
4520.0	0.213551
4521.0	0.214566
4521.267578	0.214843
4522.0	0.215445
4523.0	0.216249
4524.0	0.217053
4525.0	0.217857
4526.0	0.218662
4527.0	0.219466
4528.0	0.220271
4529.0	0.221094
4530.0	0.221899
4531.0	0.222704
4531.270508	0.222922
4532.0	0.223439
4533.0	0.224149
4534.0	0.224859
4535.0	0.225569
4536.0	0.226299
4537.0	0.227009
4538.0	0.22772
4539.0	0.22843
4540.0	0.229141
4541.0	0.229852
4541.272949	0.230046
4542.0	0.23044
4543.0	0.231002
4544.0	0.231544
4545.0	0.232086
4546.0	0.232629
4547.0	0.233171
4548.0	0.233714
4549.0	0.234256
4550.0	0.234819
4551.0	0.235362
4551.275391	0.235511
4552.0	0.235871
4553.0	0.236368
4554.0	0.236865
4555.0	0.237362
4556.0	0.237858
4557.0	0.238376
4558.0	0.238873
4559.0	0.23937
4560.0	0.239867
4561.0	0.240364
4561.27832	0.240503
4562.0	0.240807
4563.0	0.241229
4564.0	0.241672
4565.0	0.242095
4566.0	0.242517
4567.0	0.242939
4568.0	0.243362
4569.0	0.243784
4570.0	0.244207
4571.0	0.24465
4571.280762	0.244769
4572.0	0.244993
4573.0	0.245304
4574.0	0.245616
4575.0	0.245928
4576.0	0.24624
4577.0	0.246551
4578.0	0.246884
4579.0	0.247196
4580.0	0.247508
4581.0	0.24782
4581.283691	0.247909
4582.0	0.24808
4583.0	0.248319
4584.0	0.248559
4585.0	0.248798
4586.0	0.249058
4587.0	0.249298
4588.0	0.249537
4589.0	0.249777
4590.0	0.250016
4591.0	0.250256
4591.286133	0.250324
4592.0	0.250467
4593.0	0.250688
4594.0	0.250888
4595.0	0.251088
4596.0	0.251289
4597.0	0.251489
4598.0	0.251689
4599.0	0.251889
4600.0	0.252111
4601.0	0.252311
4601.288574	0.252368
4602.0	0.252535
4603.0	0.252768
4604.0	0.253002
4605.0	0.253236
4606.0	0.253469
4607.0	0.253703
4608.0	0.253958
4609.0	0.254192
4610.0	0.254426
4611.0	0.25466
4611.291504	0.254728
4612.0	0.254851
4613.0	0.255025
4614.0	0.255199
4615.0	0.255394
4616.0	0.255568
4617.0	0.255742
4618.0	0.255915
4619.0	0.256089
4620.0	0.256263
4621.0	0.256437
4621.293945	0.256488
4622.0	0.256601
4623.0	0.256783
4624.0	0.256944
4625.0	0.257104
4626.0	0.257265
4627.0	0.257425
4628.0	0.257585
4629.0	0.257746
4630.0	0.257906
4631.0	0.258083
4631.296875	0.258129
4632.0	0.258243
4633.0	0.258405
4634.0	0.258567
4635.0	0.258729
4636.0	0.258891
4637.0	0.259053
4638.0	0.259215
4639.0	0.259399
4640.0	0.259561
4641.0	0.259723
4641.299316	0.259772
4642.0	0.259864
4643.0	0.259996
4644.0	0.260128
4645.0	0.26026
4646.0	0.260391
4647.0	0.260545
4648.0	0.260677
4649.0	0.260809
4650.0	0.260941
4651.0	0.261073
4651.301758	0.261113
4652.0	0.26119
4653.0	0.261302
4654.0	0.261436
4655.0	0.261547
4656.0	0.261659
4657.0	0.26177
4658.0	0.261882
4659.0	0.261993
4660.0	0.262105
4661.0	0.262216
4661.304688	0.26225
4662.0	0.262373
4663.0	0.262571
4664.0	0.262747
4665.0	0.262923
4666.0	0.2631
4667.0	0.263276
4668.0	0.263452
4669.0	0.263628
4670.0	0.263804
4671.0	0.264003
4671.307129	0.264057
4672.0	0.264125
4673.0	0.264223
4674.0	0.264321
4675.0	0.264419
4676.0	0.264517
4677.0	0.264615
4678.0	0.264713
4679.0	0.264834
4680.0	0.264932
4681.0	0.26503
4681.310059	0.26506
4682.0	0.265111
4683.0	0.265184
4684.0	0.265258
4685.0	0.265332
4686.0	0.265405
4687.0	0.265502
4688.0	0.265575
4689.0	0.265649
4690.0	0.265722
4691.0	0.265796
4691.3125	0.265819
4692.0	0.265865
4693.0	0.265933
4694.0	0.266
4695.0	0.266067
4696.0	0.266157
4697.0	0.266225
4698.0	0.266292
4699.0	0.26636
4700.0	0.266427
4701.0	0.266494
4701.31543	0.266516
4702.0	0.266529
4703.0	0.266549
4704.0	0.266591
4705.0	0.266611
4706.0	0.266631
4707.0	0.26665
4708.0	0.26667
4709.0	0.26669
4710.0	0.266709
4711.0	0.266729
4711.317871	0.266735
4712.0	0.266811
4713.0	0.266943
4714.0	0.267054
4715.0	0.267164
4716.0	0.267274
4717.0	0.267384
4718.0	0.267494
4719.0	0.267604
4720.0	0.267715
4721.0	0.267825
4721.320312	0.267867
4722.0	0.267946
4723.0	0.268038
4724.0	0.26813
4725.0	0.268223
4726.0	0.268315
4727.0	0.268408
4728.0	0.2685
4729.0	0.268592
4730.0	0.268708
4731.0	0.2688
4731.323242	0.26883
4732.0	0.268901
4733.0	0.269006
4734.0	0.269111
4735.0	0.269217
4736.0	0.269322
4737.0	0.269427
4738.0	0.269532
4739.0	0.269661
4740.0	0.269766
4741.0	0.269871
4741.325684	0.269905
4742.0	0.26994
4743.0	0.269991
4744.0	0.270043
4745.0	0.270094
4746.0	0.270146
4747.0	0.270197
4748.0	0.270271
4749.0	0.270323
4750.0	0.270374
4751.0	0.270426
4751.328613	0.270442
4752.0	0.270522
4753.0	0.270641
4754.0	0.270759
4755.0	0.270878
4756.0	0.270996
4757.0	0.271115
4758.0	0.271257
4759.0	0.271375
4760.0	0.271494
4761.0	0.271613
4761.331055	0.271652
4762.0	0.271684
4763.0	0.271731
4764.0	0.271779
4765.0	0.271826
4766.0	0.271874
4767.0	0.271945
4768.0	0.271992
4769.0	0.27204
4770.0	0.272088
4771.0	0.272135
4771.333984	0.272151
4772.0	0.272184
4773.0	0.272234
4774.0	0.272284
4775.0	0.272333
4776.0	0.272383
4777.0	0.272456
4778.0	0.272505
4779.0	0.272555
4780.0	0.272605
4781.0	0.272654
4781.336426	0.272671
4782.0	0.272736
4783.0	0.272833
4784.0	0.272931
4785.0	0.273029
4786.0	0.27315
4787.0	0.273248
4788.0	0.273345
4789.0	0.273443
4790.0	0.273541
4791.0	0.273638
4791.338867	0.273672
4792.0	0.273728
4793.0	0.273813
4794.0	0.273898
4795.0	0.273983
4796.0	0.274092
4797.0	0.274177
4798.0	0.274262
4799.0	0.274347
4800.0	0.274433
4801.0	0.274518
4801.341797	0.274547
4802.0	0.274612
4803.0	0.27471
4804.0	0.274809
4805.0	0.274907
4806.0	0.275029
4807.0	0.275128
4808.0	0.275226
4809.0	0.275325
4810.0	0.275423
4811.0	0.275522
4811.344238	0.275556
4812.0	0.275589
4813.0	0.27564
4814.0	0.275691
4815.0	0.275741
4816.0	0.275816
4817.0	0.275866
4818.0	0.275917
4819.0	0.275968
4820.0	0.276019
4821.0	0.27607
4821.347168	0.276087
4822.0	0.276145
4823.0	0.276234
4824.0	0.276322
4825.0	0.276411
4826.0	0.276499
4827.0	0.276611
4828.0	0.276699
4829.0	0.276788
4830.0	0.276876
4831.0	0.276962
4831.349609	0.276992
4832.0	0.277032
4833.0	0.277094
4834.0	0.277156
4835.0	0.277218
4836.0	0.27728
4837.0	0.277366
4838.0	0.277428
4839.0	0.27749
4840.0	0.277552
4841.0	0.277614
4841.352539	0.277636
4842.0	0.277689
4843.0	0.277772
4844.0	0.277854
4845.0	0.277937
4846.0	0.27802
4847.0	0.278102
4848.0	0.278209
4849.0	0.278292
4850.0	0.278374
4851.0	0.278457
4851.35498	0.278486
4852.0	0.278495
4853.0	0.278509
4854.0	0.278523
4855.0	0.278537
4856.0	0.278551
4857.0	0.278565
4858.0	0.278579
4859.0	0.278617
4860.0	0.278631
4861.0	0.278645
4861.357422	0.27865
4862.0	0.278651
4863.0	0.278653
4864.0	0.278655
4865.0	0.278657
4866.0	0.278658
4867.0	0.27866
4868.0	0.278662
4869.0	0.278664
4870.0	0.278689
4871.0	0.278691
4871.360352	0.278692
4872.0	0.27873
4873.0	0.27879
4874.0	0.27885
4875.0	0.27891
4876.0	0.27897
4877.0	0.27903
4878.0	0.27909
4879.0	0.27915
4880.0	0.27921
4881.0	0.279293
4881.362793	0.279315
4882.0	0.279343
4883.0	0.279387
4884.0	0.279431
4885.0	0.279474
4886.0	0.279518
4887.0	0.279562
4888.0	0.279606
4889.0	0.27965
4890.0	0.279693
4891.0	0.279737
4891.365723	0.279753
4892.0	0.27978
4893.0	0.279845
4894.0	0.279886
4895.0	0.279928
4896.0	0.279969
4897.0	0.280011
4898.0	0.280052
4899.0	0.280094
4900.0	0.280135
4901.0	0.280177
4901.368164	0.280192
4902.0	0.280231
4903.0	0.280294
4904.0	0.280356
4905.0	0.280442
4906.0	0.280504
4907.0	0.280566
4908.0	0.280628
4909.0	0.280691
4910.0	0.280753
4911.0	0.280815
4911.371094	0.280838
4912.0	0.280864
4913.0	0.280904
4914.0	0.280945
4915.0	0.280985
4916.0	0.281026
4917.0	0.28109
4918.0	0.281131
4919.0	0.281171
4920.0	0.281212
4921.0	0.281253
4921.373535	0.281268
4922.0	0.281272
4923.0	0.28128
4924.0	0.281287
4925.0	0.281295
4926.0	0.281302
4927.0	0.28131
4928.0	0.281317
4929.0	0.281325
4930.0	0.281356
4931.0	0.281364
4931.375977	0.281367
4932.0	0.281417
4933.0	0.281497
4934.0	0.281578
4935.0	0.281659
4936.0	0.281739
4937.0	0.28182
4938.0	0.281901
4939.0	0.281981
4940.0	0.282062
4941.0	0.282143
4941.378906	0.282173
4942.0	0.282188
4943.0	0.282236
4944.0	0.28226
4945.0	0.282284
4946.0	0.282309
4947.0	0.282333
4948.0	0.282357
4949.0	0.282381
4950.0	0.282405
4951.0	0.282429
4951.381348	0.282438
4952.0	0.282468
4953.0	0.282515
4954.0	0.282563
4955.0	0.282611
4956.0	0.282682
4957.0	0.28273
4958.0	0.282777
4959.0	0.282825
4960.0	0.282873
4961.0	0.28292
4961.384277	0.282939
4962.0	0.282983
4963.0	0.283055
4964.0	0.283127
4965.0	0.283199
4966.0	0.283271
4967.0	0.283343
4968.0	0.283415
4969.0	0.283511
4970.0	0.283583
4971.0	0.283655
4971.386719	0.283682
4972.0	0.283696
4973.0	0.283719
4974.0	0.283742
4975.0	0.283764
4976.0	0.283787
4977.0	0.28381
4978.0	0.283833
4979.0	0.283855
4980.0	0.283878
4981.0	0.283901
4981.389648	0.28391
4982.0	0.283947
4983.0	0.284007
4984.0	0.284092
4985.0	0.284152
4986.0	0.284212
4987.0	0.284273
4988.0	0.284333
4989.0	0.284394
4990.0	0.284454
4991.0	0.284515
4991.39209	0.284539
4992.0	0.284528
4993.0	0.284512
4994.0	0.284495
4995.0	0.284478
4996.0	0.284461
4997.0	0.284444
4998.0	0.284452
4999.0	0.284435
5000.0	0.284418
5001.0	0.284394
5001.39502	0.284385
5002.0	0.28442
5003.0	0.284479
5004.0	0.284537
5005.0	0.284596
5006.0	0.284655
5007.0	0.284713
5008.0	0.284772
5009.0	0.284831
5010.0	0.28489
5011.0	0.284948
5011.397461	0.284972
5012.0	0.285005
5013.0	0.285085
5014.0	0.285141
5015.0	0.285196
5016.0	0.285252
5017.0	0.285307
5018.0	0.285363
5019.0	0.285419
5020.0	0.285474
5021.0	0.28553
5021.399902	0.285552
5022.0	0.285551
5023.0	0.285548
5024.0	0.285546
5025.0	0.285543
5026.0	0.285541
5027.0	0.285538
5028.0	0.285536
5029.0	0.285558
5030.0	0.285555
5031.0	0.285546
5031.402832	0.285543
5032.0	0.285561
5033.0	0.285592
5034.0	0.285623
5035.0	0.285654
5036.0	0.285685
5037.0	0.285716
5038.0	0.285747
5039.0	0.285778
5040.0	0.285809
5041.0	0.28584
5041.405273	0.285853
5042.0	0.285865
5043.0	0.285887
5044.0	0.285908
5045.0	0.285929
5046.0	0.285975
5047.0	0.285996
5048.0	0.286018
5049.0	0.286039
5050.0	0.286061
5051.0	0.286082
5051.408203	0.286091
5052.0	0.286102
5053.0	0.286121
5054.0	0.28614
5055.0	0.286159
5056.0	0.286178
5057.0	0.286198
5058.0	0.286217
5059.0	0.286236
5060.0	0.286255
5061.0	0.286274
5061.410645	0.286282
5062.0	0.286282
5063.0	0.286306
5064.0	0.286306
5065.0	0.286306
5066.0	0.286305
5067.0	0.286305
5068.0	0.286305
5069.0	0.286305
5070.0	0.286304
5071.0	0.286304
5071.413574	0.286304
5072.0	0.286307
5073.0	0.286311
5074.0	0.286315
5075.0	0.28632
5076.0	0.286324
5077.0	0.286328
5078.0	0.286332
5079.0	0.286337
5080.0	0.286341
5081.0	0.286345
5081.416016	0.286357
5082.0	0.286374
5083.0	0.286377
5084.0	0.286381
5085.0	0.286384
5086.0	0.286388
5087.0	0.286391
5088.0	0.286395
5089.0	0.286398
5090.0	0.286402
5091.0	0.286406
5091.418945	0.286407
5092.0	0.286414
5093.0	0.286426
5094.0	0.286439
5095.0	0.286451
5096.0	0.286463
5097.0	0.286475
5098.0	0.286488
5099.0	0.2865
5100.0	0.286512
5101.0	0.286549
5101.421387	0.286554
5102.0	0.286555
5103.0	0.286555
5104.0	0.286556
5105.0	0.286557
5106.0	0.286558
5107.0	0.286559
5108.0	0.28656
5109.0	0.286561
5110.0	0.286562
5111.0	0.286562
5111.424316	0.286563
5112.0	0.28656
5113.0	0.286554
5114.0	0.286549
5115.0	0.286544
5116.0	0.286538
5117.0	0.286533
5118.0	0.286528
5119.0	0.286522
5120.0	0.286517
5121.0	0.286512
5121.426758	0.28652
5122.0	0.286575
5123.0	0.286647
5124.0	0.286719
5125.0	0.286791
5126.0	0.286863
5127.0	0.286935
5128.0	0.287007
5129.0	0.287079
5130.0	0.287151
5131.0	0.287223
5131.429199	0.287253
5132.0	0.287254
5133.0	0.287255
5134.0	0.287256
5135.0	0.287257
5136.0	0.287258
5137.0	0.287259
5138.0	0.287261
5139.0	0.287262
5140.0	0.287263
5141.0	0.287264
5141.432129	0.287264
5142.0	0.287272
5143.0	0.287285
5144.0	0.287322
5145.0	0.287335
5146.0	0.287348
5147.0	0.287361
5148.0	0.287373
5149.0	0.287386
5150.0	0.287399
5151.0	0.287412
5151.43457	0.287418
5152.0	0.287437
5153.0	0.28747
5154.0	0.287503
5155.0	0.287537
5156.0	0.28757
5157.0	0.287603
5158.0	0.287637
5159.0	0.28767
5160.0	0.287703
5161.0	0.287737
5161.4375	0.287751
5162.0	0.287731
5163.0	0.287696
5164.0	0.28766
5165.0	0.287625
5166.0	0.28759
5167.0	0.287554
5168.0	0.287519
5169.0	0.287508
5170.0	0.287473
5171.0	0.287437
5171.439941	0.287421
5172.0	0.287395
5173.0	0.287348
5174.0	0.2873
5175.0	0.287253
5176.0	0.287205
5177.0	0.287158
5178.0	0.287111
5179.0	0.287063
5180.0	0.287016
5181.0	0.286969
5181.442871	0.286948
5182.0	0.286972
5183.0	0.287014
5184.0	0.287057
5185.0	0.2871
5186.0	0.287143
5187.0	0.287186
5188.0	0.287229
5189.0	0.287272
5190.0	0.287315
5191.0	0.287357
5191.445312	0.287377
5192.0	0.287355
5193.0	0.287316
5194.0	0.287277
5195.0	0.287238
5196.0	0.287199
5197.0	0.287184
5198.0	0.287145
5199.0	0.287106
5200.0	0.287067
5201.0	0.287028
5201.448242	0.28701
5202.0	0.286988
5203.0	0.286947
5204.0	0.286907
5205.0	0.286866
5206.0	0.286826
5207.0	0.286785
5208.0	0.286744
5209.0	0.286704
5210.0	0.286663
5211.0	0.286622
5211.450684	0.286604
5212.0	0.286636
5213.0	0.286695
5214.0	0.286754
5215.0	0.286813
5216.0	0.286871
5217.0	0.28693
5218.0	0.286989
5219.0	0.287048
5220.0	0.287106
5221.0	0.287165
5221.453613	0.287192
5222.0	0.287188
5223.0	0.287181
5224.0	0.287174
5225.0	0.287167
5226.0	0.287161
5227.0	0.287154
5228.0	0.287147
5229.0	0.28714
5230.0	0.287157
5231.0	0.287152
5231.456055	0.28715
5232.0	0.287102
5233.0	0.287014
5234.0	0.286926
5235.0	0.286838
5236.0	0.286751
5237.0	0.286663
5238.0	0.286575
5239.0	0.286487
5240.0	0.286399
5241.0	0.286311
5241.458496	0.286271
5242.0	0.286273
5243.0	0.286275
5244.0	0.286278
5245.0	0.286281
5246.0	0.286283
5247.0	0.286286
5248.0	0.286289
5249.0	0.286291
5250.0	0.286294
5251.0	0.286297
5251.461426	0.286298
5252.0	0.286271
5253.0	0.28622
5254.0	0.286169
5255.0	0.286119
5256.0	0.286068
5257.0	0.286017
5258.0	0.285967
5259.0	0.285916
5260.0	0.285865
5261.0	0.285815
5261.463867	0.285791
5262.0	0.28574
5263.0	0.285644
5264.0	0.285548
5265.0	0.285451
5266.0	0.285355
5267.0	0.285259
5268.0	0.285163
5269.0	0.285067
5270.0	0.284995
5271.0	0.284899
5271.466797	0.284854
5272.0	0.284821
5273.0	0.284758
5274.0	0.284696
5275.0	0.284634
5276.0	0.284571
5277.0	0.284509
5278.0	0.284446
5279.0	0.284384
5280.0	0.284322
5281.0	0.284259
5281.469238	0.28423
5282.0	0.284207
5283.0	0.284163
5284.0	0.28412
5285.0	0.284077
5286.0	0.284033
5287.0	0.28399
5288.0	0.283946
5289.0	0.283903
5290.0	0.28386
5291.0	0.283816
5291.472168	0.283796
5292.0	0.283804
5293.0	0.28382
5294.0	0.283836
5295.0	0.283853
5296.0	0.283869
5297.0	0.283885
5298.0	0.283901
5299.0	0.283917
5300.0	0.283933
5301.0	0.283949
5301.474609	0.283957
5302.0	0.283938
5303.0	0.283904
5304.0	0.283869
5305.0	0.283834
5306.0	0.283799
5307.0	0.283764
5308.0	0.283729
5309.0	0.283694
5310.0	0.283659
5311.0	0.283625
5311.477539	0.283608
5312.0	0.283578
5313.0	0.28352
5314.0	0.283462
5315.0	0.283405
5316.0	0.283347
5317.0	0.283289
5318.0	0.283232
5319.0	0.283174
5320.0	0.283116
5321.0	0.283059
5321.47998	0.283031
5322.0	0.283017
5323.0	0.282989
5324.0	0.28296
5325.0	0.282932
5326.0	0.282904
5327.0	0.282876
5328.0	0.282848
5329.0	0.28282
5330.0	0.282792
5331.0	0.282764
5331.48291	0.28275
5332.0	0.282724
5333.0	0.282698
5334.0	0.282647
5335.0	0.282596
5336.0	0.282546
5337.0	0.282495
5338.0	0.282444
5339.0	0.282394
5340.0	0.282343
5341.0	0.282292
5341.485352	0.282268
5342.0	0.282246
5343.0	0.282203
5344.0	0.28216
5345.0	0.282117
5346.0	0.282074
5347.0	0.282031
5348.0	0.281988
5349.0	0.281945
5350.0	0.281902
5351.0	0.281859
5351.487793	0.281837
5352.0	0.281817
5353.0	0.281778
5354.0	0.281739
5355.0	0.2817
5356.0	0.281661
5357.0	0.281622
5358.0	0.281583
5359.0	0.281543
5360.0	0.281504
5361.0	0.281465
5361.490723	0.281446
5362.0	0.281425
5363.0	0.281383
5364.0	0.281341
5365.0	0.2813
5366.0	0.281258
5367.0	0.281217
5368.0	0.281175
5369.0	0.281134
5370.0	0.281092
5371.0	0.28105
5371.493164	0.28103
5372.0	0.280972
5373.0	0.280859
5374.0	0.280746
5375.0	0.280632
5376.0	0.280519
5377.0	0.280406
5378.0	0.280292
5379.0	0.280179
5380.0	0.280066
5381.0	0.279953
5381.496094	0.279896
5382.0	0.279863
5383.0	0.279795
5384.0	0.279728
5385.0	0.279661
5386.0	0.279594
5387.0	0.279527
5388.0	0.27946
5389.0	0.279393
5390.0	0.279326
5391.0	0.279259
5391.498535	0.279226
5392.0	0.279164
5393.0	0.279041
5394.0	0.278918
5395.0	0.278795
5396.0	0.278672
5397.0	0.278549
5398.0	0.278426
5399.0	0.278303
5400.0	0.27818
5401.0	0.278057
5401.501465	0.277995
5402.0	0.277929
5403.0	0.277795
5404.0	0.277661
5405.0	0.277527
5406.0	0.277393
5407.0	0.277259
5408.0	0.277125
5409.0	0.276991
5410.0	0.276857
5411.0	0.276723
5411.503906	0.276656
5412.0	0.276621
5413.0	0.276551
5414.0	0.27648
5415.0	0.27641
5416.0	0.27634
5417.0	0.27627
5418.0	0.276199
5419.0	0.276129
5420.0	0.276059
5421.0	0.275989
5421.506836	0.275953
5422.0	0.27593
5423.0	0.275885
5424.0	0.275839
5425.0	0.275794
5426.0	0.275748
5427.0	0.275702
5428.0	0.275657
5429.0	0.275611
5430.0	0.275566
5431.0	0.27552
5431.509277	0.275496
5432.0	0.275454
5433.0	0.275366
5434.0	0.275279
5435.0	0.275192
5436.0	0.275104
5437.0	0.275017
5438.0	0.27493
5439.0	0.274842
5440.0	0.274755
5441.0	0.274668
5441.512207	0.274623
5442.0	0.274586
5443.0	0.274509
5444.0	0.274432
5445.0	0.274356
5446.0	0.274279
5447.0	0.274203
5448.0	0.274126
5449.0	0.27405
5450.0	0.273973
5451.0	0.273896
5451.514648	0.273857
5452.0	0.273813
5453.0	0.273722
5454.0	0.273631
5455.0	0.27354
5456.0	0.273449
5457.0	0.273358
5458.0	0.273267
5459.0	0.273176
5460.0	0.273061
5461.0	0.27297
5461.517578	0.272923
5462.0	0.272864
5463.0	0.272741
5464.0	0.272618
5465.0	0.272495
5466.0	0.272372
5467.0	0.272249
5468.0	0.272126
5469.0	0.272003
5470.0	0.27188
5471.0	0.271757
5471.52002	0.271693
5472.0	0.271662
5473.0	0.271598
5474.0	0.271534
5475.0	0.271469
5476.0	0.271405
5477.0	0.271341
5478.0	0.271276
5479.0	0.271212
5480.0	0.271148
5481.0	0.271084
5481.522461	0.27105
5482.0	0.27101
5483.0	0.270927
5484.0	0.270844
5485.0	0.270761
5486.0	0.270678
5487.0	0.270595
5488.0	0.270512
5489.0	0.270429
5490.0	0.270346
5491.0	0.270263
5491.525391	0.270219
5492.0	0.270141
5493.0	0.269977
5494.0	0.269812
5495.0	0.269647
5496.0	0.269483
5497.0	0.269318
5498.0	0.269153
5499.0	0.268989
5500.0	0.268824
5501.0	0.268661
5501.527832	0.268574
5502.0	0.268492
5503.0	0.268317
5504.0	0.268143
5505.0	0.267968
5506.0	0.267794
5507.0	0.267619
5508.0	0.267444
5509.0	0.26727
5510.0	0.267095
5511.0	0.266921
5511.530762	0.266828
5512.0	0.266768
5513.0	0.266642
5514.0	0.266515
5515.0	0.266389
5516.0	0.266262
5517.0	0.266136
5518.0	0.266009
5519.0	0.265883
5520.0	0.265756
5521.0	0.26563
5521.533203	0.26555
5522.0	0.265496
5523.0	0.265403
5524.0	0.26531
5525.0	0.265218
5526.0	0.265125
5527.0	0.265032
5528.0	0.264939
5529.0	0.264846
5530.0	0.264754
5531.0	0.264661
5531.536133	0.264611
5532.0	0.264545
5533.0	0.264403
5534.0	0.264262
5535.0	0.26412
5536.0	0.263978
5537.0	0.263837
5538.0	0.263695
5539.0	0.263553
5540.0	0.263412
5541.0	0.26327
5541.538574	0.263194
5542.0	0.263136
5543.0	0.263012
5544.0	0.262887
5545.0	0.262763
5546.0	0.262639
5547.0	0.262514
5548.0	0.26239
5549.0	0.262265
5550.0	0.262141
5551.0	0.262017
5551.541504	0.261949
5552.0	0.261882
5553.0	0.261737
5554.0	0.261591
5555.0	0.261446
5556.0	0.2613
5557.0	0.261154
5558.0	0.261009
5559.0	0.260863
5560.0	0.260718
5561.0	0.260572
5561.543945	0.260493
5562.0	0.260444
5563.0	0.260314
5564.0	0.260207
5565.0	0.260099
5566.0	0.259992
5567.0	0.259884
5568.0	0.259777
5569.0	0.259669
5570.0	0.259562
5571.0	0.259454
5571.546875	0.259395
5572.0	0.259329
5573.0	0.259184
5574.0	0.259038
5575.0	0.258892
5576.0	0.258747
5577.0	0.258601
5578.0	0.258455
5579.0	0.258309
5580.0	0.258164
5581.0	0.258018
5581.549316	0.257938
5582.0	0.257874
5583.0	0.257733
5584.0	0.257592
5585.0	0.25745
5586.0	0.257309
5587.0	0.257167
5588.0	0.257026
5589.0	0.256885
5590.0	0.256744
5591.0	0.256602
5591.552246	0.256524
5592.0	0.256469
5593.0	0.256347
5594.0	0.256225
5595.0	0.256081
5596.0	0.255959
5597.0	0.255836
5598.0	0.255714
5599.0	0.255592
5600.0	0.25547
5601.0	0.255347
5601.554688	0.255279
5602.0	0.255191
5603.0	0.254991
5604.0	0.254792
5605.0	0.254593
5606.0	0.254394
5607.0	0.254195
5608.0	0.253995
5609.0	0.253796
5610.0	0.253597
5611.0	0.253398
5611.557617	0.253287
5612.0	0.253201
5613.0	0.253008
5614.0	0.252815
5615.0	0.252622
5616.0	0.252429
5617.0	0.252236
5618.0	0.252043
5619.0	0.25185
5620.0	0.251657
5621.0	0.251463
5621.560059	0.251355
5622.0	0.251258
5623.0	0.251017
5624.0	0.250797
5625.0	0.250577
5626.0	0.250357
5627.0	0.250136
5628.0	0.249916
5629.0	0.249696
5630.0	0.249476
5631.0	0.24925
5631.562988	0.249122
5632.0	0.249027
5633.0	0.24881
5634.0	0.248594
5635.0	0.248377
5636.0	0.24816
5637.0	0.247943
5638.0	0.247727
5639.0	0.24751
5640.0	0.247293
5641.0	0.247077
5641.56543	0.246954
5642.0	0.246895
5643.0	0.246758
5644.0	0.246621
5645.0	0.246485
5646.0	0.246348
5647.0	0.246211
5648.0	0.246054
5649.0	0.245917
5650.0	0.245781
5651.0	0.245644
5651.567871	0.245567
5652.0	0.245489
5653.0	0.245309
5654.0	0.245129
5655.0	0.244949
5656.0	0.244768
5657.0	0.244588
5658.0	0.244408
5659.0	0.244228
5660.0	0.244048
5661.0	0.243868
5661.570801	0.243765
5662.0	0.243685
5663.0	0.243496
5664.0	0.243308
5665.0	0.24312
5666.0	0.242931
5667.0	0.242743
5668.0	0.242555
5669.0	0.242366
5670.0	0.242178
5671.0	0.241969
5671.57373	0.241861
5672.0	0.241769
5673.0	0.241555
5674.0	0.24134
5675.0	0.241125
5676.0	0.240911
5677.0	0.240696
5678.0	0.240481
5679.0	0.240267
5680.0	0.240052
5681.0	0.239838
5681.576172	0.239714
5682.0	0.239626
5683.0	0.239419
5684.0	0.239211
5685.0	0.239004
5686.0	0.238796
5687.0	0.238589
5688.0	0.238382
5689.0	0.238174
5690.0	0.237967
5691.0	0.23776
5691.578613	0.237628
5692.0	0.23754
5693.0	0.237351
5694.0	0.237163
5695.0	0.236974
5696.0	0.236786
5697.0	0.236597
5698.0	0.236409
5699.0	0.23622
5700.0	0.236032
5701.0	0.235843
5701.581543	0.235734
5702.0	0.235629
5703.0	0.235379
5704.0	0.23513
5705.0	0.23488
5706.0	0.23463
5707.0	0.23438
5708.0	0.234131
5709.0	0.233881
5710.0	0.233631
5711.0	0.233362
5711.583984	0.233216
5712.0	0.233143
5713.0	0.232967
5714.0	0.232792
5715.0	0.232616
5716.0	0.232441
5717.0	0.232265
5718.0	0.23209
5719.0	0.231914
5720.0	0.231739
5721.0	0.231563
5721.586914	0.23146
5722.0	0.231374
5723.0	0.231164
5724.0	0.230954
5725.0	0.230744
5726.0	0.230534
5727.0	0.230324
5728.0	0.230115
5729.0	0.229885
5730.0	0.229676
5731.0	0.229466
5731.589355	0.229342
5732.0	0.229248
5733.0	0.229017
5734.0	0.228787
5735.0	0.228557
5736.0	0.228327
5737.0	0.228097
5738.0	0.227866
5739.0	0.227636
5740.0	0.227406
5741.0	0.227176
5741.592285	0.22704
5742.0	0.226941
5743.0	0.226699
5744.0	0.226456
5745.0	0.226214
5746.0	0.225971
5747.0	0.22571
5748.0	0.225467
5749.0	0.225225
5750.0	0.224983
5751.0	0.224741
5751.594727	0.224596
5752.0	0.224522
5753.0	0.224338
5754.0	0.224154
5755.0	0.22397
5756.0	0.223785
5757.0	0.223601
5758.0	0.223417
5759.0	0.223233
5760.0	0.223049
5761.0	0.222865
5761.597656	0.222756
5762.0	0.222653
5763.0	0.22238
5764.0	0.222126
5765.0	0.221872
5766.0	0.221619
5767.0	0.221365
5768.0	0.221111
5769.0	0.220857
5770.0	0.220603
5771.0	0.220349
5771.600098	0.220197
5772.0	0.220098
5773.0	0.21985
5774.0	0.219603
5775.0	0.219355
5776.0	0.219108
5777.0	0.21886
5778.0	0.218613
5779.0	0.218347
5780.0	0.218099
5781.0	0.217852
5781.603027	0.217703
5782.0	0.217592
5783.0	0.217315
5784.0	0.217037
5785.0	0.21676
5786.0	0.216482
5787.0	0.216205
5788.0	0.215927
5789.0	0.21565
5790.0	0.215372
5791.0	0.215095
5791.605469	0.214927
5792.0	0.214837
5793.0	0.21461
5794.0	0.214365
5795.0	0.214138
5796.0	0.213912
5797.0	0.213685
5798.0	0.213458
5799.0	0.213231
5800.0	0.213004
5801.0	0.212778
5801.608398	0.21264
5802.0	0.212528
5803.0	0.212243
5804.0	0.211957
5805.0	0.211672
5806.0	0.211387
5807.0	0.211101
5808.0	0.210816
5809.0	0.210513
5810.0	0.210228
5811.0	0.209943
5811.61084	0.209769
5812.0	0.209667
5813.0	0.209404
5814.0	0.209142
5815.0	0.20888
5816.0	0.208618
5817.0	0.208356
5818.0	0.208094
5819.0	0.207831
5820.0	0.207569
5821.0	0.207307
5821.61377	0.207147
5822.0	0.207067
5823.0	0.206842
5824.0	0.206635
5825.0	0.206428
5826.0	0.206221
5827.0	0.206014
5828.0	0.205806
5829.0	0.205599
5830.0	0.205392
5831.0	0.205189
5831.616211	0.205063
5832.0	0.204963
5833.0	0.204701
5834.0	0.204439
5835.0	0.204177
5836.0	0.203915
5837.0	0.203636
5838.0	0.203375
5839.0	0.203113
5840.0	0.202851
5841.0	0.202589
5841.619141	0.202427
5842.0	0.202319
5843.0	0.202034
5844.0	0.201748
5845.0	0.201463
5846.0	0.201178
5847.0	0.200893
5848.0	0.200608
5849.0	0.200322
5850.0	0.20002
5851.0	0.199735
5851.621582	0.199558
5852.0	0.19947
5853.0	0.199236
5854.0	0.199003
5855.0	0.198769
5856.0	0.198536
5857.0	0.198303
5858.0	0.198069
5859.0	0.197836
5860.0	0.197602
5861.0	0.197369
5861.624512	0.197223
5862.0	0.197122
5863.0	0.196834
5864.0	0.196563
5865.0	0.196292
5866.0	0.196021
5867.0	0.19575
5868.0	0.195479
5869.0	0.195209
5870.0	0.194938
5871.0	0.194667
5871.626953	0.194497
5872.0	0.194395
5873.0	0.194123
5874.0	0.19385
5875.0	0.193577
5876.0	0.193288
5877.0	0.193015
5878.0	0.192743
5879.0	0.19247
5880.0	0.192197
5881.0	0.191925
5881.629883	0.191753
5882.0	0.191653
5883.0	0.191382
5884.0	0.191111
5885.0	0.190841
5886.0	0.19057
5887.0	0.1903
5888.0	0.190013
5889.0	0.189743
5890.0	0.189472
5891.0	0.189202
5891.632324	0.189031
5892.0	0.188924
5893.0	0.188634
5894.0	0.188344
5895.0	0.188054
5896.0	0.187764
5897.0	0.187474
5898.0	0.187184
5899.0	0.186894
5900.0	0.186588
5901.0	0.186298
5901.634766	0.186114
5902.0	0.186011
5903.0	0.185727
5904.0	0.185444
5905.0	0.185161
5906.0	0.184877
5907.0	0.184594
5908.0	0.184311
5909.0	0.184028
5910.0	0.183745
5911.0	0.183446
5911.637695	0.183266
5912.0	0.183173
5913.0	0.182916
5914.0	0.18266
5915.0	0.182403
5916.0	0.182147
5917.0	0.18189
5918.0	0.181634
5919.0	0.181377
5920.0	0.181121
5921.0	0.180865
5921.640625	0.180701
5922.0	0.180605
5923.0	0.180323
5924.0	0.180056
5925.0	0.179789
5926.0	0.179522
5927.0	0.179256
5928.0	0.178989
5929.0	0.178722
5930.0	0.178456
5931.0	0.178189
5931.643066	0.178018
5932.0	0.177918
5933.0	0.177639
5934.0	0.177345
5935.0	0.177065
5936.0	0.176786
5937.0	0.176507
5938.0	0.176228
5939.0	0.175949
5940.0	0.17567
5941.0	0.175391
5941.645508	0.175211
5942.0	0.175113
5943.0	0.174835
5944.0	0.174556
5945.0	0.174264
5946.0	0.173985
5947.0	0.173707
5948.0	0.173429
5949.0	0.173151
5950.0	0.172874
5951.0	0.172596
5951.648438	0.172415
5952.0	0.172316
5953.0	0.172032
5954.0	0.171748
5955.0	0.171464
5956.0	0.171165
5957.0	0.170882
5958.0	0.170598
5959.0	0.170314
5960.0	0.17003
5961.0	0.169747
5961.650879	0.169562
5962.0	0.169466
5963.0	0.169189
5964.0	0.168913
5965.0	0.168637
5966.0	0.168346
5967.0	0.16807
5968.0	0.167794
5969.0	0.167518
5970.0	0.167241
5971.0	0.166965
5971.653809	0.166785
5972.0	0.166688
5973.0	0.166407
5974.0	0.166127
5975.0	0.165847
5976.0	0.165552
5977.0	0.165272
5978.0	0.164992
5979.0	0.164711
5980.0	0.164431
5981.0	0.164151
5981.656738	0.163967
5982.0	0.163869
5983.0	0.163586
5984.0	0.163302
5985.0	0.163018
5986.0	0.162734
5987.0	0.162436
5988.0	0.162153
5989.0	0.161869
5990.0	0.161585
5991.0	0.161301
5991.65918	0.161114
5992.0	0.161012
5993.0	0.16071
5994.0	0.160409
5995.0	0.160108
5996.0	0.159806
5997.0	0.159491
5998.0	0.15919
5999.0	0.158889
6000.0	0.158588
6001.0	0.158298
6001.661621	0.158107
6002.0	0.158011
6003.0	0.157727
6004.0	0.157444
6005.0	0.15716
6006.0	0.156863
6007.0	0.156579
6008.0	0.156296
6009.0	0.156012
6010.0	0.155728
6011.0	0.155445
6011.664551	0.155256
6012.0	0.155163
6013.0	0.154886
6014.0	0.154608
6015.0	0.15433
6016.0	0.15404
6017.0	0.153762
6018.0	0.153484
6019.0	0.153206
6020.0	0.152929
6021.0	0.152651
6021.666992	0.152466
6022.0	0.15238
6023.0	0.152124
6024.0	0.151868
6025.0	0.151599
6026.0	0.151343
6027.0	0.151087
6028.0	0.15083
6029.0	0.150574
6030.0	0.150318
6031.0	0.15006
6031.669922	0.149887
6032.0	0.149794
6033.0	0.149511
6034.0	0.149228
6035.0	0.148933
6036.0	0.14865
6037.0	0.148367
6038.0	0.148084
6039.0	0.147802
6040.0	0.147519
6041.0	0.147236
6041.672363	0.147046
6042.0	0.146956
6043.0	0.146684
6044.0	0.146399
6045.0	0.146127
6046.0	0.145855
6047.0	0.145582
6048.0	0.14531
6049.0	0.145038
6050.0	0.144765
6051.0	0.144493
6051.675293	0.144309
6052.0	0.144222
6053.0	0.143941
6054.0	0.143672
6055.0	0.143404
6056.0	0.143135
6057.0	0.142866
6058.0	0.142598
6059.0	0.142329
6060.0	0.142061
6061.0	0.141792
6061.677734	0.141602
6062.0	0.14151
6063.0	0.141239
6064.0	0.140967
6065.0	0.140695
6066.0	0.140424
6067.0	0.140152
6068.0	0.13988
6069.0	0.139609
6070.0	0.139337
6071.0	0.139053
6071.680664	0.138868
6072.0	0.138775
6073.0	0.138481
6074.0	0.138188
6075.0	0.137895
6076.0	0.137601
6077.0	0.137308
6078.0	0.137014
6079.0	0.136721
6080.0	0.136416
6081.0	0.136122
6081.683105	0.135922
6082.0	0.135844
6083.0	0.135597
6084.0	0.135351
6085.0	0.135105
6086.0	0.134858
6087.0	0.134612
6088.0	0.134354
6089.0	0.134108
6090.0	0.133862
6091.0	0.133615
6091.686035	0.133446
6092.0	0.13336
6093.0	0.133085
6094.0	0.13281
6095.0	0.132535
6096.0	0.13226
6097.0	0.131974
6098.0	0.131699
6099.0	0.131424
6100.0	0.131149
6101.0	0.130874
6101.688477	0.130684
6102.0	0.130599
6103.0	0.130324
6104.0	0.130049
6105.0	0.129763
6106.0	0.129488
6107.0	0.129213
6108.0	0.128938
6109.0	0.128663
6110.0	0.128388
6111.0	0.128112
6111.691406	0.127922
6112.0	0.127837
6113.0	0.12756
6114.0	0.127272
6115.0	0.126995
6116.0	0.126718
6117.0	0.126441
6118.0	0.126164
6119.0	0.125886
6120.0	0.125609
6121.0	0.125332
6121.693848	0.125133
6122.0	0.125046
6123.0	0.124774
6124.0	0.124502
6125.0	0.124229
6126.0	0.123957
6127.0	0.123685
6128.0	0.123413
6129.0	0.12314
6130.0	0.122858
6131.0	0.122585
6131.696777	0.122396
6132.0	0.122311
6133.0	0.122032
6134.0	0.121752
6135.0	0.121473
6136.0	0.121194
6137.0	0.120915
6138.0	0.120625
6139.0	0.120346
6140.0	0.120066
6141.0	0.119787
6141.699219	0.119592
6142.0	0.119511
6143.0	0.119245
6144.0	0.118979
6145.0	0.118713
6146.0	0.118437
6147.0	0.11817
6148.0	0.117904
6149.0	0.117638
6150.0	0.117372
6151.0	0.117105
6151.702148	0.116918
6152.0	0.116844
6153.0	0.116593
6154.0	0.116333
6155.0	0.116082
6156.0	0.115831
6157.0	0.115581
6158.0	0.11533
6159.0	0.11508
6160.0	0.114829
6161.0	0.114578
6161.70459	0.114395
6162.0	0.11431
6163.0	0.114032
6164.0	0.113754
6165.0	0.113475
6166.0	0.113197
6167.0	0.112919
6168.0	0.112641
6169.0	0.112353
6170.0	0.112075
6171.0	0.111797
6171.70752	0.1116
6172.0	0.111526
6173.0	0.111274
6174.0	0.111022
6175.0	0.11077
6176.0	0.110518
6177.0	0.110257
6178.0	0.110005
6179.0	0.109753
6180.0	0.109501
6181.0	0.109249
6181.709961	0.10907
6182.0	0.108994
6183.0	0.108734
6184.0	0.108474
6185.0	0.108205
6186.0	0.107945
6187.0	0.107685
6188.0	0.107425
6189.0	0.107165
6190.0	0.106905
6191.0	0.106645
6191.712891	0.106453
6192.0	0.106375
6193.0	0.106114
6194.0	0.105852
6195.0	0.10559
6196.0	0.105328
6197.0	0.105066
6198.0	0.104804
6199.0	0.104543
6200.0	0.104272
6201.0	0.10401
6201.715332	0.103823
6202.0	0.103753
6203.0	0.103508
6204.0	0.103263
6205.0	0.103018
6206.0	0.102772
6207.0	0.102519
6208.0	0.102273
6209.0	0.102028
6210.0	0.101783
6211.0	0.101538
6211.718262	0.101362
6212.0	0.101291
6213.0	0.101037
6214.0	0.100775
6215.0	0.100522
6216.0	0.100269
6217.0	0.100015
6218.0	0.0997618
6219.0	0.0995084
6220.0	0.099255
6221.0	0.0989931
6221.720703	0.0988105
6222.0	0.0987428
6223.0	0.0985007
6224.0	0.0982585
6225.0	0.0980163
6226.0	0.0977741
6227.0	0.0975319
6228.0	0.0972896
6229.0	0.0970391
6230.0	0.0967968
6231.0	0.0965552
6231.723633	0.0963803
6232.0	0.0963093
6233.0	0.0960524
6234.0	0.0957955
6235.0	0.0955385
6236.0	0.0952734
6237.0	0.0950164
6238.0	0.0947594
6239.0	0.0945024
6240.0	0.0942454
6241.0	0.0939883
6241.726074	0.0938016
6242.0	0.0937373
6243.0	0.0934948
6244.0	0.0932602
6245.0	0.0930256
6246.0	0.092791
6247.0	0.0925563
6248.0	0.0923217
6249.0	0.092087
6250.0	0.0918445
6251.0	0.0916098
6251.729004	0.0914386
6252.0	0.0913756
6253.0	0.0911429
6254.0	0.0909102
6255.0	0.0906774
6256.0	0.0904447
6257.0	0.0902042
6258.0	0.0899714
6259.0	0.0897386
6260.0	0.0895058
6261.0	0.089273
6261.731445	0.0891026
6262.0	0.089038
6263.0	0.0887974
6264.0	0.0885492
6265.0	0.0883086
6266.0	0.0880679
6267.0	0.0878273
6268.0	0.0875866
6269.0	0.0873459
6270.0	0.0870977
6271.0	0.086857
6271.734375	0.0866802
6272.0	0.0866175
6273.0	0.0863815
6274.0	0.0861455
6275.0	0.0859095
6276.0	0.0856734
6277.0	0.0854301
6278.0	0.085194
6279.0	0.0849579
6280.0	0.0847218
6281.0	0.0844857
6281.736816	0.0843116
6282.0	0.0842504
6283.0	0.0840178
6284.0	0.0837779
6285.0	0.0835452
6286.0	0.0833125
6287.0	0.0830798
6288.0	0.0828471
6289.0	0.0826143
6290.0	0.0823816
6291.0	0.0821417
6291.739746	0.0819695
6292.0	0.081911
6293.0	0.0816862
6294.0	0.0814614
6295.0	0.0812365
6296.0	0.0810117
6297.0	0.0807799
6298.0	0.0805551
6299.0	0.0803302
6300.0	0.0801053
6301.0	0.0798803
6301.742188	0.0797134
6302.0	0.0796567
6303.0	0.0794369
6304.0	0.0792102
6305.0	0.0789904
6306.0	0.0787705
6307.0	0.0785506
6308.0	0.0783307
6309.0	0.0781108
6310.0	0.0778842
6311.0	0.0776643
6311.745117	0.0775003
6312.0	0.0774431
6313.0	0.0772187
6314.0	0.0769943
6315.0	0.0767699
6316.0	0.0765454
6317.0	0.0763144
6318.0	0.0760899
6319.0	0.0758655
6320.0	0.0756409
6321.0	0.0754164
6321.747559	0.0752485
6322.0	0.0751915
6323.0	0.0749593
6324.0	0.0747335
6325.0	0.0745077
6326.0	0.0742819
6327.0	0.074056
6328.0	0.0738301
6329.0	0.073598
6330.0	0.0733721
6331.0	0.0731462
6331.750488	0.0729766
6332.0	0.0729224
6333.0	0.0727053
6334.0	0.0724882
6335.0	0.072271
6336.0	0.0720477
6337.0	0.0718305
6338.0	0.0716133
6339.0	0.0713961
6340.0	0.0711789
6341.0	0.0709617
6341.75293	0.0707935
6342.0	0.0707402
6343.0	0.0705305
6344.0	0.0703207
6345.0	0.0701109
6346.0	0.0699012
6347.0	0.0696914
6348.0	0.0694756
6349.0	0.0692658
6350.0	0.0690559
6351.0	0.0688461
6351.755859	0.0686874
6352.0	0.0686343
6353.0	0.0684167
6354.0	0.0681991
6355.0	0.0679757
6356.0	0.0677581
6357.0	0.0675405
6358.0	0.0673228
6359.0	0.0671052
6360.0	0.0668875
6361.0	0.0666641
6361.758301	0.066499
6362.0	0.0664524
6363.0	0.0662595
6364.0	0.0660667
6365.0	0.0658738
6366.0	0.0656809
6367.0	0.0654824
6368.0	0.0652895
6369.0	0.0650966
6370.0	0.0649037
6371.0	0.0647107
6371.76123	0.0645638
6372.0	0.0645186
6373.0	0.0643241
6374.0	0.0641351
6375.0	0.0639461
6376.0	0.0637571
6377.0	0.063568
6378.0	0.063379
6379.0	0.0631845
6380.0	0.0629955
6381.0	0.0628064
6381.763672	0.0626619
6382.0	0.0626147
6383.0	0.0624148
6384.0	0.0622149
6385.0	0.0620097
6386.0	0.0618098
6387.0	0.0616099
6388.0	0.06141
6389.0	0.0612101
6390.0	0.0610101
6391.0	0.0608049
6391.766602	0.0606516
6392.0	0.0606059
6393.0	0.0604102
6394.0	0.0602145
6395.0	0.0600188
6396.0	0.059823
6397.0	0.0596222
6398.0	0.0594264
6399.0	0.0592306
6400.0	0.0590349
6401.0	0.058839
6401.769043	0.0586884
6402.0	0.0586456
6403.0	0.0584553
6404.0	0.0582699
6405.0	0.0580845
6406.0	0.0578991
6407.0	0.0577137
6408.0	0.0575283
6409.0	0.0573379
6410.0	0.0571525
6411.0	0.056967
6411.771973	0.0568238
6412.0	0.0567823
6413.0	0.0566001
6414.0	0.0564178
6415.0	0.0562308
6416.0	0.0560486
6417.0	0.0558663
6418.0	0.0556841
6419.0	0.0555018
6420.0	0.0553148
6421.0	0.0551325
6421.774414	0.0549913
6422.0	0.0549505
6423.0	0.0547697
6424.0	0.0545889
6425.0	0.0544081
6426.0	0.0542226
6427.0	0.0540418
6428.0	0.0538609
6429.0	0.0536801
6430.0	0.0534992
6431.0	0.0533174
6431.777344	0.0531725
6432.0	0.0531318
6433.0	0.0529535
6434.0	0.0527753
6435.0	0.0525971
6436.0	0.0524188
6437.0	0.0522406
6438.0	0.0520579
6439.0	0.0518797
6440.0	0.0517014
6441.0	0.0515232
6441.779785	0.0513842
6442.0	0.0513456
6443.0	0.0511664
6444.0	0.0509915
6445.0	0.0508166
6446.0	0.0506417
6447.0	0.0504669
6448.0	0.050292
6449.0	0.0501128
6450.0	0.0499379
6451.0	0.049763
6451.782715	0.0496261
6452.0	0.0495903
6453.0	0.0494258
6454.0	0.0492612
6455.0	0.0490924
6456.0	0.0489279
6457.0	0.0487633
6458.0	0.0485987
6459.0	0.0484342
6460.0	0.0482654
6461.0	0.0481008
6461.785156	0.0479716
6462.0	0.0479359
6463.0	0.0477697
6464.0	0.0476035
6465.0	0.0474372
6466.0	0.047267
6467.0	0.0471008
6468.0	0.0469346
6469.0	0.0467683
6470.0	0.0466021
6471.0	0.0464319
6471.788086	0.0463009
6472.0	0.0462662
6473.0	0.0461025
6474.0	0.0459388
6475.0	0.0457751
6476.0	0.0456114
6477.0	0.0454438
6478.0	0.0452801
6479.0	0.0451163
6480.0	0.0449526
6481.0	0.0447889
6481.790527	0.0446564
6482.0	0.0446232
6483.0	0.0444685
6484.0	0.0443138
6485.0	0.0441591
6486.0	0.0440043
6487.0	0.0438496
6488.0	0.0436911
6489.0	0.0435364
6490.0	0.0433817
6491.0	0.043227
6491.793457	0.0431042
6492.0	0.0430723
6493.0	0.0429141
6494.0	0.0427596
6495.0	0.0426052
6496.0	0.0424507
6497.0	0.0422962
6498.0	0.0421417
6499.0	0.0419836
6500.0	0.0418291
6501.0	0.0416679
6501.795898	0.0415396
6502.0	0.0415078
6503.0	0.0413522
6504.0	0.0411931
6505.0	0.0410376
6506.0	0.0408821
6507.0	0.0407267
6508.0	0.0405713
6509.0	0.0404126
6510.0	0.0402573
6511.0	0.040102
6511.798828	0.0399781
6512.0	0.0399458
6513.0	0.0397858
6514.0	0.0396258
6515.0	0.0394624
6516.0	0.0393025
6517.0	0.0391427
6518.0	0.0389829
6519.0	0.0388231
6520.0	0.0386601
6521.0	0.0385004
6521.80127	0.0383725
6522.0	0.0383437
6523.0	0.0381988
6524.0	0.0380538
6525.0	0.0379057
6526.0	0.0377609
6527.0	0.0376161
6528.0	0.0374714
6529.0	0.0373267
6530.0	0.0371821
6531.0	0.0370343
6531.804199	0.0369181
6532.0	0.0368907
6533.0	0.036751
6534.0	0.0366113
6535.0	0.0364717
6536.0	0.036329
6537.0	0.0361895
6538.0	0.0360501
6539.0	0.0359106
6540.0	0.0357713
6541.0	0.0356288
6541.806641	0.0355165
6542.0	0.0354893
6543.0	0.0353491
6544.0	0.0352089
6545.0	0.0350688
6546.0	0.0349257
6547.0	0.0347857
6548.0	0.0346457
6549.0	0.0345057
6550.0	0.0343658
6551.0	0.034223
6551.80957	0.0341098
6552.0	0.0340836
6553.0	0.0339462
6554.0	0.0338089
6555.0	0.0336716
6556.0	0.0335314
6557.0	0.0333942
6558.0	0.033257
6559.0	0.0331199
6560.0	0.0329828
6561.0	0.0328429
6561.812012	0.0327317
6562.0	0.0327074
6563.0	0.0325786
6564.0	0.0324497
6565.0	0.0323209
6566.0	0.0321922
6567.0	0.0320607
6568.0	0.031932
6569.0	0.0318034
6570.0	0.0316748
6571.0	0.0315462
6571.814941	0.0314393
6572.0	0.0314153
6573.0	0.0312888
6574.0	0.0311623
6575.0	0.0310358
6576.0	0.0309094
6577.0	0.0307803
6578.0	0.030654
6579.0	0.0305277
6580.0	0.0304014
6581.0	0.0302752
6581.817383	0.0301699
6582.0	0.0301471
6583.0	0.0300247
6584.0	0.0299023
6585.0	0.02978
6586.0	0.0296577
6587.0	0.0295329
6588.0	0.0294107
6589.0	0.0292885
6590.0	0.0291664
6591.0	0.0290443
6591.820312	0.0289422
6592.0	0.0289198
6593.0	0.0287976
6594.0	0.0286755
6595.0	0.0285535
6596.0	0.0284315
6597.0	0.0283071
6598.0	0.0281851
6599.0	0.0280632
6600.0	0.0279414
6601.0	0.0278196
6601.822754	0.0277174
6602.0	0.0276975
6603.0	0.0275878
6604.0	0.0274782
6605.0	0.0273685
6606.0	0.0272566
6607.0	0.0271471
6608.0	0.0270375
6609.0	0.0269281
6610.0	0.0268186
6611.0	0.0267069
6611.825684	0.0266166
6612.0	0.0265971
6613.0	0.026485
6614.0	0.0263729
6615.0	0.0262609
6616.0	0.0261466
6617.0	0.0260347
6618.0	0.0259228
6619.0	0.0258109
6620.0	0.0256991
6621.0	0.025585
6621.828125	0.0254925
6622.0	0.0254742
6623.0	0.0253677
6624.0	0.0252612
6625.0	0.0251548
6626.0	0.0250463
6627.0	0.02494
6628.0	0.0248336
6629.0	0.0247274
6630.0	0.0246211
6631.0	0.0245119
6631.831055	0.0244229
6632.0	0.0244048
6633.0	0.0242982
6634.0	0.0241916
6635.0	0.0240851
6636.0	0.0239765
6637.0	0.02387
6638.0	0.0237636
6639.0	0.0236572
6640.0	0.0235489
6641.0	0.0234426
6641.833496	0.023354
6642.0	0.0233375
6643.0	0.0232382
6644.0	0.023139
6645.0	0.0230378
6646.0	0.0229386
6647.0	0.0228395
6648.0	0.0227404
6649.0	0.0226414
6650.0	0.0225404
6651.0	0.0224415
6651.836426	0.0223587
6652.0	0.0223425
6653.0	0.0222437
6654.0	0.022145
6655.0	0.0220443
6656.0	0.0219457
6657.0	0.021847
6658.0	0.0217484
6659.0	0.021648
6660.0	0.0215495
6661.0	0.021451
6661.838867	0.0213684
6662.0	0.0213529
6663.0	0.0212568
6664.0	0.021159
6665.0	0.021063
6666.0	0.020967
6667.0	0.020871
6668.0	0.0207752
6669.0	0.0206775
6670.0	0.0205817
6671.0	0.0204859
6671.841797	0.0204053
6672.0	0.0203911
6673.0	0.0202996
6674.0	0.0202099
6675.0	0.0201202
6676.0	0.0200306
6677.0	0.019941
6678.0	0.0198497
6679.0	0.0197602
6680.0	0.0196707
6681.0	0.0195813
6681.844238	0.0195058
6682.0	0.0194922
6683.0	0.0194036
6684.0	0.0193166
6685.0	0.0192297
6686.0	0.0191428
6687.0	0.0190543
6688.0	0.0189675
6689.0	0.0188807
6690.0	0.018794
6691.0	0.0187073
6691.847168	0.0186325
6692.0	0.0186195
6693.0	0.0185361
6694.0	0.0184528
6695.0	0.0183695
6696.0	0.0182846
6697.0	0.0182013
6698.0	0.0181181
6699.0	0.0180349
6700.0	0.0179518
6701.0	0.0178671
6701.849609	0.0177965
6702.0	0.0177842
6703.0	0.0177021
6704.0	0.01762
6705.0	0.0175364
6706.0	0.0174544
6707.0	0.0173724
6708.0	0.0172905
6709.0	0.0172085
6710.0	0.0171252
6711.0	0.0170433
6711.852539	0.0169736
6712.0	0.016962
6713.0	0.0168834
6714.0	0.0168035
6715.0	0.016725
6716.0	0.0166465
6717.0	0.0165681
6718.0	0.0164897
6719.0	0.0164099
6720.0	0.0163316
6721.0	0.0162533
6721.85498	0.0161864
6722.0	0.0161755
6723.0	0.016099
6724.0	0.016024
6725.0	0.015949
6726.0	0.0158741
6727.0	0.0157992
6728.0	0.0157229
6729.0	0.0156481
6730.0	0.0155732
6731.0	0.0154984
6731.85791	0.0154332
6732.0	0.0154229
6733.0	0.0153518
6734.0	0.0152808
6735.0	0.0152098
6736.0	0.0151389
6737.0	0.0150666
6738.0	0.0149957
6739.0	0.0149249
6740.0	0.014854
6741.0	0.0147819
6741.860352	0.014721
6742.0	0.014711
6743.0	0.0146388
6744.0	0.0145667
6745.0	0.0144947
6746.0	0.0144214
6747.0	0.0143494
6748.0	0.0142774
6749.0	0.0142055
6750.0	0.0141323
6751.0	0.0140605
6751.863281	0.0139984
6752.0	0.0139894
6753.0	0.0139234
6754.0	0.0138563
6755.0	0.0137903
6756.0	0.0137244
6757.0	0.0136586
6758.0	0.0135927
6759.0	0.0135257
6760.0	0.01346
6761.0	0.0133942
6761.865723	0.0133373
6762.0	0.0133287
6763.0	0.013264
6764.0	0.0132003
6765.0	0.0131368
6766.0	0.0130732
6767.0	0.0130085
6768.0	0.012945
6769.0	0.0128816
6770.0	0.0128181
6771.0	0.0127547
6771.868652	0.0126986
6772.0	0.0126906
6773.0	0.0126306
6774.0	0.0125706
6775.0	0.0125107
6776.0	0.0124497
6777.0	0.0123898
6778.0	0.0123299
6779.0	0.0122701
6780.0	0.0122092
6781.0	0.0121494
6781.871094	0.0120973
6782.0	0.0120897
6783.0	0.012031
6784.0	0.0119723
6785.0	0.0119126
6786.0	0.0118539
6787.0	0.0117953
6788.0	0.0117367
6789.0	0.0116771
6790.0	0.0116185
6791.0	0.01156
6791.874023	0.0115089
6792.0	0.0115015
6793.0	0.0114421
6794.0	0.0113838
6795.0	0.0113255
6796.0	0.0112672
6797.0	0.0112079
6798.0	0.0111497
6799.0	0.0110915
6800.0	0.0110333
6801.0	0.0109751
6801.876465	0.0109233
6802.0	0.0109167
6803.0	0.010864
6804.0	0.0108114
6805.0	0.0107587
6806.0	0.0107052
6807.0	0.0106526
6808.0	0.0106001
6809.0	0.0105475
6810.0	0.0104941
6811.0	0.0104416
6811.879395	0.0103955
6812.0	0.0103892
6813.0	0.0103369
6814.0	0.0102839
6815.0	0.0102317
6816.0	0.0101795
6817.0	0.0101274
6818.0	0.0100744
6819.0	0.0100223
6820.0	0.00997027
6821.0	0.00991823
6821.882324	0.00987234
6822.0	0.00986652
6823.0	0.00981622
6824.0	0.0097668
6825.0	0.0097174
6826.0	0.00966802
6827.0	0.00961783
6828.0	0.0095685
6829.0	0.00951918
6830.0	0.00946989
6831.0	0.00942002
6831.884766	0.00937664
6832.0	0.00937126
6833.0	0.00932458
6834.0	0.00927791
6835.0	0.00923046
6836.0	0.00918383
6837.0	0.00913722
6838.0	0.00909062
6839.0	0.00904327
6840.0	0.00899671
6841.0	0.00895017
6841.887695	0.00890888
6842.0	0.00890385
6843.0	0.00885829
6844.0	0.00881352
6845.0	0.00876876
6846.0	0.00872403
6847.0	0.00867856
6848.0	0.00863386
6849.0	0.00858917
6850.0	0.00854451
6851.0	0.00849912
6851.890137	0.0084594
6852.0	0.00845483
6853.0	0.00841324
6854.0	0.00837168
6855.0	0.00833013
6856.0	0.00828788
6857.0	0.00824636
6858.0	0.00820486
6859.0	0.00816338
6860.0	0.00812121
6861.0	0.00807976
6861.892578	0.00804277
6862.0	0.00803824
6863.0	0.00799611
6864.0	0.00795331
6865.0	0.00791121
6866.0	0.00786913
6867.0	0.00782706
6868.0	0.00778434
6869.0	0.00774231
6870.0	0.0077003
6871.0	0.0076583
6871.895508	0.00762011
6872.0	0.00761595
6873.0	0.00757679
6874.0	0.00753763
6875.0	0.0074985
6876.0	0.00745873
6877.0	0.00741963
6878.0	0.00738054
6879.0	0.00734147
6880.0	0.00730178
6881.0	0.00726274
6881.898438	0.00722767
6882.0	0.00722401
6883.0	0.00718792
6884.0	0.00715123
6885.0	0.00711517
6886.0	0.00707913
6887.0	0.0070431
6888.0	0.00700648
6889.0	0.00697048
6890.0	0.0069345
6891.0	0.00689853
6891.900879	0.0068656
6892.0	0.00686197
6893.0	0.00682592
6894.0	0.00678989
6895.0	0.00675387
6896.0	0.00671729
6897.0	0.0066813
6898.0	0.00664532
6899.0	0.00660936
6900.0	0.00657285
6901.0	0.00653692
6901.903809	0.00650446
6902.0	0.0065012
6903.0	0.00646731
6904.0	0.00643288
6905.0	0.00639903
6906.0	0.00636518
6907.0	0.00633135
6908.0	0.00629699
6909.0	0.00626319
6910.0	0.0062294
6911.0	0.00619509
6911.90625	0.00616449
6912.0	0.0061614
6913.0	0.00612839
6914.0	0.00609539
6915.0	0.00606188
6916.0	0.00602891
6917.0	0.00599595
6918.0	0.00596301
6919.0	0.00592956
6920.0	0.00589665
6921.0	0.00586375
6921.90918	0.00583384
6922.0	0.00583108
6923.0	0.0058002
6924.0	0.00576983
6925.0	0.00573948
6926.0	0.00570913
6927.0	0.00567831
6928.0	0.00564799
6929.0	0.00561768
6930.0	0.00558739
6931.0	0.00555662
6931.911621	0.00552902
6932.0	0.00552642
6933.0	0.00549692
6934.0	0.00546743
6935.0	0.00543748
6936.0	0.00540802
6937.0	0.00537856
6938.0	0.00534912
6939.0	0.00531923
6940.0	0.00528981
6941.0	0.00526041
6941.914551	0.00523311
6942.0	0.00523066
6943.0	0.00520241
6944.0	0.00517417
6945.0	0.00514594
6946.0	0.00511728
6947.0	0.00508908
6948.0	0.00506088
6949.0	0.0050327
6950.0	0.0050041
6951.0	0.00497594
6951.916992	0.00495013
6952.0	0.00494792
6953.0	0.00492135
6954.0	0.00489436
6955.0	0.00486781
6956.0	0.00484127
6957.0	0.00481474
6958.0	0.00478781
6959.0	0.0047613
6960.0	0.00473481
6961.0	0.00470832
6961.919922	0.0046836
6962.0	0.00468156
6963.0	0.00465658
6964.0	0.0046316
6965.0	0.00460624
6966.0	0.00458129
6967.0	0.00455634
6968.0	0.00453141
6969.0	0.00450609
6970.0	0.00448118
6971.0	0.00445628
6971.922363	0.00443332
6972.0	0.00443147
6973.0	0.00440726
6974.0	0.00438343
6975.0	0.00435962
6976.0	0.00433581
6977.0	0.00431164
6978.0	0.00428786
6979.0	0.00426408
6980.0	0.00423995
6981.0	0.00421619
6981.925293	0.00419422
6982.0	0.0041925
6983.0	0.00416943
6984.0	0.00414601
6985.0	0.00412296
6986.0	0.00409992
6987.0	0.00407689
6988.0	0.00405352
6989.0	0.0040305
6990.0	0.0040075
6991.0	0.00398451
6991.927734	0.00396286
6992.0	0.00396126
6993.0	0.00393941
6994.0	0.00391756
6995.0	0.00389539
6996.0	0.00387357
6997.0	0.00385175
6998.0	0.00382994
6999.0	0.00380781
7000.0	0.00378602
7001.0	0.00376383
7001.930664	0.00374318
7002.0	0.00374175
7003.0	0.00372072
7004.0	0.00370003
7005.0	0.00367936
7006.0	0.00365837
7007.0	0.00363772
7008.0	0.00361708
7009.0	0.00359646
7010.0	0.00357553
7011.0	0.00355493
7011.933105	0.00353572
7012.0	0.00353439
7013.0	0.00351442
7014.0	0.00349417
7015.0	0.00347423
7016.0	0.0034543
7017.0	0.00343409
7018.0	0.00341418
7019.0	0.00339429
7020.0	0.00337441
7021.0	0.00335426
7021.936035	0.00333567
7022.0	0.00333444
7023.0	0.00331518
7024.0	0.00329594
7025.0	0.00327642
7026.0	0.00325719
7027.0	0.00323798
7028.0	0.0032185
7029.0	0.00319931
7030.0	0.00318014
7031.0	0.00316086
7031.938477	0.00314253
7032.0	0.00314144
7033.0	0.00312398
7034.0	0.00310654
7035.0	0.00308911
7036.0	0.00307142
7037.0	0.00305402
7038.0	0.00303662
7039.0	0.00301897
7040.0	0.0030016
7041.0	0.00298424
7041.941406	0.00296791
7042.0	0.00296693
7043.0	0.00294986
7044.0	0.00293306
7045.0	0.00291627
7046.0	0.0028995
7047.0	0.00288248
7048.0	0.00286572
7049.0	0.00284898
7050.0	0.002832
7051.0	0.00281528
7051.943848	0.00279951
7052.0	0.00279859
7053.0	0.00278224
7054.0	0.00276565
7055.0	0.00274932
7056.0	0.00273299
7057.0	0.00271645
7058.0	0.00270015
7059.0	0.00268386
7060.0	0.00266758
7061.0	0.00265108
7061.946777	0.00263569
7062.0	0.00263487
7063.0	0.00261959
7064.0	0.0026041
7065.0	0.00258884
7066.0	0.00257359
7067.0	0.00255835
7068.0	0.0025429
7069.0	0.00252768
7070.0	0.00251247
7071.0	0.00249706
7071.949219	0.00248264
7072.0	0.0024819
7073.0	0.00246733
7074.0	0.00245276
7075.0	0.00243799
7076.0	0.00242344
7077.0	0.0024089
7078.0	0.00239437
7079.0	0.00237965
7080.0	0.00236514
7081.0	0.00235064
7081.952148	0.00233665
7082.0	0.00233602
7083.0	0.00232299
7084.0	0.00230997
7085.0	0.00229696
7086.0	0.00228376
7087.0	0.00227077
7088.0	0.00225779
7089.0	0.00224462
7090.0	0.00223165
7091.0	0.00221869
7091.95459	0.00220633
7092.0	0.00220575
7093.0	0.0021927
7094.0	0.00217985
7095.0	0.002167
7096.0	0.00215398
7097.0	0.00214116
7098.0	0.00212834
7099.0	0.00211553
7100.0	0.00210255
7101.0	0.00208976
7101.95752	0.00207752
7102.0	0.00207698
7103.0	0.00206413
7104.0	0.00205147
7105.0	0.00203881
7106.0	0.00202617
7107.0	0.00201336
7108.0	0.00200073
7109.0	0.00198811
7110.0	0.00197533
7111.0	0.00196273
7111.959961	0.00195064
7112.0	0.00195018
7113.0	0.00193883
7114.0	0.00192732
7115.0	0.00191598
7116.0	0.00190465
7117.0	0.00189316
7118.0	0.00188185
7119.0	0.00187054
7120.0	0.00185908
7121.0	0.00184779
7121.962891	0.00183692
7122.0	0.00183652
7123.0	0.00182562
7124.0	0.00181458
7125.0	0.0018037
7126.0	0.00179283
7127.0	0.00178181
7128.0	0.00177095
7129.0	0.0017601
7130.0	0.00174926
7131.0	0.00173828
7131.965332	0.00172782
7132.0	0.00172747
7133.0	0.00171724
7134.0	0.00170686
7135.0	0.00169664
7136.0	0.00168643
7137.0	0.00167622
7138.0	0.00166588
7139.0	0.00165569
7140.0	0.0016455
7141.0	0.00163518
7141.968262	0.00162534
7142.0	0.00162503
7143.0	0.00161532
7144.0	0.00160548
7145.0	0.00159578
7146.0	0.0015861
7147.0	0.00157642
7148.0	0.00156661
7149.0	0.00155694
7150.0	0.00154728
7151.0	0.00153749
7151.970703	0.00152812
7152.0	0.00152786
7153.0	0.00151872
7154.0	0.00150959
7155.0	0.00150034
7156.0	0.00149122
7157.0	0.00148211
7158.0	0.00147288
7159.0	0.00146378
7160.0	0.00145469
7161.0	0.00144548
7161.973633	0.00143664
7162.0	0.00143642
7163.0	0.001428
7164.0	0.00141959
7165.0	0.00141106
7166.0	0.00140266
7167.0	0.00139426
7168.0	0.00138575
7169.0	0.00137737
7170.0	0.00136899
7171.0	0.0013605
7171.976074	0.00135233
7172.0	0.00135213
7173.0	0.00134395
7174.0	0.00133577
7175.0	0.00132748
7176.0	0.00131931
7177.0	0.00131115
7178.0	0.00130288
7179.0	0.00129473
7180.0	0.00128658
7181.0	0.00127833
7181.979004	0.00127036
7182.0	0.0012702
7183.0	0.00126245
7184.0	0.0012547
7185.0	0.00124684
7186.0	0.00123911
7187.0	0.00123137
7188.0	0.00122354
7189.0	0.00121581
7190.0	0.0012081
7191.0	0.00120028
7191.981934	0.00119271
7192.0	0.00119258
7193.0	0.00118548
7194.0	0.00117838
7195.0	0.00117118
7196.0	0.00116409
7197.0	0.00115701
7198.0	0.00114983
7199.0	0.00114275
7200.0	0.00113568
7201.0	0.00112852
7201.984375	0.00112157
7202.0	0.00112147
7203.0	0.00111481
7204.0	0.00110806
7205.0	0.00110141
7206.0	0.00109476
7207.0	0.00108812
7208.0	0.00108139
7209.0	0.00107476
7210.0	0.00106814
7211.0	0.00106142
7211.987305	0.00105489
7212.0	0.00105481
7213.0	0.00104837
7214.0	0.00104184
7215.0	0.00103541
7216.0	0.00102899
7217.0	0.00102256
7218.0	0.00101606
7219.0	0.00100964
7220.0	0.00100323
7221.0	0.000996743
7221.989746	0.000990409
7222.0	0.000990347
7223.0	0.000984247
7224.0	0.000978066
7225.0	0.000971975
7226.0	0.000965888
7227.0	0.000959721
7228.0	0.000953642
7229.0	0.000947568
7230.0	0.000941497
7231.0	0.000935312
7231.992676	0.000929259
7232.0	0.000929218
7233.0	0.000923638
7234.0	0.000917983
7235.0	0.000912413
7236.0	0.000906846
7237.0	0.000901206
7238.0	0.000895648
7239.0	0.000890094
7240.0	0.000884467
7241.0	0.000878923
7241.995117	0.000873409
7242.0	0.000873382
7243.0	0.000867843
7244.0	0.000862385
7245.0	0.00085693
7246.0	0.000851479
7247.0	0.000845959
7248.0	0.000840517
7249.0	0.000835079
7250.0	0.000829572
7251.0	0.000824143
7251.998047	0.000818728
7252.0	0.000818718
7253.0	0.000813712
7254.0	0.000808781
7255.0	0.000803854
7256.0	0.00079886
7257.0	0.00079394
7258.0	0.000789024
7259.0	0.000784043
7260.0	0.000779135
7261.0	0.00077423
7262.0	0.000769329
7262.000488	0.000769326
7263.0	0.000764413
7264.0	0.000759568
7265.0	0.000754727
7266.0	0.000749824
7267.0	0.00074499
7268.0	0.00074016
7269.0	0.000735269
7270.0	0.000730447
7271.0	0.000725628
7272.0	0.00072075
7272.003418	0.000720733
7273.0	0.000716419
7274.0	0.000712093
7275.0	0.000707709
7276.0	0.00070339
7277.0	0.000699074
7278.0	0.000694701
7279.0	0.000690392
7280.0	0.000686085
7281.0	0.000681783
7282.0	0.000677424
7282.005859	0.000677399
7283.0	0.000673319
7284.0	0.000669218
7285.0	0.000665062
7286.0	0.000660968
7287.0	0.000656876
7288.0	0.000652731
7289.0	0.000648646
7290.0	0.000644564
7291.0	0.000640429
7292.0	0.000636353
7292.008789	0.000636317
7293.0	0.00063228
7294.0	0.000628156
7295.0	0.000624089
7296.0	0.000620026
7297.0	0.000615912
7298.0	0.000611855
7299.0	0.000607801
7300.0	0.000603697
7301.0	0.00059965
7302.0	0.000595605
7302.01123	0.00059556
7303.0	0.000592035
7304.0	0.000588421
7305.0	0.000584862
7306.0	0.000581306
7307.0	0.000577701
7308.0	0.00057415
7309.0	0.000570602
7310.0	0.000567006
7311.0	0.000563464
7312.0	0.000559924
7312.01416	0.000559873
7313.0	0.000556338
7314.0	0.000552803
7315.0	0.000549271
7316.0	0.000545694
7317.0	0.000542168
7318.0	0.000538644
7319.0	0.000535076
7320.0	0.000531558
7321.0	0.000528042
7322.0	0.000524484
7322.016602	0.000524425
7323.0	0.000521369
7324.0	0.000518263
7325.0	0.000515114
7326.0	0.000512013
7327.0	0.000508914
7328.0	0.000505774
7329.0	0.00050268
7330.0	0.000499588
7331.0	0.000496456
7332.0	0.000493369
7332.019531	0.000493309
7333.0	0.000490377
7334.0	0.000487346
7335.0	0.00048436
7336.0	0.000481377
7337.0	0.000478354
7338.0	0.000475375
7339.0	0.000472398
7340.0	0.000469424
7341.0	0.000466411
7342.0	0.000463441
7342.021973	0.000463376
7343.0	0.000460405
7344.0	0.00045733
7345.0	0.000454297
7346.0	0.000451266
7347.0	0.000448199
7348.0	0.000445173
7349.0	0.000442149
7350.0	0.000439089
7351.0	0.000436071
7352.0	0.000433054
7352.024902	0.000432978
7353.0	0.000430366
7354.0	0.000427727
7355.0	0.00042509
7356.0	0.000422418
7357.0	0.000419785
7358.0	0.000417154
7359.0	0.000414489
7360.0	0.000411862
7361.0	0.000409238
7362.0	0.000406579
7362.027344	0.000406508
7363.0	0.00040414
7364.0	0.000401707
7365.0	0.000399241
7366.0	0.000396812
7367.0	0.000394385
7368.0	0.000391926
7369.0	0.000389502
7370.0	0.000387081
7371.0	0.000384627
7372.0	0.00038221
7372.030273	0.000382137
7373.0	0.000379794
7374.0	0.000377347
7375.0	0.000374934
7376.0	0.000372524
7377.0	0.000370083
7378.0	0.000367676
7379.0	0.000365271
7380.0	0.000362837
7381.0	0.000360436
7382.0	0.000358037
7382.032715	0.000357957
7383.0	0.000355742
7384.0	0.000353485
7385.0	0.00035123
7386.0	0.000348945
7387.0	0.000346694
7388.0	0.000344443
7389.0	0.000342165
7390.0	0.000339918
7391.0	0.000337673
7392.0	0.000335401
7392.035645	0.000335321
7393.0	0.000333314
7394.0	0.000331235
7395.0	0.000329129
7396.0	0.000327053
7397.0	0.000324978
7398.0	0.000322877
7399.0	0.000320806
7400.0	0.000318737
7401.0	0.000316641
7402.0	0.000314575
7402.038086	0.000314496
7403.0	0.000312664
7404.0	0.000310734
7405.0	0.000308832
7406.0	0.000306932
7407.0	0.000305006
7408.0	0.000303109
7409.0	0.000301213
7410.0	0.000299293
7411.0	0.0002974
7412.0	0.000295483
7412.041016	0.000295405
7413.0	0.000293659
7414.0	0.000291838
7415.0	0.000289994
7416.0	0.000288177
7417.0	0.000286361
7418.0	0.000284521
7419.0	0.000282708
7420.0	0.000280896
7421.0	0.000279062
7422.0	0.000277253
7422.043457	0.000277174
7423.0	0.000275489
7424.0	0.000273704
7425.0	0.000271945
7426.0	0.000270187
7427.0	0.000268406
7428.0	0.000266651
7429.0	0.000264897
7430.0	0.000263122
7431.0	0.000261384
7432.0	0.000259648
7432.046387	0.000259566
7433.0	0.000258105
7434.0	0.000256597
7435.0	0.000255089
7436.0	0.000253561
7437.0	0.000252055
7438.0	0.000250551
7439.0	0.000249026
7440.0	0.000247524
7441.0	0.000246022
7442.0	0.000244501
7442.049316	0.000244427
7443.0	0.000243001
7444.0	0.000241503
7445.0	0.000239985
7446.0	0.000238489
7447.0	0.000236993
7448.0	0.000235478
7449.0	0.000233985
7450.0	0.000232473
7451.0	0.000230982
7452.0	0.000229491
7452.051758	0.000229413
7453.0	0.000228046
7454.0	0.000226625
7455.0	0.000225205
7456.0	0.000223767
7457.0	0.000222349
7458.0	0.000220932
7459.0	0.000219496
7460.0	0.000218081
7461.0	0.000216667
7462.0	0.000215235
7462.054688	0.000215158
7463.0	0.000213865
7464.0	0.000212498
7465.0	0.000211114
7466.0	0.000209749
7467.0	0.000208385
7468.0	0.000207004
7469.0	0.000205642
7470.0	0.00020428
7471.0	0.000202902
7472.0	0.000201543
7472.057129	0.000201464
7473.0	0.000200356
7474.0	0.000199198
7475.0	0.000198042
7476.0	0.000196869
7477.0	0.000195714
7478.0	0.00019456
7479.0	0.000193389
7480.0	0.000192237
7481.0	0.000191085
7482.0	0.000189917
7482.060059	0.000189848
7483.0	0.000188725
7484.0	0.000187532
7485.0	0.000186322
7486.0	0.00018513
7487.0	0.000183939
7488.0	0.000182732
7489.0	0.000181543
7490.0	0.000180338
7491.0	0.00017915
7492.0	0.000177964
7492.0625	0.000177888
7493.0	0.000176907
7494.0	0.000175876
7495.0	0.000174846
7496.0	0.000173801
7497.0	0.000172773
7498.0	0.000171745
7499.0	0.000170703
7500.0	0.000169676
7501.0	0.000168645
7502.0	0.000167599
7502.06543	0.000167532
7503.0	0.000166569
7504.0	0.00016554
7505.0	0.000164497
7506.0	0.000163469
7507.0	0.000162428
7508.0	0.000161402
7509.0	0.000160377
7510.0	0.000159338
7511.0	0.000158314
7512.0	0.000157291
7512.067871	0.000157221
7513.0	0.000156337
7514.0	0.000155403
7515.0	0.00015447
7516.0	0.000153525
7517.0	0.000152593
7518.0	0.000151662
7519.0	0.000150718
7520.0	0.000149789
7521.0	0.000148847
7522.0	0.000147919
7522.070801	0.000147853
7523.0	0.000147052
7524.0	0.000146178
7525.0	0.000145317
7526.0	0.000144457
7527.0	0.000143585
7528.0	0.000142726
7529.0	0.000141868
7530.0	0.000140998
7531.0	0.000140141
7532.0	0.000139285
7532.073242	0.000139221
7533.0	0.000138397
7534.0	0.00013752
7535.0	0.000136632
7536.0	0.000135757
7537.0	0.000134882
7538.0	0.000133996
7539.0	0.000133123
7540.0	0.00013225
7541.0	0.000131366
7542.0	0.000130495
7542.076172	0.000130429
7543.0	0.000129704
7544.0	0.000128909
7545.0	0.000128126
7546.0	0.000127332
7547.0	0.00012655
7548.0	0.000125769
7549.0	0.000124977
7550.0	0.000124197
7551.0	0.000123417
7552.0	0.000122627
7552.078613	0.000122566
7553.0	0.000121889
7554.0	0.000121154
7555.0	0.000120409
7556.0	0.000119675
7557.0	0.000118931
7558.0	0.000118199
7559.0	0.000117467
7560.0	0.000116725
7561.0	0.000115994
7562.0	0.000115263
7562.081543	0.000115203
7563.0	0.000114563
7564.0	0.000113876
7565.0	0.00011319
7566.0	0.000112495
7567.0	0.00011181
7568.0	0.000111115
7569.0	0.000110432
7570.0	0.000109748
7571.0	0.000109055
7572.0	0.000108373
7572.083984	0.000108316
7573.0	0.00010773
7574.0	0.000107082
7575.0	0.000106444
7576.0	0.000105806
7577.0	0.00010516
7578.0	0.000104523
7579.0	0.000103877
7580.0	0.000103242
7581.0	0.000102606
7582.0	0.000101962
7582.086914	0.000101907
7583.0	0.000101289
7584.0	0.000100612
7585.0	9.99275e-05
7586.0	9.9252e-05
7587.0	9.85683e-05
7588.0	9.78938e-05
7589.0	9.72197e-05
7590.0	9.65377e-05
7591.0	9.58647e-05
7592.0	9.51922e-05
7592.089844	9.5131e-05
7593.0	9.46663e-05
7594.0	9.41644e-05
7595.0	9.36628e-05
7596.0	9.31534e-05
7597.0	9.26527e-05
7598.0	9.21441e-05
7599.0	9.16441e-05
7600.0	9.11444e-05
7601.0	9.0637e-05
7602.0	9.01381e-05
7602.092285	9.00921e-05
7603.0	8.95628e-05
7604.0	8.89723e-05
7605.0	8.839e-05
7606.0	8.78005e-05
7607.0	8.72191e-05
7608.0	8.66382e-05
7609.0	8.60501e-05
7610.0	8.547e-05
7611.0	8.48904e-05
7612.0	8.43038e-05
7612.095215	8.42486e-05
7613.0	8.37631e-05
7614.0	8.32194e-05
7615.0	8.26836e-05
7616.0	8.21481e-05
7617.0	8.16058e-05
7618.0	8.10711e-05
7619.0	8.05368e-05
7620.0	7.99959e-05
7621.0	7.94624e-05
7622.0	7.89223e-05
7622.097656	7.88703e-05
7623.0	7.84464e-05
7624.0	7.7977e-05
7625.0	7.75011e-05
7626.0	7.70324e-05
7627.0	7.6564e-05
7628.0	7.60893e-05
7629.0	7.56216e-05
7630.0	7.51476e-05
7631.0	7.46724e-05
7632.0	7.41975e-05
7632.100586	7.41491e-05
7633.0	7.37166e-05
7634.0	7.32427e-05
7635.0	7.27691e-05
7636.0	7.22897e-05
7637.0	7.18171e-05
7638.0	7.13387e-05
7639.0	7.0867e-05
7640.0	7.03958e-05
7641.0	6.99188e-05
7642.0	6.94485e-05
7642.103027	6.94e-05
7643.0	6.90531e-05
7644.0	6.86605e-05
7645.0	6.82745e-05
7646.0	6.78828e-05
7647.0	6.74974e-05
7648.0	6.71124e-05
7649.0	6.67219e-05
7650.0	6.63377e-05
7651.0	6.59538e-05
7652.0	6.55645e-05
7652.105957	6.55239e-05
7653.0	6.51629e-05
7654.0	6.47537e-05
7655.0	6.43507e-05
7656.0	6.3948e-05
7657.0	6.35401e-05
7658.0	6.31383e-05
7659.0	6.27312e-05
7660.0	6.23301e-05
7661.0	6.19294e-05
7662.0	6.15236e-05
7662.108398	6.14802e-05
7663.0	6.1197e-05
7664.0	6.08795e-05
7665.0	6.0557e-05
7666.0	6.02402e-05
7667.0	5.99183e-05
7668.0	5.96021e-05
7669.0	5.92862e-05
7670.0	5.89653e-05
7671.0	5.865e-05
7672.0	5.83349e-05
7672.111328	5.82993e-05
7673.0	5.79605e-05
7674.0	5.75848e-05
