2751.513428	6.9028e-05
2752.0	9.58284e-05
2752.013672	9.65816e-05
2752.513672	7.18042e-05
2753.0	9.28138e-05
2753.013916	9.34149e-05
2753.513916	9.51429e-05
2754.0	8.14592e-05
2754.01416	8.10607e-05
2754.51416	0.000108117
2755.0	0.00011291
2755.014404	0.000113052
2755.514404	9.50181e-05
2756.0	0.000163863
2756.014648	0.00016594
2756.514648	0.000194081
2757.0	0.000218255
2757.014893	0.000218997
2757.514893	0.000222553
2758.0	0.000278807
2758.015137	0.000280562
2758.515137	0.000303799
2759.0	0.000350969
2759.015381	0.000352466
2759.515381	0.000334299
2760.0	0.00044531
2760.015625	0.000448889
2760.515625	0.000477272
2761.0	0.000500281
2761.015869	0.000501036
2761.515869	0.000609258
2762.0	0.000655871
2762.016113	0.000657422
2762.516113	0.000813494
2763.0	0.0010104
2763.016357	0.00101705
2763.516357	0.00105095
2764.0	0.00125524
2764.016602	0.00126225
2764.516602	0.00150293
2765.0	0.00173522
2765.016846	0.00174331
2765.516846	0.00205624
2766.0	0.00250535
2766.01709	0.00252124
2766.51709	0.0029144
2767.0	0.00343591
2767.017334	0.00345462
2767.517334	0.00422202
2768.0	0.00489919
2768.017578	0.00492386
2768.517578	0.00585197
2769.0	0.00709213
2769.017822	0.00713793
2769.517822	0.00852128
2770.0	0.0101018
2770.018066	0.010161
2770.518066	0.0123301
2771.0	0.014612
2771.018311	0.0146987
2771.518311	0.0171782
2772.0	0.0197257
2772.018555	0.0198238
2772.518555	0.0227503
2773.0	0.0257066
2773.018799	0.025822
2773.518799	0.0288644
2774.0	0.0312496
2774.019043	0.031344
2774.519043	0.0337385
2775.0	0.0357012
2775.019287	0.03578
2775.519287	0.0373848
2776.0	0.0385058
2776.019531	0.0385512
2776.519531	0.0396266
2777.0	0.039897
2777.019775	0.0399082
2777.519775	0.0405135
2778.0	0.0408927
2778.02002	0.0409084
2778.52002	0.0412854
2779.0	0.0414158
2779.020264	0.0414214
2779.520264	0.0419837
2780.0	0.0421692
2780.020508	0.0421771
2780.520508	0.0426863
2781.0	0.0428893
2781.020752	0.0428981
2781.520752	0.0439881
2782.0	0.0444189
2782.020996	0.0444379
2782.520996	0.0454253
2783.0	0.0462385
2783.02124	0.0462744
2783.52124	0.047424
2784.0	0.0481049
2784.021484	0.0481355
2784.521484	0.0490662
2785.0	0.0501853
2785.021484	0.0502355
2785.521729	0.0513018
2786.0	0.052057
2786.021973	0.0520918
2786.521973	0.0532526
2787.0	0.054296
2787.022217	0.0543444
2787.522217	0.0557044
2788.0	0.0563945
2788.022461	0.0564271
2788.522461	0.0571625
2789.0	0.0576731
2789.022705	0.0576973
2789.522705	0.0584701
2790.0	0.0586209
2790.022949	0.0586282
2790.522949	0.0594183
2791.0	0.0598377
2791.023193	0.0598582
2791.523193	0.0601841
2792.0	0.0607225
2792.023438	0.0607489
2792.523438	0.0606359
2793.0	0.0606735
2793.023682	0.0606755
2793.523682	0.0607974
2794.0	0.0609752
2794.023682	0.0609839
2794.523926	0.0611734
2795.0	0.0612217
2795.02417	0.0612243
2795.52417	0.0610995
2796.0	0.0610507
2796.024414	0.0610481
2796.524414	0.0612473
2797.0	0.0612821
2797.024658	0.0612841
2797.524658	0.0613536
2798.0	0.0613477
2798.024902	0.0613473
2798.524902	0.0616091
2799.0	0.0617056
2799.025146	0.0617107
2799.525146	0.0618081
2800.0	0.062044
2800.025391	0.0620576
2800.525391	0.0623132
2801.0	0.0623179
2801.025635	0.062318
2801.525635	0.0626728
2802.0	0.0629911
2802.025879	0.0630087
2802.525879	0.0629285
2803.0	0.0628255
2803.025879	0.0628197
2803.526123	0.0631445
2804.0	0.0630015
2804.026367	0.0629937
2804.526367	0.0630322
2805.0	0.0628582
2805.026611	0.0628482
2805.526611	0.0628551
2806.0	0.0624049
2806.026855	0.0623793
2806.526855	0.0615315
2807.0	0.0610573
2807.0271	0.0610302
2807.5271	0.0602619
2808.0	0.0591066
2808.027344	0.0590397
2808.527344	0.0582338
2809.0	0.0573502
2809.027588	0.0572987
2809.527588	0.0560847
2810.0	0.0546978
2810.027832	0.0546159
2810.527832	0.0530894
2811.0	0.0516015
2811.028076	0.0515132
2811.528076	0.049913
2812.0	0.0481307
2812.02832	0.0480236
2812.52832	0.0460198
2813.0	0.044188
2813.028564	0.044077
2813.528564	0.0420726
2814.0	0.0403238
2814.028809	0.040217
2814.528809	0.0381051
2815.0	0.0360691
2815.029053	0.0359434
2815.529053	0.0342447
2816.0	0.0325046
2816.029297	0.0323964
2816.529297	0.0303255
2817.0	0.0284933
2817.029541	0.0283782
2817.529541	0.0266753
2818.0	0.0250434
2818.029785	0.0249401
2818.529785	0.0230478
2819.0	0.0213619
2819.030029	0.0212542
2819.530029	0.0197019
2820.0	0.0184255
2820.030273	0.0183434
2820.530273	0.0168766
2821.0	0.0156517
2821.030518	0.0155721
2821.530518	0.0143579
2822.0	0.0132367
2822.030762	0.0131632
2822.530762	0.0121209
2823.0	0.0111431
2823.031006	0.0110785
2823.531006	0.0102246
2824.0	0.00949293
2824.03125	0.00944414
2824.53125	0.00864746
2825.0	0.00794362
2825.031494	0.00789635
2825.531494	0.00718654
2826.0	0.00665009
2826.031738	0.00661373
2826.531738	0.00610255
2827.0	0.00557626
2827.031982	0.00554032
2827.531982	0.0049839
2828.0	0.00464169
2828.032227	0.0046181
2828.532227	0.00428683
2829.0	0.00394743
2829.032471	0.00392387
2829.532471	0.003583
2830.0	0.00334508
2830.032715	0.00332843
2830.532715	0.00308021
2831.0	0.00285012
2831.032959	0.00283388
2831.532959	0.00260919
2832.0	0.00244266
2832.033203	0.00243083
2832.533203	0.00221605
2833.0	0.0020539
2833.033447	0.00204227
2833.533447	0.00185099
2834.0	0.00172408
2834.033691	0.00171492
2834.533691	0.00162179
2835.0	0.0015288
2835.033936	0.00152203
2835.533936	0.00136786
2836.0	0.00129237
2836.03418	0.00128683
2836.53418	0.00125402
2837.0	0.00112261
2837.034424	0.0011129
2837.534424	0.00102623
2838.0	0.000958933
2838.034668	0.000953918
2838.534668	0.000914035
2839.0	0.000866782
2839.034912	0.000863239
2839.534912	0.000761165
2840.0	0.000719811
2840.035156	0.000716682
2840.535156	0.00068156
2841.0	0.000612001
2841.0354	0.000606705
2841.5354	0.000586694
2842.0	0.00055103
2842.035645	0.000548292
2842.535645	0.000488092
2843.0	0.000471875
2843.035889	0.000470621
2843.535889	0.00046067
2844.0	0.000412003
2844.036133	0.000408215
2844.536133	0.000348554
2845.0	0.000389382
2845.036377	0.000392583
2845.536377	0.000397622
2846.0	0.000372771
2846.036621	0.000370809
2846.536621	0.000341871
2847.0	0.000320187
2847.036865	0.00031846
2847.536865	0.000249628
2848.0	0.000292904
2848.037109	0.000296373
2848.537109	0.000261569
2849.0	0.000241131
2849.037354	0.000239481
2849.537354	0.000219766
2850.0	0.000174721
2850.037598	0.00017106
2850.537598	0.000181995
2851.0	0.000199398
2851.037842	0.000200823
2851.537842	0.000256264
2852.0	0.000240461
2852.038086	0.000239158
2852.538086	0.000163241
2853.0	0.000164462
2853.03833	0.000164564
2853.53833	0.000116173
2854.0	0.000112067
2854.038574	0.000111723
2854.538818	0.000101723
2855.0	7.38162e-05
2855.038818	7.14671e-05
2855.538818	0.000115674
2856.0	9.90932e-05
2856.039062	9.76882e-05
2856.539307	6.16409e-05
2857.0	5.95511e-05
2857.039307	5.93728e-05
2857.539307	8.21871e-05
2858.0	0.000106146
2858.039551	0.000108203
2858.539551	6.85581e-05
2859.0	4.9909e-05
2859.039795	4.82968e-05
2859.539795	6.2711e-05
2860.0	6.59736e-05
2860.040039	6.62577e-05
2860.540039	9.45655e-05
2861.0	5.88166e-05
2861.040283	5.56849e-05
2861.540283	6.35481e-05
2862.0	1.86546e-05
2862.040527	1.46964e-05
2862.540527	6.27694e-05
2863.0	6.93155e-05
2863.040771	6.98962e-05
2863.541016	4.64548e-05
2864.0	4.56634e-05
2865.0	4.39386e-05
2866.0	4.22165e-05
2867.0	4.04896e-05
2868.0	3.87652e-05
2869.0	3.70362e-05
2870.0	3.53094e-05
2871.0	3.35784e-05
2872.0	3.18464e-05
2873.0	3.01161e-05
2874.0	2.83821e-05
2875.0	2.66494e-05
2876.0	2.49133e-05
2877.0	2.31783e-05
2878.0	2.14401e-05
2879.0	1.9701e-05
2880.0	1.79625e-05
2880.044922	1.78843e-05
2881.0	1.72433e-05
2882.0	1.65734e-05
2883.0	1.59015e-05
2884.0	1.52306e-05
2885.0	1.45579e-05
2886.0	1.38848e-05
2887.0	1.32126e-05
