1990.0	0.00267961
1990.646362	0.00274062
1991.0	0.00278726
1992.0	0.00291945
1993.0	0.00305274
1994.0	0.00318657
1995.0	0.00332154
1996.0	0.00345703
1997.0	0.00359368
1998.0	0.00373118
1999.0	0.00386918
2000.0	0.00400839
2000.648193	0.00409317
2001.0	0.00415784
2002.0	0.00434234
2003.0	0.00452683
2004.0	0.00471214
2005.0	0.00489787
2006.0	0.00508355
2007.0	0.0052701
2008.0	0.00545656
2009.0	0.00564394
2010.0	0.00583119
2010.649902	0.00595344
2011.0	0.00604218
2012.0	0.00629604
2013.0	0.00654986
2014.0	0.00680484
2015.0	0.00705973
2016.0	0.00731582
2017.0	0.00757178
2018.0	0.00782898
2019.0	0.00808675
2020.0	0.00834432
2020.651733	0.00851296
2021.0	0.00862602
2022.0	0.00895028
2023.0	0.00927607
2024.0	0.00960168
2025.0	0.00992887
2026.0	0.0102568
2027.0	0.0105844
2028.0	0.0109137
2029.0	0.0112427
2030.0	0.0115734
2030.653442	0.0117892
2031.0	0.0119225
2032.0	0.012309
2033.0	0.0126951
2034.0	0.0130833
2035.0	0.0134722
2036.0	0.0138607
2037.0	0.0142513
2038.0	0.0146414
2039.0	0.0150336
2040.0	0.0154252
2040.655273	0.0156832
2041.0	0.0158261
2042.0	0.0162411
2043.0	0.0166556
2044.0	0.0170724
2045.0	0.0174885
2046.0	0.017907
2047.0	0.0183247
2048.0	0.018745
2049.0	0.0191661
2050.0	0.0195863
2050.656982	0.0198667
2051.0	0.0200073
2052.0	0.0204161
2053.0	0.0208277
2054.0	0.0212383
2055.0	0.021652
2056.0	0.0220645
2057.0	0.0224801
2058.0	0.0228967
2059.0	0.0233122
2060.0	0.0237308
2060.658936	0.0240056
2061.0	0.0241319
2062.0	0.024505
2063.0	0.0248768
2064.0	0.0252517
2065.0	0.0256274
2066.0	0.0260017
2067.0	0.0263793
2068.0	0.0267552
2069.0	0.0271345
2070.0	0.0275121
2070.660889	0.0277637
2071.0	0.0278763
2072.0	0.0282063
2073.0	0.0285396
2074.0	0.0288737
2075.0	0.0292058
2076.0	0.0295414
2077.0	0.029875
2078.0	0.0302121
2079.0	0.0305472
2080.0	0.0308858
2080.662842	0.0311085
2081.0	0.0312042
2082.0	0.0314912
2083.0	0.0317789
2084.0	0.0320643
2085.0	0.0323533
2086.0	0.0326398
2087.0	0.03293
2088.0	0.0332178
2089.0	0.0335092
2090.0	0.0337981
2090.664795	0.0339924
2091.0	0.0340781
2092.0	0.0343343
2093.0	0.0345879
2094.0	0.0348452
2095.0	0.0350998
2096.0	0.0353581
2097.0	0.0356137
2098.0	0.0358731
2099.0	0.036133
2100.0	0.0363902
2100.666748	0.0366162
2101.0	0.0367229
2102.0	0.0370408
2103.0	0.0373638
2104.0	0.0376848
2105.0	0.0380109
2106.0	0.0383351
2107.0	0.0386644
2108.0	0.0389918
2109.0	0.0393243
2110.0	0.0396584
2110.668701	0.0398799
2111.0	0.0399836
2112.0	0.0403012
2113.0	0.0406166
2114.0	0.0409372
2115.0	0.0412555
2116.0	0.0415792
2117.0	0.0419004
2118.0	0.0422271
2119.0	0.0425553
2120.0	0.042881
2120.670654	0.0431025
2121.0	0.043208
2122.0	0.043525
2123.0	0.0438476
2124.0	0.0441675
2125.0	0.0444929
2126.0	0.0448158
2127.0	0.0451441
2128.0	0.045474
2129.0	0.0458012
2130.0	0.0461341
2130.672607	0.0463554
2131.0	0.0464586
2132.0	0.0467792
2133.0	0.0470968
2134.0	0.0474201
2135.0	0.0477405
2136.0	0.0480667
2137.0	0.0483898
2138.0	0.0487188
2139.0	0.0490492
2140.0	0.0493765
2140.674561	0.0496006
2141.0	0.0497008
2142.0	0.0500051
2143.0	0.0503151
2144.0	0.0506219
2145.0	0.0509345
2146.0	0.0512437
2147.0	0.0515589
2148.0	0.0518754
2149.0	0.0521885
2150.0	0.0525075
2150.676514	0.0527202
2151.0	0.0528127
2152.0	0.0531044
2153.0	0.0533924
2154.0	0.0536863
2155.0	0.0539764
2156.0	0.0542726
2157.0	0.0545649
2158.0	0.0548633
2159.0	0.0551629
2160.0	0.0554586
2160.678711	0.0556625
2161.0	0.0557486
2162.0	0.0560119
2163.0	0.0562813
2164.0	0.0565464
2165.0	0.0568177
2166.0	0.0570846
2167.0	0.0573578
2168.0	0.0576266
2169.0	0.0579016
2170.0	0.0581776
2170.680664	0.0583615
2171.0	0.0584361
2172.0	0.0586756
2173.0	0.0589104
2174.0	0.0591513
2175.0	0.0593876
2176.0	0.05963
2177.0	0.0598676
2178.0	0.0601115
2179.0	0.0603506
2180.0	0.060596
2180.682861	0.0607592
2181.0	0.0608216
2182.0	0.0610245
2183.0	0.0612278
2184.0	0.061426
2185.0	0.0616303
2186.0	0.0618295
2187.0	0.0620347
2188.0	0.0622348
2189.0	0.0624411
2190.0	0.0626421
2190.684814	0.062783
2191.0	0.0628398
2192.0	0.0630145
2193.0	0.0631954
2194.0	0.0633708
2195.0	0.0635523
2196.0	0.0637341
2197.0	0.0639105
2198.0	0.0640931
2199.0	0.0642701
2200.0	0.0644533
2200.687012	0.0645883
2201.0	0.0646423
2202.0	0.064821
2203.0	0.0649939
2204.0	0.0651731
2205.0	0.0653465
2206.0	0.0655261
2207.0	0.0656999
2208.0	0.06588
2209.0	0.0660604
2210.0	0.0662349
2210.688965	0.0663582
2211.0	0.0664075
2212.0	0.0665596
2213.0	0.066718
2214.0	0.0668704
2215.0	0.067029
2216.0	0.0671816
2217.0	0.0673404
2218.0	0.0674931
2219.0	0.0676521
2220.0	0.067805
2220.691162	0.0679137
2221.0	0.0679587
2222.0	0.0681042
2223.0	0.0682436
2224.0	0.0683892
2225.0	0.0685285
2226.0	0.0686742
2227.0	0.0688135
2228.0	0.0689592
2229.0	0.0690986
2230.0	0.0692443
2230.693115	0.0693144
2231.0	0.0693461
2232.0	0.0694555
2233.0	0.0695585
2234.0	0.0696678
2235.0	0.0697706
2236.0	0.0698797
2237.0	0.0699887
2238.0	0.0700912
2239.0	0.0701999
2240.0	0.0703022
2240.695312	0.0703762
2241.0	0.0704097
2242.0	0.070513
2243.0	0.0706228
2244.0	0.0707259
2245.0	0.0708355
2246.0	0.0709384
2247.0	0.0710478
2248.0	0.0711505
2249.0	0.0712597
2250.0	0.0713623
2250.69751	0.0714368
2251.0	0.071471
2252.0	0.0715774
2253.0	0.0716903
2254.0	0.0718031
2255.0	0.0719093
2256.0	0.072022
2257.0	0.072128
2258.0	0.0722406
2259.0	0.0723464
2260.0	0.0724588
2260.699707	0.0725313
2261.0	0.0725662
2262.0	0.0726894
2263.0	0.0728058
2264.0	0.0729289
2265.0	0.0730453
2266.0	0.0731684
2267.0	0.0732847
2268.0	0.0734077
2269.0	0.073524
2270.0	0.0736469
2270.701904	0.0737317
2271.0	0.0737723
2272.0	0.0739015
2273.0	0.0740376
2274.0	0.0741669
2275.0	0.074303
2276.0	0.0744324
2277.0	0.0745686
2278.0	0.074698
2279.0	0.0748343
2280.0	0.0749637
2280.704102	0.0750583
2281.0	0.0750994
2282.0	0.0752316
2283.0	0.0753707
2284.0	0.0755029
2285.0	0.0756421
2286.0	0.0757744
2287.0	0.0759137
2288.0	0.0760461
2289.0	0.0761855
2290.0	0.0763179
2290.706299	0.0764151
2291.0	0.076461
2292.0	0.0766174
2293.0	0.0767669
2294.0	0.0769236
2295.0	0.0770733
2296.0	0.0772302
2297.0	0.0773801
2298.0	0.0775372
2299.0	0.0776874
2300.0	0.0778448
2300.708496	0.0779185
2301.0	0.0779495
2302.0	0.078063
2303.0	0.0781694
2304.0	0.078283
2305.0	0.0783896
2306.0	0.0785034
2307.0	0.0786101
2308.0	0.078724
2309.0	0.0788309
2310.0	0.078945
2310.710449	0.0790197
2311.0	0.0790519
2312.0	0.0791701
2313.0	0.0792812
2314.0	0.0793996
2315.0	0.0795181
2316.0	0.0796295
2317.0	0.0797482
2318.0	0.0798597
2319.0	0.0799786
2320.0	0.0800902
2320.712891	0.0801739
2321.0	0.0802079
2322.0	0.0803191
2323.0	0.0804377
2324.0	0.080549
2325.0	0.0806678
2326.0	0.0807793
2327.0	0.0808982
2328.0	0.0810099
2329.0	0.081129
2330.0	0.0812409
2330.715088	0.0813251
2331.0	0.0813584
2332.0	0.0814679
2333.0	0.081585
2334.0	0.0816947
2335.0	0.0818119
2336.0	0.0819217
2337.0	0.0820391
2338.0	0.0821491
2339.0	0.0822667
2340.0	0.0823769
2340.717285	0.0824603
2341.0	0.0824915
2342.0	0.0825944
2343.0	0.0827049
2344.0	0.0828079
2345.0	0.0829185
2346.0	0.0830292
2347.0	0.0831325
2348.0	0.0832433
2349.0	0.0833466
2350.0	0.0834576
2350.719482	0.0835311
2351.0	0.0835559
2352.0	0.0836521
2353.0	0.0837406
2354.0	0.0838369
2355.0	0.0839255
2356.0	0.0840218
2357.0	0.0841104
2358.0	0.0842068
2359.0	0.0842955
2360.0	0.0843919
2360.72168	0.084455
2361.0	0.0844757
2362.0	0.0845579
2363.0	0.0846323
2364.0	0.0847145
2365.0	0.0847889
2366.0	0.084871
2367.0	0.0849455
2368.0	0.0850276
2369.0	0.085102
2370.0	0.0851841
2370.723877	0.085237
2371.0	0.085253
2372.0	0.0853185
2373.0	0.0853762
2374.0	0.0854416
2375.0	0.0854992
2376.0	0.0855645
2377.0	0.085622
2378.0	0.0856872
2379.0	0.0857446
2380.0	0.0858097
2380.726074	0.0858505
2381.0	0.0858614
2382.0	0.0859089
2383.0	0.0859485
2384.0	0.0859958
2385.0	0.0860352
2386.0	0.0860824
2387.0	0.0861216
2388.0	0.0861685
2389.0	0.0862076
2390.0	0.0862543
2390.728516	0.0862819
2391.0	0.0862868
2392.0	0.0863124
2393.0	0.0863301
2394.0	0.0863554
2395.0	0.0863727
2396.0	0.0863978
2397.0	0.0864227
2398.0	0.0864397
2399.0	0.0864643
2400.0	0.0864809
2400.730713	0.0864171
2401.0	0.0863887
2402.0	0.0862751
2403.0	0.0861694
2404.0	0.0860559
2405.0	0.0859502
2406.0	0.0858366
2407.0	0.0857309
2408.0	0.0856174
2409.0	0.0855117
2410.0	0.0853983
2410.73291	0.0853203
2411.0	0.0852862
2412.0	0.0851509
2413.0	0.0850234
2414.0	0.0848881
2415.0	0.0847606
2416.0	0.0846254
2417.0	0.0844979
2418.0	0.0843627
2419.0	0.0842352
2420.0	0.0841001
2420.735107	0.0840059
2421.0	0.0839685
2422.0	0.0838196
2423.0	0.0836784
2424.0	0.0835296
2425.0	0.0833884
2426.0	0.0832397
2427.0	0.0830985
2428.0	0.0829499
2429.0	0.0828087
2430.0	0.0826601
2430.737549	0.0825471
2431.0	0.082501
2432.0	0.0823179
2433.0	0.0821424
2434.0	0.0819595
2435.0	0.0817841
2436.0	0.0816014
2437.0	0.0814262
2438.0	0.0812436
2439.0	0.0810685
2440.0	0.0808862
2440.739746	0.0807565
2441.0	0.0807088
2442.0	0.0805184
2443.0	0.0803354
2444.0	0.0801452
2445.0	0.0799623
2446.0	0.0797723
2447.0	0.0795896
2448.0	0.0793997
2449.0	0.0792172
2450.0	0.0790275
2450.742188	0.0788919
2451.0	0.078841
2452.0	0.0786366
2453.0	0.0784393
2454.0	0.0782351
2455.0	0.0780381
2456.0	0.077834
2457.0	0.0776371
2458.0	0.0774333
2459.0	0.0772296
2460.0	0.077033
2460.744385	0.0768814
2461.0	0.0768257
2462.0	0.0766146
2463.0	0.0763968
2464.0	0.076186
2465.0	0.0759684
2466.0	0.0757577
2467.0	0.0755403
2468.0	0.0753299
2469.0	0.0751128
2470.0	0.0749025
2470.746582	0.0747405
2471.0	0.0746832
2472.0	0.0744638
2473.0	0.0742378
2474.0	0.0740187
2475.0	0.0737929
2476.0	0.073574
2477.0	0.0733485
2478.0	0.0731297
2479.0	0.0729045
2480.0	0.0726859
2480.749023	0.0725174
2481.0	0.0724593
2482.0	0.0722345
2483.0	0.0720032
2484.0	0.0717786
2485.0	0.0715477
2486.0	0.0713233
2487.0	0.0710925
2488.0	0.0708684
2489.0	0.0706379
2490.0	0.0704139
2490.751221	0.0702411
2491.0	0.0701816
2492.0	0.0699488
2493.0	0.0697098
2494.0	0.0694772
2495.0	0.0692385
2496.0	0.0690062
2497.0	0.0687677
2498.0	0.0685356
2499.0	0.0682974
2500.0	0.0680656
2500.753662	0.0678687
2501.0	0.0678028
2502.0	0.0675413
2503.0	0.067274
2504.0	0.0670131
2505.0	0.0667463
2506.0	0.0664859
2507.0	0.0662197
2508.0	0.0659598
2509.0	0.0656942
2510.0	0.0654349
2510.756104	0.0652346
2511.0	0.0651683
2512.0	0.0648968
2513.0	0.0646314
2514.0	0.0643604
2515.0	0.0640956
2516.0	0.0638252
2517.0	0.0635609
2518.0	0.0632911
2519.0	0.0630273
2520.0	0.0627581
2520.758301	0.0625586
2521.0	0.0624931
2522.0	0.0622162
2523.0	0.0619453
2524.0	0.0616691
2525.0	0.0613988
2526.0	0.0611232
2527.0	0.0608534
2528.0	0.0605784
2529.0	0.0603092
2530.0	0.0600348
2530.760498	0.0598306
2531.0	0.0597647
2532.0	0.0594841
2533.0	0.0592093
2534.0	0.0589293
2535.0	0.058655
2536.0	0.0583757
2537.0	0.058102
2538.0	0.0578234
2539.0	0.0575502
2540.0	0.0572722
2540.762939	0.0570604
2541.0	0.0569936
2542.0	0.0567174
2543.0	0.0564363
2544.0	0.0561607
2545.0	0.0558803
2546.0	0.0556052
2547.0	0.0553254
2548.0	0.0550509
2549.0	0.0547718
2550.0	0.0544979
2550.765381	0.0542848
2551.0	0.054219
2552.0	0.0539439
2553.0	0.0536642
2554.0	0.0533896
2555.0	0.0531106
2556.0	0.0528366
2557.0	0.0525582
2558.0	0.0522849
2559.0	0.0520071
2560.0	0.0517343
2560.767578	0.0515217
2561.0	0.0514557
2562.0	0.0511764
2563.0	0.0508929
2564.0	0.0506142
2565.0	0.0503313
2566.0	0.0500488
2567.0	0.0497711
2568.0	0.0494893
2569.0	0.0492122
2570.0	0.048931
2570.77002	0.0487181
2571.0	0.0486546
2572.0	0.0483743
2573.0	0.0480986
2574.0	0.047819
2575.0	0.047544
2576.0	0.047265
2577.0	0.0469905
2578.0	0.0467122
2579.0	0.0464384
2580.0	0.0461608
2580.772461	0.0459498
2581.0	0.045888
2582.0	0.0456127
2583.0	0.0453418
2584.0	0.0450671
2585.0	0.0447927
2586.0	0.0445227
2587.0	0.044249
2588.0	0.0439797
2589.0	0.0437066
2590.0	0.0434379
2590.774902	0.0432269
2591.0	0.043165
2592.0	0.0428941
2593.0	0.0426197
2594.0	0.0423494
2595.0	0.0420756
2596.0	0.041806
2597.0	0.0415329
2598.0	0.0412639
2599.0	0.0409915
2600.0	0.0407231
2600.7771	0.0404967
2601.0	0.0404319
2602.0	0.0401452
2603.0	0.0398554
2604.0	0.0395662
2605.0	0.0392811
2606.0	0.038993
2607.0	0.038709
2608.0	0.038422
2609.0	0.0381391
2610.0	0.0378533
2610.779541	0.0376335
2611.0	0.0375738
2612.0	0.0372999
2613.0	0.03703
2614.0	0.0367572
2615.0	0.0364882
2616.0	0.0362165
2617.0	0.0359486
2618.0	0.0356779
2619.0	0.0354078
2620.0	0.0351415
2620.781982	0.0349311
2621.0	0.0348721
2622.0	0.0346049
2623.0	0.0343352
2624.0	0.034069
2625.0	0.0338004
2626.0	0.0335353
2627.0	0.0332677
2628.0	0.0330037
2629.0	0.0327372
2630.0	0.0324742
2630.78418	0.0322672
2631.0	0.0322111
2632.0	0.0319541
2633.0	0.0316948
2634.0	0.031436
2635.0	0.0311806
2636.0	0.0309228
2637.0	0.0306684
2638.0	0.0304116
2639.0	0.0301582
2640.0	0.0299025
2640.786621	0.0297039
2641.0	0.0296517
2642.0	0.0294051
2643.0	0.0291616
2644.0	0.0289159
2645.0	0.0286733
2646.0	0.0284287
2647.0	0.0281871
2648.0	0.0279434
2649.0	0.0277003
2650.0	0.0274601
2650.789062	0.027269
2651.0	0.0272206
2652.0	0.0269937
2653.0	0.0267648
2654.0	0.0265388
2655.0	0.0263109
2656.0	0.0260858
2657.0	0.0258589
2658.0	0.0256347
2659.0	0.0254086
2660.0	0.0251854
2660.791504	0.0250072
2661.0	0.0249618
2662.0	0.0247444
2663.0	0.0245297
2664.0	0.0243132
2665.0	0.0240993
2666.0	0.0238837
2667.0	0.0236707
2668.0	0.023456
2669.0	0.0232439
2670.0	0.0230302
2670.793701	0.0228625
2671.0	0.0228194
2672.0	0.022609
2673.0	0.0223991
2674.0	0.0221916
2675.0	0.0219826
2676.0	0.0217759
2677.0	0.0215678
2678.0	0.021362
2679.0	0.0211548
2680.0	0.0209499
2680.796143	0.0207856
2681.0	0.0207448
2682.0	0.020547
2683.0	0.0203477
2684.0	0.0201507
2685.0	0.0199524
2686.0	0.0197544
2687.0	0.0195587
2688.0	0.0193616
2689.0	0.0191667
2690.0	0.0189705
2690.798584	0.0188155
2691.0	0.0187788
2692.0	0.0185951
2693.0	0.0184135
2694.0	0.0182306
2695.0	0.0180498
2696.0	0.0178677
2697.0	0.0176861
2698.0	0.0175065
2699.0	0.0173256
2700.0	0.0171468
2700.801025	0.0170194
2701.0	0.0169901
2702.0	0.0168445
2703.0	0.0166975
2704.0	0.0165519
2705.0	0.0164049
2706.0	0.0162594
2707.0	0.0161125
2708.0	0.0159656
2709.0	0.0158201
2710.0	0.0156733
2710.803467	0.0155564
2711.0	0.0155293
2712.0	0.01539
2713.0	0.0152521
2714.0	0.0151128
2715.0	0.0149749
2716.0	0.0148357
2717.0	0.0146978
2718.0	0.0145587
2719.0	0.0144195
2720.0	0.0142817
2720.805908	0.0141696
2721.0	0.0141447
2722.0	0.0140178
2723.0	0.0138897
2724.0	0.0137627
2725.0	0.0136346
2726.0	0.0135077
2727.0	0.0133797
2728.0	0.0132516
2729.0	0.0131248
2730.0	0.0129968
2730.80835	0.0128943
2731.0	0.0128707
2732.0	0.0127466
2733.0	0.0126236
2734.0	0.0124994
2735.0	0.0123765
2736.0	0.0122524
2737.0	0.0121283
2738.0	0.0120054
2739.0	0.0118814
2740.0	0.0117585
2740.810791	0.011658
2741.0	0.0116368
2742.0	0.0115258
2743.0	0.0114137
2744.0	0.0113027
2745.0	0.0111907
2746.0	0.0110798
2747.0	0.0109678
2748.0	0.0108559
2749.0	0.010745
2750.0	0.0106331
2750.812988	0.0105429
2751.0	0.0105217
2752.0	0.0104077
2753.0	0.0102946
2754.0	0.0101807
2755.0	0.0100676
2756.0	0.00995365
2757.0	0.00983974
2758.0	0.00972672
2759.0	0.00961285
2760.0	0.00949985
2760.815674	0.00940701
2761.0	0.00938836
2762.0	0.00928803
2763.0	0.00918689
2764.0	0.00908658
2765.0	0.00898547
2766.0	0.00888439
2767.0	0.00878412
2768.0	0.00868307
2769.0	0.00858282
2770.0	0.00848182
2770.818115	0.00839982
2771.0	0.00838633
2772.0	0.0083114
2773.0	0.00823723
2774.0	0.00816233
2775.0	0.00808745
2776.0	0.0080133
2777.0	0.00793845
2778.0	0.00786432
2779.0	0.00778949
2780.0	0.00771538
2780.820312	0.00765402
2781.0	0.00764106
2782.0	0.00756891
2783.0	0.00749745
2784.0	0.00742533
2785.0	0.00735389
2786.0	0.0072818
2787.0	0.00721037
2788.0	0.00713831
2789.0	0.00706689
2790.0	0.00699485
2790.822998	0.00693559
2791.0	0.00692143
2792.0	0.0068421
2793.0	0.00676218
2794.0	0.00668286
2795.0	0.00660296
2796.0	0.00652367
2797.0	0.0064438
2798.0	0.00636452
2799.0	0.00628468
2800.0	0.00620487
2800.825195	0.00614203
2801.0	0.00613221
2802.0	0.00607542
2803.0	0.00601912
2804.0	0.00596224
2805.0	0.00590584
2806.0	0.00584886
2807.0	0.00579183
2808.0	0.00573528
2809.0	0.00567816
2810.0	0.0056215
2810.827881	0.00557414
2811.0	0.00556207
2812.0	0.00549238
2813.0	0.00542214
2814.0	0.00535184
2815.0	0.00528196
2816.0	0.00521155
2817.0	0.00514154
2818.0	0.00507101
2819.0	0.00500088
2820.0	0.00493023
2820.830078	0.00487191
2821.0	0.00486146
2822.0	0.00479951
2823.0	0.00473751
2824.0	0.00467588
2825.0	0.00461378
2826.0	0.00455203
2827.0	0.00448983
2828.0	0.00442797
2829.0	0.00436566
2830.0	0.0043033
2830.83252	0.0042513
2831.0	0.00424856
2832.0	0.00423182
2833.0	0.00421545
2834.0	0.00419868
2835.0	0.00418229
2836.0	0.00416551
2837.0	0.00414871
2838.0	0.00413228
2839.0	0.00411547
2840.0	0.00409901
2840.835205	0.00408495
2841.0	0.00407657
2842.0	0.00402605
2843.0	0.00397514
2844.0	0.0039242
2845.0	0.00387358
2846.0	0.00382258
2847.0	0.00377189
2848.0	0.00372082
2849.0	0.00367006
2850.0	0.00361894
2850.837646	0.00357609
2851.0	0.00357268
2852.0	0.00355201
2853.0	0.00353101
2854.0	0.0035103
2855.0	0.00348927
2856.0	0.00346854
2857.0	0.00344748
2858.0	0.00342641
2859.0	0.00340564
2860.0	0.00338454
2860.840088	0.00336707
2861.0	0.00335607
2862.0	0.00328699
2863.0	0.00321816
2864.0	0.003149
2865.0	0.00307979
2866.0	0.00301082
2867.0	0.00294154
2868.0	0.00287247
2869.0	0.00280311
2870.0	0.00273394
2870.842529	0.00267543
2871.0	0.00267155
2872.0	0.0026469
2873.0	0.00262248
2874.0	0.0025978
2875.0	0.00257334
2876.0	0.00254863
2877.0	0.00252413
2878.0	0.0024994
2879.0	0.00247465
2880.0	0.0024501
2880.844971	0.00242916
2881.0	0.00242505
2882.0	0.00239877
2883.0	0.00237226
2884.0	0.00234594
2885.0	0.00231939
2886.0	0.00229283
2887.0	0.00226646
2888.0	0.00223986
2889.0	0.00221345
2890.0	0.00218683
2890.847412	0.00216425
2891.0	0.00216114
2892.0	0.00214094
2893.0	0.00212054
2894.0	0.00210031
2895.0	0.00207988
2896.0	0.00205963
2897.0	0.00203917
2898.0	0.00201871
2899.0	0.00199841
2900.0	0.00197792
2900.849854	0.00196133
2901.0	0.00195857
2902.0	0.00194002
2903.0	0.0019216
2904.0	0.00190299
2905.0	0.00188434
2906.0	0.00186584
2907.0	0.00184714
2908.0	0.00182858
2909.0	0.00180983
2910.0	0.00179105
2910.852295	0.00177515
2911.0	0.00177302
2912.0	0.00175838
2913.0	0.00174387
2914.0	0.00172919
2915.0	0.00171464
2916.0	0.00169991
2917.0	0.00168517
2918.0	0.00167055
2919.0	0.00165575
2920.0	0.00164109
2920.854736	0.0016284
2921.0	0.00162531
2922.0	0.00160396
2923.0	0.00158271
2924.0	0.0015613
2925.0	0.00153999
2926.0	0.00151852
2927.0	0.00149715
2928.0	0.00147561
2929.0	0.00145404
2930.0	0.00143257
2930.857422	0.00141403
2931.0	0.00141236
2932.0	0.0014008
2933.0	0.00138909
2934.0	0.00137736
2935.0	0.00136574
2936.0	0.00135398
2937.0	0.00134232
2938.0	0.00133053
2939.0	0.00131884
2940.0	0.00130701
2940.859863	0.00129682
2941.0	0.0012959
2942.0	0.00128948
2943.0	0.00128292
2944.0	0.00127647
2945.0	0.0012699
2946.0	0.00126332
2947.0	0.00125683
2948.0	0.00125023
2949.0	0.00124373
2950.0	0.0012371
2950.862305	0.00123138
2951.0	0.00122962
2952.0	0.00121687
2953.0	0.001204
2954.0	0.00119122
2955.0	0.00117831
2956.0	0.00116549
2957.0	0.00115255
2958.0	0.00113958
2959.0	0.0011267
2960.0	0.0011137
2960.864746	0.00110253
2961.0	0.00110091
2962.0	0.00108877
2963.0	0.00107663
2964.0	0.00106456
2965.0	0.00105237
2966.0	0.00104026
2967.0	0.00102805
2968.0	0.00101581
2969.0	0.00100365
2970.0	0.000991381
2970.867188	0.000980802
2971.0	0.000978983
2972.0	0.000965188
2973.0	0.000951373
2974.0	0.000937624
2975.0	0.000923771
2976.0	0.00090998
2977.0	0.000896088
2978.0	0.000882256
2979.0	0.000868325
2980.0	0.000854376
2980.869629	0.000842294
2981.0	0.000841419
2982.0	0.000834623
2983.0	0.000827892
2984.0	0.000821077
2985.0	0.000814253
2986.0	0.00080749
2987.0	0.000800646
2988.0	0.000793863
2989.0	0.000787
2990.0	0.000780127
2990.872314	0.000774183
2991.0	0.000773821
2992.0	0.000770916
2993.0	0.000768074
2994.0	0.00076516
2995.0	0.000762241
2996.0	0.000759386
2997.0	0.000756458
2998.0	0.000753593
2999.0	0.000750657
3000.0	0.000747716
3000.874756	0.000744773
3001.0	0.000743361
3002.0	0.000732016
3003.0	0.000720736
3004.0	0.000709392
3005.0	0.000698047
3006.0	0.000686764
3007.0	0.000675419
3008.0	0.000664133
3009.0	0.000652787
3010.0	0.000641442
3010.877197	0.000631539
3011.0	0.000631251
3012.0	0.00062885
3013.0	0.000626504
3014.0	0.000624103
3015.0	0.000621702
3016.0	0.000619356
3017.0	0.000616955
3018.0	0.000614609
3019.0	0.000612207
3020.0	0.000609806
3020.879639	0.000607741
3021.0	0.000607753
3022.0	0.000607797
3023.0	0.000607894
3024.0	0.000607938
3025.0	0.000607982
3026.0	0.00060808
3027.0	0.000608124
3028.0	0.000608221
3029.0	0.000608265
3030.0	0.000608309
3030.88208	0.000608392
3031.0	0.000607374
3032.0	0.000598685
3033.0	0.000590048
3034.0	0.000581359
3035.0	0.000572669
3036.0	0.000564031
3037.0	0.000555341
3038.0	0.000546701
3039.0	0.000538011
3040.0	0.000529322
3040.884766	0.000521675
3041.0	0.000520427
3042.0	0.000509546
3043.0	0.000498709
3044.0	0.000487828
3045.0	0.000476947
3046.0	0.000466108
3047.0	0.000455227
3048.0	0.000444385
3049.0	0.000433504
3050.0	0.000422623
3050.887207	0.000413003
3051.0	0.00041292
3052.0	0.00041215
3053.0	0.000411416
3054.0	0.000410645
3055.0	0.000409875
3056.0	0.000409141
3057.0	0.000408371
3058.0	0.000407637
3059.0	0.000406866
3060.0	0.000406096
3060.889648	0.000405443
3061.0	0.000405558
3062.0	0.000406563
3063.0	0.000407605
3064.0	0.000408611
3065.0	0.000409616
3066.0	0.000410658
3067.0	0.000411664
3068.0	0.000412706
3069.0	0.000413712
3070.0	0.000414717
3070.89209	0.000415647
3071.0	0.000414775
3072.0	0.000406654
3073.0	0.000398534
3074.0	0.000390449
3075.0	0.000382329
3076.0	0.000374243
3077.0	0.000366122
3078.0	0.000358003
3079.0	0.000349914
3080.0	0.000341795
3080.894775	0.000334556
3081.0	0.00033456
3082.0	0.000334573
3083.0	0.000334586
3084.0	0.000334628
3085.0	0.00033464
3086.0	0.000334683
3087.0	0.000334695
3088.0	0.000334708
3089.0	0.00033475
3090.0	0.000334763
3090.897217	0.000334774
3091.0	0.00033479
3092.0	0.000334976
3093.0	0.000335132
3094.0	0.000335318
3095.0	0.000335475
3096.0	0.000335631
3097.0	0.000335817
3098.0	0.000335973
3099.0	0.000336159
3100.0	0.000336315
3100.899658	0.000336455
3101.0	0.000335588
3102.0	0.00032697
3103.0	0.000318322
3104.0	0.000309703
3105.0	0.000301056
3106.0	0.000292409
3107.0	0.000283787
3108.0	0.00027514
3109.0	0.000266494
3110.0	0.00025787
3110.9021	0.00025007
3111.0	0.000249649
3112.0	0.000245366
3113.0	0.00024106
3114.0	0.000236755
3115.0	0.000232471
3116.0	0.000228166
3117.0	0.000223881
3118.0	0.000219576
3119.0	0.000215271
3120.0	0.000210985
3120.904785	0.00020709
3121.0	0.000206933
3122.0	0.000205283
3123.0	0.000203651
3124.0	0.000202002
3125.0	0.00020037
3126.0	0.00019872
3127.0	0.00019707
3128.0	0.000195438
3129.0	0.000193788
3130.0	0.000192138
3131.0	0.000190506
3132.0	0.000188856
3133.0	0.000187223
3134.0	0.000185573
3135.0	0.000183924
3136.0	0.00018229
3137.0	0.00018064
3138.0	0.000179007
3139.0	0.000177357
3140.0	0.000175708
3140.909912	0.000174221
3141.0	0.000174112
3142.0	0.000172893
3143.0	0.000171674
3144.0	0.000170469
3145.0	0.00016925
3146.0	0.000168046
3147.0	0.000166826
3148.0	0.000165607
3149.0	0.000164402
3150.0	0.000163183
3151.0	0.000161964
3152.0	0.000160759
3153.0	0.00015954
3154.0	0.000158334
3155.0	0.000157115
3156.0	0.000155896
3157.0	0.00015469
3158.0	0.000153471
3159.0	0.000152252
3160.0	0.000151046
3160.914795	0.000149931
3161.0	0.000149838
3162.0	0.000148764
3163.0	0.000147676
3164.0	0.000146589
3165.0	0.000145514
3166.0	0.000144427
3167.0	0.00014334
3168.0	0.000142265
3169.0	0.000141177
3170.0	0.000140102
3171.0	0.000139015
3172.0	0.000137927
3173.0	0.000136852
3174.0	0.000135765
3175.0	0.000134678
3176.0	0.000133602
3177.0	0.000132515
3178.0	0.000131439
3179.0	0.000130352
3180.0	0.000129265
3180.919922	0.000128275
3181.0	0.000128202
3182.0	0.000127287
3183.0	0.000126372
3184.0	0.000125469
3185.0	0.000124554
3186.0	0.000123649
3187.0	0.000122735
3188.0	0.00012182
3189.0	0.000120915
3190.0	0.00012
3191.0	0.000119086
3192.0	0.000118181
3193.0	0.000117266
3194.0	0.000116362
3195.0	0.000115447
3196.0	0.000114532
3197.0	0.000113627
3198.0	0.000112712
3199.0	0.000111798
3200.0	0.000110893
3200.924805	0.000110035
3201.0	0.000109976
3202.0	0.000109205
3203.0	0.000108424
3204.0	0.000107643
3205.0	0.000106871
3206.0	0.000106091
3207.0	0.00010531
3208.0	0.000104539
3209.0	0.000103759
3210.0	0.000102979
3211.0	0.000102209
3212.0	0.000101429
3213.0	0.000100659
3214.0	9.98795e-05
3215.0	9.91006e-05
3216.0	9.83305e-05
3217.0	9.7552e-05
3218.0	9.67736e-05
3219.0	9.60039e-05
3220.0	9.52259e-05
3220.929932	9.45103e-05
3221.0	9.44643e-05
3222.0	9.3799e-05
3223.0	9.31338e-05
3224.0	9.2477e-05
3225.0	9.18122e-05
3226.0	9.11475e-05
3227.0	9.0491e-05
3228.0	8.98266e-05
3229.0	8.91624e-05
3230.0	8.85062e-05
3231.0	8.78423e-05
3232.0	8.71863e-05
3233.0	8.65227e-05
3234.0	8.58593e-05
3235.0	8.52036e-05
3236.0	8.45404e-05
3237.0	8.38775e-05
3238.0	8.32221e-05
3239.0	8.25595e-05
3240.0	8.1897e-05
3240.935059	8.12845e-05
3241.0	8.12509e-05
3242.0	8.07265e-05
3243.0	8.02093e-05
3244.0	7.96851e-05
3245.0	7.91611e-05
3246.0	7.86441e-05
3247.0	7.81203e-05
3248.0	7.75967e-05
3249.0	7.70799e-05
3250.0	7.65565e-05
3251.0	7.60333e-05
3252.0	7.55168e-05
3253.0	7.49938e-05
3254.0	7.44774e-05
3255.0	7.39546e-05
3256.0	7.3432e-05
3257.0	7.29159e-05
3258.0	7.23935e-05
3259.0	7.18712e-05
3260.0	7.13554e-05
3260.940186	7.08646e-05
3261.0	7.08393e-05
3262.0	7.04164e-05
3263.0	6.99999e-05
3264.0	6.95772e-05
3265.0	6.91547e-05
3266.0	6.87383e-05
3267.0	6.83159e-05
3268.0	6.78997e-05
3269.0	6.74775e-05
3270.0	6.70555e-05
3271.0	6.66394e-05
3272.0	6.62176e-05
3273.0	6.57959e-05
3274.0	6.538e-05
3275.0	6.49585e-05
3276.0	6.45371e-05
3277.0	6.41214e-05
3278.0	6.37002e-05
3279.0	6.32791e-05
3280.0	6.28636e-05
3280.945312	6.24657e-05
3281.0	6.2445e-05
3282.0	6.20716e-05
3283.0	6.16929e-05
3284.0	6.13142e-05
3285.0	6.0941e-05
3286.0	6.05625e-05
3287.0	6.01841e-05
3288.0	5.98111e-05
3289.0	5.94329e-05
3290.0	5.90548e-05
3291.0	5.86819e-05
3292.0	5.8304e-05
3293.0	5.79262e-05
3294.0	5.75535e-05
3295.0	5.71759e-05
3296.0	5.68033e-05
3297.0	5.64259e-05
3298.0	5.60485e-05
3299.0	5.56761e-05
3300.0	5.52989e-05
3300.950195	5.49407e-05
3301.0	5.49243e-05
3302.0	5.45999e-05
3303.0	5.42708e-05
3304.0	5.39418e-05
3305.0	5.36177e-05
3306.0	5.32888e-05
3307.0	5.29601e-05
3308.0	5.2636e-05
3309.0	5.23075e-05
3310.0	5.1979e-05
3311.0	5.16551e-05
3312.0	5.13268e-05
3313.0	5.1003e-05
3314.0	5.06748e-05
3315.0	5.03468e-05
3316.0	5.00231e-05
3317.0	4.96952e-05
3318.0	4.93674e-05
3319.0	4.90439e-05
3320.0	4.87162e-05
3320.955322	4.84033e-05
3321.0	4.83912e-05
3322.0	4.81264e-05
3323.0	4.78574e-05
3324.0	4.75885e-05
3325.0	4.73238e-05
3326.0	4.7055e-05
3327.0	4.67862e-05
3328.0	4.65217e-05
3329.0	4.62531e-05
3330.0	4.59845e-05
3331.0	4.57201e-05
3332.0	4.54517e-05
3333.0	4.51833e-05
3334.0	4.4919e-05
3335.0	4.46508e-05
3336.0	4.43866e-05
3337.0	4.41185e-05
3338.0	4.38505e-05
3339.0	4.35864e-05
3340.0	4.33185e-05
3340.960449	4.30613e-05
3341.0	4.30517e-05
3342.0	4.28122e-05
3343.0	4.2569e-05
3344.0	4.2326e-05
3345.0	4.20866e-05
3346.0	4.18436e-05
3347.0	4.16007e-05
3348.0	4.13615e-05
3349.0	4.11187e-05
3350.0	4.0876e-05
3351.0	4.06369e-05
3352.0	4.03942e-05
3353.0	4.01517e-05
3354.0	3.99127e-05
3355.0	3.96703e-05
3356.0	3.94279e-05
3357.0	3.9189e-05
3358.0	3.89468e-05
3359.0	3.87046e-05
3360.0	3.84658e-05
3360.965576	3.82321e-05
3361.0	3.82247e-05
3362.0	3.80103e-05
3363.0	3.77994e-05
3364.0	3.75851e-05
3365.0	3.73742e-05
3366.0	3.716e-05
3367.0	3.69459e-05
3368.0	3.67351e-05
3369.0	3.65211e-05
3370.0	3.63072e-05
3371.0	3.60965e-05
3372.0	3.58827e-05
3373.0	3.56689e-05
3374.0	3.54583e-05
3375.0	3.52447e-05
3376.0	3.50311e-05
3377.0	3.48206e-05
3378.0	3.46071e-05
3379.0	3.43936e-05
3380.0	3.41832e-05
3380.970703	3.39762e-05
3381.0	3.39711e-05
3382.0	3.37983e-05
3383.0	3.36284e-05
3384.0	3.34557e-05
3385.0	3.3283e-05
3386.0	3.31132e-05
3387.0	3.29406e-05
3388.0	3.2768e-05
3389.0	3.25983e-05
3390.0	3.24258e-05
3391.0	3.22533e-05
3392.0	3.20838e-05
3393.0	3.19114e-05
3394.0	3.17391e-05
3395.0	3.15696e-05
3396.0	3.13973e-05
3397.0	3.12251e-05
3398.0	3.10557e-05
3399.0	3.08836e-05
3400.0	3.07115e-05
3400.97583	3.05309e-05
3401.0	3.05272e-05
3402.0	3.03726e-05
3403.0	3.02181e-05
3404.0	3.00664e-05
3405.0	2.99122e-05
3406.0	2.97583e-05
3407.0	2.96071e-05
3408.0	2.94534e-05
3409.0	2.92999e-05
3410.0	2.91492e-05
3411.0	2.89961e-05
3412.0	2.88432e-05
3413.0	2.86929e-05
3414.0	2.85403e-05
3415.0	2.83879e-05
3416.0	2.82381e-05
3417.0	2.8086e-05
3418.0	2.79341e-05
3419.0	2.77848e-05
3420.0	2.76332e-05
3420.980957	2.74847e-05
3421.0	2.7482e-05
3422.0	2.73405e-05
3423.0	2.71969e-05
3424.0	2.70534e-05
3425.0	2.69124e-05
3426.0	2.67693e-05
3427.0	2.66263e-05
3428.0	2.64857e-05
3429.0	2.6343e-05
3430.0	2.62005e-05
3431.0	2.60603e-05
3432.0	2.5918e-05
3433.0	2.57758e-05
3434.0	2.56361e-05
3435.0	2.54942e-05
3436.0	2.53525e-05
3437.0	2.52132e-05
3438.0	2.50719e-05
3439.0	2.49307e-05
3440.0	2.47918e-05
3440.986084	2.46529e-05
3441.0	2.46513e-05
3442.0	2.45336e-05
3443.0	2.44182e-05
3444.0	2.43007e-05
3445.0	2.41834e-05
3446.0	2.40684e-05
3447.0	2.39513e-05
3448.0	2.38344e-05
3449.0	2.37197e-05
3450.0	2.36031e-05
3451.0	2.34866e-05
3452.0	2.33723e-05
3453.0	2.32561e-05
3454.0	2.314e-05
3455.0	2.3026e-05
3456.0	2.29102e-05
3457.0	2.27945e-05
3458.0	2.26809e-05
3459.0	2.25655e-05
3460.0	2.24502e-05
3460.991211	2.2338e-05
3461.0	2.23369e-05
3462.0	2.2214e-05
3463.0	2.20912e-05
3464.0	2.19705e-05
3465.0	2.1848e-05
3466.0	2.17256e-05
3467.0	2.16053e-05
3468.0	2.14832e-05
3469.0	2.13613e-05
3470.0	2.12414e-05
3471.0	2.11197e-05
3472.0	2.09983e-05
3473.0	2.08769e-05
3474.0	2.07576e-05
3475.0	2.06365e-05
3476.0	2.05156e-05
3477.0	2.03967e-05
3478.0	2.0276e-05
3479.0	2.01556e-05
3480.0	2.0037e-05
3480.996338	1.99173e-05
3481.0	1.99169e-05
3482.0	1.98158e-05
3483.0	1.97166e-05
3484.0	1.96158e-05
3485.0	1.9515e-05
3486.0	1.94161e-05
3487.0	1.93156e-05
3488.0	1.92153e-05
3489.0	1.91167e-05
3490.0	1.90166e-05
3491.0	1.89166e-05
3492.0	1.88183e-05
3493.0	1.87186e-05
3494.0	1.86189e-05
3495.0	1.8521e-05
3496.0	1.84216e-05
3497.0	1.83223e-05
3498.0	1.82247e-05
3499.0	1.81257e-05
3500.0	1.80268e-05
3501.0	1.7928e-05
3501.001465	1.79278e-05
3502.0	1.78395e-05
3503.0	1.77497e-05
3504.0	1.76599e-05
3505.0	1.75718e-05
3506.0	1.74823e-05
3507.0	1.73928e-05
3508.0	1.7305e-05
