2953.0	4.00913e-05
2954.0	4.45685e-05
2955.0	4.90481e-05
2956.0	5.35382e-05
2957.0	5.80299e-05
2958.0	6.25275e-05
2959.0	6.70369e-05
2960.0	7.15466e-05
2960.864746	7.54569e-05
2961.0	7.6652e-05
2962.0	8.54883e-05
2963.0	9.43361e-05
2964.0	0.000103205
2965.0	0.000112076
2966.0	0.00012097
2967.0	0.000129866
2968.0	0.000138773
2969.0	0.000147705
2970.0	0.000156636
2970.867188	0.000164402
2971.0	0.000166447
2972.0	0.000181839
2973.0	0.00019725
2974.0	0.000212701
2975.0	0.000228154
2976.0	0.000243648
2977.0	0.000259142
2978.0	0.000274681
2979.0	0.000290216
2980.0	0.000305772
2980.869629	0.00031934
2981.0	0.000321785
2982.0	0.000340529
2983.0	0.000359328
2984.0	0.000378121
2985.0	0.000396938
2986.0	0.000415816
2987.0	0.000434682
2988.0	0.000453613
2989.0	0.00047253
2990.0	0.000491471
2990.872314	0.000508051
2991.0	0.000513328
2992.0	0.000554634
2993.0	0.000596045
2994.0	0.000637461
2995.0	0.000678929
2996.0	0.000720514
2997.0	0.000762091
2998.0	0.000803792
2999.0	0.000845479
3000.0	0.000887219
3000.874756	0.000923319
3001.0	0.000932367
3002.0	0.00100453
3003.0	0.00107678
3004.0	0.00114894
3005.0	0.0012211
3006.0	0.00129337
3007.0	0.00136553
3008.0	0.00143782
3009.0	0.00150999
3010.0	0.00158215
3010.877197	0.00164558
3011.0	0.00165942
3012.0	0.00177193
3013.0	0.00188461
3014.0	0.00199712
3015.0	0.00210964
3016.0	0.00222235
3017.0	0.00233487
3018.0	0.0024476
3019.0	0.00256013
3020.0	0.00267265
3020.879639	0.00277184
3021.0	0.00279811
3022.0	0.00301608
3023.0	0.00323434
3024.0	0.00345233
3025.0	0.00367031
3026.0	0.00388863
3027.0	0.00410662
3028.0	0.00432498
3029.0	0.00454298
3030.0	0.00476097
3030.88208	0.00495362
3031.0	0.00499618
3032.0	0.00535665
3033.0	0.00571763
3034.0	0.00607811
3035.0	0.00643858
3036.0	0.00679964
3037.0	0.00716011
3038.0	0.00752124
3039.0	0.00788172
3040.0	0.00824219
3040.884766	0.00856177
3041.0	0.00863151
3042.0	0.00923594
3043.0	0.00984122
3044.0	0.0104457
3045.0	0.0110501
3046.0	0.0116555
3047.0	0.0122599
3048.0	0.0128654
3049.0	0.0134699
3050.0	0.0140743
3050.887207	0.0146116
3051.0	0.0147207
3052.0	0.0156863
3053.0	0.0166533
3054.0	0.0176189
3055.0	0.0185845
3056.0	0.0195517
3057.0	0.0205173
3058.0	0.0214847
3059.0	0.0224503
3060.0	0.0234158
3060.889648	0.0242767
3061.0	0.0244489
3062.0	0.0260078
3063.0	0.0275691
3064.0	0.029128
3065.0	0.0306868
3066.0	0.0322485
3067.0	0.0338073
3068.0	0.0353692
3069.0	0.0369281
3070.0	0.0384869
3070.89209	0.0398806
3071.0	0.0401226
3072.0	0.042362
3073.0	0.0446014
3074.0	0.0468448
3075.0	0.0490842
3076.0	0.051328
3077.0	0.0535673
3078.0	0.0558066
3079.0	0.058051
3080.0	0.0602902
3080.894775	0.0622987
3081.0	0.0626179
3082.0	0.065646
3083.0	0.0686739
3084.0	0.071708
3085.0	0.0747359
3086.0	0.0777706
3087.0	0.0807985
3088.0	0.0838263
3089.0	0.0868616
3090.0	0.0898894
3090.897217	0.0926058
3091.0	0.0929206
3092.0	0.0959918
3093.0	0.0990547
3094.0	0.102126
3095.0	0.105189
3096.0	0.108252
3097.0	0.111324
3098.0	0.114387
3099.0	0.11746
3100.0	0.120523
3100.899658	0.123278
3101.0	0.123538
3102.0	0.126143
3103.0	0.128737
3104.0	0.131342
3105.0	0.133935
3106.0	0.136529
3107.0	0.139135
3108.0	0.141728
3109.0	0.144322
3110.0	0.146928
3110.9021	0.149267
3111.0	0.149443
3112.0	0.151254
3113.0	0.153052
3114.0	0.154849
3115.0	0.156661
3116.0	0.158458
3117.0	0.16027
3118.0	0.162067
3119.0	0.163865
3120.0	0.165677
3120.904785	0.167303
3121.0	0.167357
3122.0	0.167923
3123.0	0.168505
3124.0	0.169071
3125.0	0.169653
3126.0	0.170219
3127.0	0.170786
3128.0	0.171367
3129.0	0.171934
3130.0	0.1725
3130.907227	0.173028
3131.0	0.173089
3132.0	0.173725
3133.0	0.174377
3134.0	0.175014
3135.0	0.17565
3136.0	0.176302
3137.0	0.176939
3138.0	0.177591
3139.0	0.178228
3140.0	0.178864
3140.909912	0.179458
3141.0	0.17947
3142.0	0.179598
3143.0	0.179726
3144.0	0.179869
3145.0	0.179997
3146.0	0.18014
3147.0	0.180268
3148.0	0.180395
3149.0	0.180539
3150.0	0.180666
3150.912354	0.180783
3151.0	0.180793
3152.0	0.180928
3153.0	0.181047
3154.0	0.181183
3155.0	0.181302
3156.0	0.181421
3157.0	0.181556
3158.0	0.181675
3159.0	0.181794
3160.0	0.181929
3160.914795	0.182038
3161.0	0.182076
3162.0	0.182539
3163.0	0.182987
3164.0	0.183434
3165.0	0.183897
3166.0	0.184344
3167.0	0.184791
3168.0	0.185254
3169.0	0.185702
3170.0	0.186165
3170.917236	0.186575
3171.0	0.186602
3172.0	0.186924
3173.0	0.187263
3174.0	0.187585
3175.0	0.187907
3176.0	0.188246
3177.0	0.188568
3178.0	0.188907
3179.0	0.189229
3180.0	0.189552
3180.919922	0.189863
3181.0	0.189882
3182.0	0.190091
3183.0	0.190301
3184.0	0.190527
3185.0	0.190736
3186.0	0.190963
3187.0	0.191172
3188.0	0.191382
3189.0	0.191608
3190.0	0.191817
3190.922363	0.192011
3191.0	0.19204
3192.0	0.192437
3193.0	0.192817
3194.0	0.193213
3195.0	0.193593
3196.0	0.193973
3197.0	0.19437
3198.0	0.19475
3199.0	0.195129
3200.0	0.195526
3200.924805	0.195857
3201.0	0.195843
3202.0	0.195677
3203.0	0.195493
3204.0	0.19531
3205.0	0.195144
3206.0	0.19496
3207.0	0.194777
3208.0	0.19461
3209.0	0.194427
3210.0	0.194244
3210.92749	0.19409
3211.0	0.194107
3212.0	0.194334
3213.0	0.194577
3214.0	0.194803
3215.0	0.19503
3216.0	0.195273
3217.0	0.195499
3218.0	0.195725
3219.0	0.195968
3220.0	0.196194
3220.929932	0.19642
3221.0	0.196413
3222.0	0.196293
3223.0	0.196174
3224.0	0.196072
3225.0	0.195953
3226.0	0.195833
3227.0	0.195731
3228.0	0.195612
3229.0	0.195493
3230.0	0.195391
3230.932617	0.195279
3231.0	0.195279
3232.0	0.195288
3233.0	0.19528
3234.0	0.195273
3235.0	0.195282
3236.0	0.195274
3237.0	0.195266
3238.0	0.195276
3239.0	0.195268
3240.0	0.19526
3240.935059	0.195269
3241.0	0.195275
3242.0	0.19535
3243.0	0.195442
3244.0	0.195518
3245.0	0.195593
3246.0	0.195685
3247.0	0.19576
3248.0	0.195836
3249.0	0.195928
3250.0	0.196003
3250.9375	0.196073
3251.0	0.196077
3252.0	0.196155
3253.0	0.196215
3254.0	0.196292
3255.0	0.196352
3256.0	0.196412
3257.0	0.19649
3258.0	0.19655
3259.0	0.19661
3260.0	0.196687
3260.940186	0.196744
3261.0	0.196746
3262.0	0.196786
3263.0	0.196844
3264.0	0.196884
3265.0	0.196925
3266.0	0.196982
3267.0	0.197022
3268.0	0.19708
3269.0	0.19712
3270.0	0.19716
3270.942627	0.197214
3271.0	0.197214
3272.0	0.197194
3273.0	0.197174
3274.0	0.197171
3275.0	0.19715
3276.0	0.19713
3277.0	0.197127
3278.0	0.197107
3279.0	0.197086
3280.0	0.197083
3280.945312	0.197064
3281.0	0.197062
3282.0	0.197038
3283.0	0.196997
3284.0	0.196955
3285.0	0.196931
3286.0	0.19689
3287.0	0.196849
3288.0	0.196825
3289.0	0.196783
3290.0	0.196742
3290.947754	0.196719
3291.0	0.196718
3292.0	0.19667
3293.0	0.196622
3294.0	0.196592
3295.0	0.196544
3296.0	0.196513
3297.0	0.196466
3298.0	0.196418
3299.0	0.196387
3300.0	0.196339
3300.950195	0.196294
3301.0	0.19629
3302.0	0.196219
3303.0	0.196131
3304.0	0.196044
3305.0	0.195973
3306.0	0.195885
3307.0	0.195798
3308.0	0.195727
3309.0	0.195639
3310.0	0.195552
3310.952881	0.195485
3311.0	0.195487
3312.0	0.195514
3313.0	0.195558
3314.0	0.195585
3315.0	0.195611
3316.0	0.195655
3317.0	0.195682
3318.0	0.195709
3319.0	0.195753
3320.0	0.19578
3320.955322	0.195805
3321.0	0.195811
3322.0	0.195948
3323.0	0.196069
3324.0	0.196189
3325.0	0.196327
3326.0	0.196447
3327.0	0.196568
3328.0	0.196705
3329.0	0.196825
3330.0	0.196946
3330.958008	0.197077
3331.0	0.197082
3332.0	0.197188
3333.0	0.197294
3334.0	0.197417
3335.0	0.197522
3336.0	0.197645
3337.0	0.197751
3338.0	0.197856
3339.0	0.197979
3340.0	0.198084
3340.960449	0.198185
3341.0	0.198188
3342.0	0.198272
3343.0	0.198338
3344.0	0.198404
3345.0	0.198487
3346.0	0.198554
3347.0	0.19862
3348.0	0.198703
3349.0	0.198769
3350.0	0.198835
3350.962891	0.198915
3351.0	0.198914
3352.0	0.198861
3353.0	0.198808
3354.0	0.198772
3355.0	0.198719
3356.0	0.198666
3357.0	0.198631
3358.0	0.198578
3359.0	0.198525
3360.0	0.198489
3360.965576	0.198438
3361.0	0.198433
3362.0	0.198297
3363.0	0.198178
3364.0	0.198042
3365.0	0.197923
3366.0	0.197787
3367.0	0.197651
3368.0	0.197532
3369.0	0.197396
3370.0	0.19726
3370.968018	0.197145
3371.0	0.19714
3372.0	0.196951
3373.0	0.196762
3374.0	0.196591
3375.0	0.196402
3376.0	0.196213
3377.0	0.196042
3378.0	0.195853
3379.0	0.195664
3380.0	0.195493
3380.970703	0.19531
3381.0	0.195302
3382.0	0.195042
3383.0	0.1948
3384.0	0.19454
3385.0	0.19428
3386.0	0.194037
3387.0	0.193777
3388.0	0.193518
3389.0	0.193275
3390.0	0.193015
3390.973145	0.192763
3391.0	0.19276
3392.0	0.192659
3393.0	0.192541
3394.0	0.192423
3395.0	0.192322
3396.0	0.192204
3397.0	0.192086
3398.0	0.191986
3399.0	0.191868
3400.0	0.19175
3400.97583	0.191555
3401.0	0.191554
3402.0	0.191485
3403.0	0.191415
3404.0	0.191363
3405.0	0.191293
3406.0	0.191223
3407.0	0.19117
3408.0	0.1911
3409.0	0.191031
3410.0	0.190977
3410.978271	0.190909
3411.0	0.190908
3412.0	0.190863
3413.0	0.190835
3414.0	0.19079
3415.0	0.190745
3416.0	0.190716
3417.0	0.190671
3418.0	0.190626
3419.0	0.190597
3420.0	0.190551
3420.980957	0.190507
3421.0	0.190505
3422.0	0.19046
3423.0	0.190398
3424.0	0.190335
3425.0	0.190289
3426.0	0.190227
3427.0	0.190164
3428.0	0.190118
3429.0	0.190055
3430.0	0.189992
3430.983398	0.189946
3431.0	0.189946
3432.0	0.189912
3433.0	0.189879
3434.0	0.189862
3435.0	0.189829
3436.0	0.189795
3437.0	0.189778
3438.0	0.189744
3439.0	0.189709
3440.0	0.189692
3440.986084	0.189658
3441.0	0.189656
3442.0	0.189509
3443.0	0.189379
3444.0	0.189232
3445.0	0.189085
3446.0	0.188955
3447.0	0.188808
3448.0	0.188661
3449.0	0.188531
3450.0	0.188384
3450.988525	0.18824
3451.0	0.188237
3452.0	0.188038
3453.0	0.187822
3454.0	0.187607
3455.0	0.187408
3456.0	0.187193
3457.0	0.186978
3458.0	0.186779
3459.0	0.186564
3460.0	0.18635
3460.991211	0.186153
3461.0	0.186151
3462.0	0.185883
3463.0	0.185615
3464.0	0.185364
3465.0	0.185097
3466.0	0.18483
3467.0	0.184579
3468.0	0.184312
3469.0	0.184046
3470.0	0.183795
3470.993652	0.183531
3471.0	0.183529
3472.0	0.183288
3473.0	0.183046
3474.0	0.182821
3475.0	0.18258
3476.0	0.182339
3477.0	0.182114
3478.0	0.181874
3479.0	0.181633
3480.0	0.181409
3480.996338	0.18117
3481.0	0.181169
3482.0	0.180905
3483.0	0.180656
3484.0	0.180393
3485.0	0.180129
3486.0	0.179881
3487.0	0.179618
3488.0	0.179355
3489.0	0.179108
3490.0	0.178845
3490.998779	0.178583
3491.0	0.178583
3492.0	0.17832
3493.0	0.178041
3494.0	0.177763
3495.0	0.1775
3496.0	0.177222
3497.0	0.176944
3498.0	0.176682
3499.0	0.176404
3500.0	0.176127
3501.0	0.17585
3501.001465	0.17585
3502.0	0.175556
3503.0	0.175247
3504.0	0.174938
3505.0	0.174645
3506.0	0.174336
3507.0	0.174028
3508.0	0.173735
3509.0	0.173427
3510.0	0.17312
3511.0	0.172828
3511.003906	0.172827
3512.0	0.172529
3513.0	0.17223
3514.0	0.171947
3515.0	0.171649
3516.0	0.171351
3517.0	0.171069
3518.0	0.170771
3519.0	0.170474
3520.0	0.170192
3521.0	0.169895
3521.006592	0.169894
3522.0	0.169585
3523.0	0.169274
3524.0	0.168978
3525.0	0.168668
3526.0	0.168358
3527.0	0.168062
3528.0	0.167753
3529.0	0.167444
3530.0	0.167149
3531.0	0.16684
3531.009033	0.166838
3532.0	0.166526
3533.0	0.166226
3534.0	0.165912
3535.0	0.165598
3536.0	0.165299
3537.0	0.164986
3538.0	0.164673
3539.0	0.16436
3540.0	0.164062
3541.0	0.16375
3541.011719	0.163746
3542.0	0.163443
3543.0	0.163151
3544.0	0.162844
3545.0	0.162538
3546.0	0.162247
3547.0	0.161941
3548.0	0.161636
3549.0	0.161345
3550.0	0.16104
3551.0	0.160736
3551.014404	0.160731
3552.0	0.160395
3553.0	0.16004
3554.0	0.159685
3555.0	0.159331
3556.0	0.15899
3557.0	0.158637
3558.0	0.158283
3559.0	0.157944
3560.0	0.157591
3561.0	0.157239
3561.016846	0.157233
3562.0	0.156824
3563.0	0.156395
3564.0	0.155967
3565.0	0.155552
3566.0	0.155124
3567.0	0.154697
3568.0	0.15427
3569.0	0.153858
3570.0	0.153432
3571.0	0.153006
3571.019287	0.152998
3572.0	0.152457
3573.0	0.151892
3574.0	0.151328
3575.0	0.150778
3576.0	0.150215
3577.0	0.149653
3578.0	0.149104
3579.0	0.148544
3580.0	0.147983
3581.0	0.147424
3581.021973	0.147412
3582.0	0.146786
3583.0	0.146135
3584.0	0.145484
3585.0	0.144847
3586.0	0.144197
3587.0	0.143549
3588.0	0.142913
3589.0	0.142267
3590.0	0.14162
3591.0	0.140987
3591.024658	0.140971
3592.0	0.140309
3593.0	0.13963
3594.0	0.138953
3595.0	0.138288
3596.0	0.137612
3597.0	0.136937
3598.0	0.136274
3599.0	0.135601
3600.0	0.134928
3601.0	0.134399
3601.0271	0.134385
3602.0	0.134006
3603.0	0.133616
3604.0	0.133226
3605.0	0.132848
3606.0	0.132458
3607.0	0.132067
3608.0	0.131688
3609.0	0.131297
3610.0	0.130907
3611.0	0.130527
3611.029785	0.130515
3612.0	0.130242
3613.0	0.129961
3614.0	0.12968
3615.0	0.129409
3616.0	0.129128
3617.0	0.128846
3618.0	0.128575
3619.0	0.128293
3620.0	0.128011
3621.0	0.127739
3621.032227	0.12773
3622.0	0.12719
3623.0	0.126631
3624.0	0.126073
3625.0	0.125525
3626.0	0.124965
3627.0	0.124406
3628.0	0.123856
3629.0	0.123296
3630.0	0.122736
3631.0	0.122184
3631.034912	0.122164
3632.0	0.120633
3633.0	0.119045
3634.0	0.117456
3635.0	0.115877
3636.0	0.114287
3637.0	0.112697
3638.0	0.111115
3639.0	0.109523
3640.0	0.10793
3641.0	0.106346
3641.037598	0.106287
3642.0	0.103548
3643.0	0.100701
3644.0	0.0978533
3645.0	0.0950125
3646.0	0.092162
3647.0	0.0893103
3648.0	0.086465
3649.0	0.0836108
3650.0	0.0807553
3651.0	0.0778988
3651.040039	0.0777846
3652.0	0.0747983
3653.0	0.0716794
3654.0	0.0685592
3655.0	0.0654435
3656.0	0.0623205
3657.0	0.0591962
3658.0	0.0560755
3659.0	0.0529484
3660.0	0.04982
3661.0	0.0466904
3661.04248	0.0465576
3662.0	0.0443729
3663.0	0.0420863
3664.0	0.0397988
3665.0	0.0375136
3666.0	0.035224
3667.0	0.0329335
3668.0	0.030642
3669.0	0.0283521
3670.0	0.0260585
3671.0	0.023764
3671.045166	0.0236605
3672.0	0.0224716
3673.0	0.0212239
3674.0	0.0199757
3675.0	0.0187271
3676.0	0.0174794
3677.0	0.0162295
3678.0	0.0149792
3679.0	0.0137296
3680.0	0.0124781
3681.0	0.0112261
3681.047852	0.0111662
3682.0	0.0106181
3683.0	0.010043
3684.0	0.00946685
3685.0	0.00889043
3686.0	0.0083145
3687.0	0.00773755
3688.0	0.00716037
3689.0	0.00658353
3690.0	0.00600583
3691.0	0.00542789
3691.050293	0.00539882
3692.0	0.00514389
3693.0	0.00487577
3694.0	0.0046071
3695.0	0.00433832
3696.0	0.00406978
3697.0	0.00380075
3698.0	0.00353162
3699.0	0.00326238
3700.0	0.00299328
3701.0	0.0027238
3701.052979	0.00270952
3702.0	0.00258951
3703.0	0.00246295
3704.0	0.00233611
3705.0	0.00220922
3706.0	0.00208228
3707.0	0.00195546
3708.0	0.00182841
3709.0	0.0017013
3710.0	0.00157428
3711.0	0.00144706
3711.055664	0.00143997
3712.0	0.00138008
3713.0	0.00131664
3714.0	0.00125327
3715.0	0.00118977
3716.0	0.00112624
3717.0	0.00106268
3718.0	0.00099919
3719.0	0.000935578
3720.0	0.000871939
3721.0	0.000808345
3721.058105	0.000804645
3722.0	0.00077319
3723.0	0.000739782
3724.0	0.00070636
3725.0	0.000672983
3726.0	0.000639531
3727.0	0.000606066
3728.0	0.000572636
3729.0	0.000539141
3730.0	0.000505632
3731.0	0.000472109
3731.060791	0.000470073
3732.0	0.000452379
3733.0	0.000433492
3734.0	0.000414597
3735.0	0.000395728
3736.0	0.000376816
3737.0	0.000357897
3738.0	0.000338969
3739.0	0.000320062
3740.0	0.000301117
3741.0	0.000282165
3741.063232	0.000280968
3742.0	0.00027095
3743.0	0.000260227
3744.0	0.0002495
3745.0	0.000238769
3746.0	0.000228052
3747.0	0.000217311
3748.0	0.000206566
3749.0	0.000195816
3750.0	0.000185078
3751.0	0.000174319
3751.065918	0.000173609
3752.0	0.000167581
3753.0	0.000161138
3754.0	0.000154679
3755.0	0.000148216
3756.0	0.000141751
3757.0	0.000135296
3758.0	0.000128825
3759.0	0.000122352
3760.0	0.000115876
3761.0	0.000109407
3761.068604	0.000108962
3762.0	0.000105384
3763.0	0.00010154
3764.0	9.77039e-05
3765.0	9.3857e-05
3766.0	9.00085e-05
3767.0	8.61585e-05
3768.0	8.2314e-05
3769.0	7.84606e-05
3770.0	7.46055e-05
3771.0	7.07551e-05
3771.071045	7.0481e-05
3772.0	6.78128e-05
3773.0	6.49395e-05
3774.0	6.20649e-05
3775.0	5.91944e-05
3776.0	5.63173e-05
3777.0	5.34391e-05
3778.0	5.05597e-05
3779.0	4.76832e-05
3780.0	4.48013e-05
3781.0	4.19182e-05
3781.07373	4.17058e-05
3782.0	4.03324e-05
