8095.0	2.20588e-05
8096.0	2.25968e-05
8097.0	2.31322e-05
8098.0	2.36691e-05
8099.0	2.42033e-05
8100.0	2.47391e-05
8101.0	2.52744e-05
8102.0	2.58069e-05
8102.227539	2.59285e-05
8103.0	2.64501e-05
8104.0	2.71223e-05
8105.0	2.77963e-05
8106.0	2.8467e-05
8107.0	2.91396e-05
8108.0	2.98088e-05
8109.0	3.048e-05
8110.0	3.11478e-05
8111.0	3.18177e-05
8112.0	3.24869e-05
8112.22998	3.264e-05
8113.0	3.3355e-05
8114.0	3.42856e-05
8115.0	3.52122e-05
8116.0	3.61409e-05
8117.0	3.70655e-05
8118.0	3.79923e-05
8119.0	3.89148e-05
8120.0	3.98398e-05
8121.0	4.07602e-05
8122.0	4.16834e-05
8122.23291	4.18974e-05
8123.0	4.30166e-05
8124.0	4.44783e-05
8125.0	4.59385e-05
8126.0	4.73931e-05
8127.0	4.88503e-05
8128.0	5.03017e-05
8129.0	5.1756e-05
8130.0	5.32041e-05
8131.0	5.46555e-05
8132.0	5.61004e-05
8132.235352	5.64414e-05
8133.0	5.77213e-05
8134.0	5.93883e-05
8135.0	6.10589e-05
8136.0	6.27222e-05
8137.0	6.43894e-05
8138.0	6.60549e-05
8139.0	6.77128e-05
8140.0	6.93749e-05
8141.0	7.1029e-05
8142.0	7.26878e-05
8142.238281	7.30812e-05
8143.0	7.46013e-05
8144.0	7.66017e-05
8145.0	7.85931e-05
8146.0	8.05894e-05
8147.0	8.25764e-05
8148.0	8.45687e-05
8149.0	8.65512e-05
8150.0	8.85393e-05
8151.0	9.05255e-05
8152.0	9.25015e-05
8152.240723	9.29788e-05
8153.0	9.50573e-05
8154.0	9.77836e-05
8155.0	0.000100516
8156.0	0.000103236
8157.0	0.000105963
8158.0	0.000108677
8159.0	0.000111398
8160.0	0.000114106
8161.0	0.000116821
8162.0	0.000119523
8162.243652	0.000120184
8163.0	0.000122595
8164.0	0.000125769
8165.0	0.000128951
8166.0	0.000132129
8167.0	0.000135293
8168.0	0.000138465
8169.0	0.000141621
8170.0	0.000144786
8171.0	0.000147935
8172.0	0.000151094
8172.246094	0.000151868
8173.0	0.000155415
8174.0	0.000160129
8175.0	0.000164824
8176.0	0.000169528
8177.0	0.000174213
8178.0	0.000178907
8179.0	0.000183581
8180.0	0.000188266
8181.0	0.000192946
8182.0	0.000197604
8182.249023	0.000198768
8183.0	0.000202783
8184.0	0.000208106
8185.0	0.000213442
8186.0	0.000218753
8187.0	0.000224077
8188.0	0.000229376
8189.0	0.00023469
8190.0	0.000239977
8191.0	0.000245279
8192.0	0.000250554
8192.251953	0.000251888
8193.0	0.000257154
8194.0	0.000264164
8195.0	0.000271191
8196.0	0.000278185
8197.0	0.000285197
8198.0	0.000292202
8199.0	0.000299173
8200.0	0.000306163
8201.0	0.000313122
8202.0	0.000320102
8202.253906	0.000321866
8203.0	0.000328705
8204.0	0.000337892
8205.0	0.00034704
8206.0	0.000356209
8207.0	0.000365336
8208.0	0.000374486
8209.0	0.000383593
8210.0	0.000392724
8211.0	0.000401811
8212.0	0.000410924
8212.256836	0.000413253
8213.0	0.000422215
8214.0	0.000434302
8215.0	0.000446336
8216.0	0.000458398
8217.0	0.000470448
8218.0	0.000482442
8219.0	0.000494468
8220.0	0.000506435
8221.0	0.000518436
8222.0	0.000530377
8222.259766	0.000533489
8223.0	0.00054468
8224.0	0.000559736
8225.0	0.000574826
8226.0	0.000589848
8227.0	0.000604907
8228.0	0.000619895
8229.0	0.000634923
8230.0	0.000649877
8231.0	0.000664913
8232.0	0.000679875
8232.262695	0.000683818
8233.0	0.000697228
8234.0	0.000715336
8235.0	0.000733491
8236.0	0.000751563
8237.0	0.000769685
8238.0	0.000787792
8239.0	0.00080581
8240.0	0.000823883
8241.0	0.000841865
8242.0	0.000859905
8242.264648	0.000864656
8243.0	0.000881307
8244.0	0.000904013
8245.0	0.000926615
8246.0	0.000949278
8247.0	0.000971834
8248.0	0.000994456
8249.0	0.00101697
8250.0	0.00103955
8251.0	0.00106201
8252.0	0.00108455
8252.267578	0.00109055
8253.0	0.00111189
8254.0	0.0011411
8255.0	0.00117018
8256.0	0.00119934
8257.0	0.00122836
8258.0	0.00125747
8259.0	0.00128643
8260.0	0.00131548
8261.0	0.00134438
8262.0	0.00137338
8262.270508	0.00138122
8263.0	0.0014076
8264.0	0.0014436
8265.0	0.0014797
8266.0	0.00151562
8267.0	0.00155165
8268.0	0.00158751
8269.0	0.00162347
8270.0	0.00165925
8271.0	0.00169515
8272.0	0.00173085
8272.273438	0.00174065
8273.0	0.00177292
8274.0	0.00181712
8275.0	0.00186145
8276.0	0.00190556
8277.0	0.00194981
8278.0	0.00199383
8279.0	0.00203799
8280.0	0.00208193
8281.0	0.002126
8282.0	0.00216985
8282.276367	0.00218201
8283.0	0.00222004
8284.0	0.00227234
8285.0	0.0023248
8286.0	0.00237699
8287.0	0.00242935
8288.0	0.00248144
8289.0	0.0025337
8290.0	0.00258568
8291.0	0.00263784
8292.0	0.00268971
8292.27832	0.00270421
8293.0	0.00275144
8294.0	0.00281658
8295.0	0.00288191
8296.0	0.00294691
8297.0	0.00301212
8298.0	0.00307698
8299.0	0.00314207
8300.0	0.00320709
8301.0	0.00327176
8302.0	0.00333666
8302.28125	0.00335482
8303.0	0.00341118
8304.0	0.00348983
8305.0	0.00356809
8306.0	0.00364659
8307.0	0.00372469
8308.0	0.00380304
8309.0	0.00388097
8310.0	0.00395918
8311.0	0.00403695
8312.0	0.004115
8312.28418	0.00413707
8313.0	0.00420378
8314.0	0.00429729
8315.0	0.00439031
8316.0	0.00448363
8317.0	0.00457646
8318.0	0.0046696
8319.0	0.00476224
8320.0	0.0048552
8321.0	0.00494764
8322.0	0.00504042
8322.287109	0.00506692
8323.0	0.0051455
8324.0	0.0052561
8325.0	0.00536611
8326.0	0.0054765
8327.0	0.00558628
8328.0	0.00569645
8329.0	0.005806
8330.0	0.00591596
8331.0	0.00602528
8332.0	0.00613503
8332.289062	0.00616657
8333.0	0.006259
8334.0	0.00638946
8335.0	0.0065192
8336.0	0.00664941
8337.0	0.00677888
8338.0	0.00690884
8339.0	0.00703803
8340.0	0.00716774
8341.0	0.00729666
8342.0	0.00742611
8342.291992	0.00746368
8343.0	0.00756889
8344.0	0.00771804
8345.0	0.00786634
8346.0	0.0080152
8347.0	0.00816318
8348.0	0.00831175
8349.0	0.00845942
8350.0	0.0086077
8351.0	0.00875505
8352.0	0.00890304
8352.294922	0.00894642
8353.0	0.00906761
8354.0	0.00924017
8355.0	0.00941171
8356.0	0.00958392
8357.0	0.0097551
8358.0	0.00992698
8359.0	0.0100978
8360.0	0.0102693
8361.0	0.0104398
8362.0	0.010611
8362.297852	0.0106616
8363.0	0.0107964
8364.0	0.0109891
8365.0	0.0111806
8366.0	0.011373
8367.0	0.0115641
8368.0	0.0117561
8369.0	0.0119468
8370.0	0.0121384
8371.0	0.0123286
8372.0	0.0125198
8372.299805	0.0125768
8373.0	0.0127241
8374.0	0.0129356
8375.0	0.0131456
8376.0	0.0133566
8377.0	0.0135661
8378.0	0.0137767
8379.0	0.0139858
8380.0	0.014196
8381.0	0.0144046
8382.0	0.0146144
8382.302734	0.0146774
8383.0	0.0148385
8384.0	0.0150707
8385.0	0.0153012
8386.0	0.015533
8387.0	0.015763
8388.0	0.0159943
8389.0	0.0162238
8390.0	0.0164546
8391.0	0.0166836
8392.0	0.016914
8392.305664	0.0169838
8393.0	0.0171636
8394.0	0.0174239
8395.0	0.0176823
8396.0	0.017942
8397.0	0.0181998
8398.0	0.018459
8399.0	0.0187163
8400.0	0.018975
8401.0	0.019233
8402.0	0.0194926
8402.308594	0.0195721
8403.0	0.0197662
8404.0	0.0200486
8405.0	0.0203288
8406.0	0.0206107
8407.0	0.0208904
8408.0	0.0211718
8409.0	0.021451
8410.0	0.0217318
8411.0	0.0220105
8412.0	0.0222909
8412.310547	0.0223773
8413.0	0.022586
8414.0	0.0228905
8415.0	0.0231926
8416.0	0.0234966
8417.0	0.0237982
8418.0	0.0241017
8419.0	0.0244027
8420.0	0.0247056
8421.0	0.025006
8422.0	0.0253084
8422.313477	0.0254024
8423.0	0.0256229
8424.0	0.0259462
8425.0	0.0262668
8426.0	0.0265895
8427.0	0.0269095
8428.0	0.0272317
8429.0	0.027551
8430.0	0.0278726
8431.0	0.028194
8432.0	0.028515
8432.316406	0.0286174
8433.0	0.0288671
8434.0	0.0292295
8435.0	0.0295944
8436.0	0.0299562
8437.0	0.0303206
8438.0	0.0306819
8439.0	0.0310457
8440.0	0.0314064
8441.0	0.0317697
8442.0	0.0321298
8442.319336	0.0322457
8443.0	0.0324882
8444.0	0.0328414
8445.0	0.0331972
8446.0	0.0335497
8447.0	0.0339051
8448.0	0.034257
8449.0	0.0346119
8450.0	0.0349633
8451.0	0.0353176
8452.0	0.0356684
8452.322266	0.0357825
8453.0	0.0360295
8454.0	0.0363904
8455.0	0.0367543
8456.0	0.0371147
8457.0	0.0374781
8458.0	0.0378378
8459.0	0.0382007
8460.0	0.0385599
8461.0	0.0389223
8462.0	0.0392808
8462.324219	0.0393982
8463.0	0.0396479
8464.0	0.0400136
8465.0	0.0403827
8466.0	0.0407477
8467.0	0.0411125
8468.0	0.0414807
8469.0	0.0418449
8470.0	0.0422126
8471.0	0.0425762
8472.0	0.0429434
8472.327148	0.0430621
8473.0	0.0433127
8474.0	0.0436888
8475.0	0.0440606
8476.0	0.0444361
8477.0	0.0448073
8478.0	0.0451823
8479.0	0.0455529
8480.0	0.0459273
8481.0	0.0462973
8482.0	0.0466713
8482.330078	0.0467932
8483.0	0.0470449
8484.0	0.0474247
8485.0	0.0477998
8486.0	0.048179
8487.0	0.0485535
8488.0	0.0489321
8489.0	0.049306
8490.0	0.0496841
8491.0	0.0500574
8492.0	0.0504304
8492.333008	0.0505561
8493.0	0.0508047
8494.0	0.0511725
8495.0	0.0515447
8496.0	0.0519119
8497.0	0.0522835
8498.0	0.05265
8499.0	0.0530211
8500.0	0.053387
8501.0	0.053751
8502.0	0.0541096
8502.334961	0.0542313
8503.0	0.0544739
8504.0	0.0548334
8505.0	0.0551975
8506.0	0.0555562
8507.0	0.0559196
8508.0	0.0562775
8509.0	0.0566401
8510.0	0.0569971
8511.0	0.0573591
8512.0	0.0577155
8512.337891	0.0578376
8513.0	0.058068
8514.0	0.0584104
8515.0	0.0587525
8516.0	0.0590995
8517.0	0.0594407
8518.0	0.0597869
8519.0	0.0601274
8520.0	0.0604729
8521.0	0.0608126
8522.0	0.0611574
8522.34082	0.061273
8523.0	0.0614971
8524.0	0.0618423
8525.0	0.0621816
8526.0	0.0625261
8527.0	0.0628645
8528.0	0.0632083
8529.0	0.0635459
8530.0	0.0638889
8531.0	0.0642258
8532.0	0.0645622
8532.34375	0.0646798
8533.0	0.064895
8534.0	0.0652166
8535.0	0.0655438
8536.0	0.0658647
8537.0	0.0661912
8538.0	0.0665113
8539.0	0.0668371
8540.0	0.0671564
8541.0	0.0674815
8542.0	0.0678
8542.34668	0.0679125
8543.0	0.0681249
8544.0	0.0684433
8545.0	0.0687677
8546.0	0.0690854
8547.0	0.0694091
8548.0	0.069726
8549.0	0.0700425
8550.0	0.070365
8551.0	0.0706808
8552.0	0.0710026
8552.348633	0.0711124
8553.0	0.0713021
8554.0	0.0715995
8555.0	0.07189
8556.0	0.0721867
8557.0	0.0724765
8558.0	0.0727725
8559.0	0.0730615
8560.0	0.0733569
8561.0	0.0736452
8562.0	0.0739398
8562.351562	0.0740409
8563.0	0.0742262
8564.0	0.0745184
8565.0	0.0748035
8566.0	0.0750882
8567.0	0.0753794
8568.0	0.0756633
8569.0	0.0759538
8570.0	0.076237
8571.0	0.0765269
8572.0	0.0768093
8572.354492	0.0769119
8573.0	0.0770858
8574.0	0.0773479
8575.0	0.0776167
8576.0	0.0778781
8577.0	0.0781463
8578.0	0.078407
8579.0	0.0786673
8580.0	0.0789345
8581.0	0.0791941
8582.0	0.0794607
8582.357422	0.0795533
8583.0	0.0797076
8584.0	0.0799547
8585.0	0.0801943
8586.0	0.0804408
8587.0	0.0806797
8588.0	0.0809256
8589.0	0.0811638
8590.0	0.0814091
8591.0	0.0816467
8592.0	0.0818839
8592.359375	0.0819717
8593.0	0.0821278
8594.0	0.0823636
8595.0	0.0826066
8596.0	0.0828417
8597.0	0.0830841
8598.0	0.0833185
8599.0	0.0835603
8600.0	0.0837941
8601.0	0.0840353
8602.0	0.0842684
8602.362305	0.0843556
8603.0	0.0844945
8604.0	0.0847043
8605.0	0.0849138
8606.0	0.0851308
8607.0	0.0853397
8608.0	0.0855561
8609.0	0.0857643
8610.0	0.0859802
8611.0	0.0861878
8612.0	0.0864031
8612.365234	0.0864787
8613.0	0.0866089
8614.0	0.0868216
8615.0	0.0870261
8616.0	0.0872382
8617.0	0.0874421
8618.0	0.0876456
8619.0	0.0878569
8620.0	0.0880598
8621.0	0.0882706
8622.0	0.0884729
8622.368164	0.0885503
8623.0	0.0886778
8624.0	0.0888712
8625.0	0.0890725
8626.0	0.0892653
8627.0	0.089466
8628.0	0.0896582
8629.0	0.0898501
8630.0	0.09005
8631.0	0.0902595
8632.0	0.0904771
8632.370117	0.0905545
8633.0	0.0906667
8634.0	0.090853
8635.0	0.0910307
8636.0	0.0912166
8637.0	0.0913939
8638.0	0.0915794
8639.0	0.0917563
8640.0	0.0919331
8641.0	0.092118
8642.0	0.0922944
8642.373047	0.0923632
8643.0	0.0924902
8644.0	0.092684
8645.0	0.0928861
8646.0	0.0930795
8647.0	0.0932812
8648.0	0.0934742
8649.0	0.0936755
8650.0	0.093868
8651.0	0.0940603
8652.0	0.094261
8652.375977	0.0943331
8653.0	0.0944294
8654.0	0.0945923
8655.0	0.0947463
8656.0	0.0949088
8657.0	0.0950624
8658.0	0.0952246
8659.0	0.0953778
8660.0	0.0955397
8661.0	0.0956925
8662.0	0.0958452
8662.378906	0.0959063
8663.0	0.0960101
8664.0	0.0961681
8665.0	0.0963348
8666.0	0.0964925
8667.0	0.0966588
8668.0	0.0968161
8669.0	0.0969821
8670.0	0.097139
8671.0	0.0972956
8672.0	0.0974611
8672.381836	0.0975207
8673.0	0.097607
8674.0	0.0977553
8675.0	0.0978945
8676.0	0.0980425
8677.0	0.0981813
8678.0	0.0983289
8679.0	0.0984674
8680.0	0.0986056
8681.0	0.0987527
8682.0	0.0988906
8682.383789	0.0989469
8683.0	0.0990209
8684.0	0.0991318
8685.0	0.0992516
8686.0	0.0993622
8687.0	0.0994817
8688.0	0.0995919
8689.0	0.0997019
8690.0	0.0998209
8691.0	0.0999306
8692.0	0.100049
8692.386719	0.100092
8693.0	0.100161
8694.0	0.100284
8695.0	0.100398
8696.0	0.10052
8697.0	0.100634
8698.0	0.100747
8699.0	0.100869
8700.0	0.100981
8701.0	0.101103
8702.0	0.101215
8702.389648	0.101263
8703.0	0.101328
8704.0	0.101425
8705.0	0.101531
8706.0	0.101628
8707.0	0.101724
8708.0	0.10183
8709.0	0.101926
8710.0	0.102032
8711.0	0.102127
8712.0	0.102233
8712.392578	0.10227
8713.0	0.102339
8714.0	0.102463
8715.0	0.102576
8716.0	0.10269
8717.0	0.102812
8718.0	0.102925
8719.0	0.103048
8720.0	0.10316
8721.0	0.103282
8722.0	0.103395
8722.394531	0.103443
8723.0	0.103496
8724.0	0.103574
8725.0	0.103652
8726.0	0.103739
8727.0	0.103817
8728.0	0.103904
8729.0	0.103982
8730.0	0.104068
8731.0	0.104146
8732.0	0.104222
8732.397461	0.104257
8733.0	0.104298
8734.0	0.104356
8735.0	0.104423
8736.0	0.104481
8737.0	0.104548
8738.0	0.104605
8739.0	0.104672
8740.0	0.104729
8741.0	0.104786
8742.0	0.104853
8742.400391	0.104875
8743.0	0.104915
8744.0	0.104991
8745.0	0.105057
8746.0	0.105133
8747.0	0.105199
8748.0	0.105264
8749.0	0.10534
8750.0	0.105405
8751.0	0.10548
8752.0	0.105545
8752.40332	0.105575
8753.0	0.105619
8754.0	0.105683
8755.0	0.105756
8756.0	0.10582
8757.0	0.105883
8758.0	0.105956
8759.0	0.106019
8760.0	0.106092
8761.0	0.106154
8762.0	0.106227
8762.405273	0.106252
8763.0	0.106282
8764.0	0.106333
8765.0	0.106393
8766.0	0.106443
8767.0	0.106503
8768.0	0.106553
8769.0	0.106613
8770.0	0.106662
8771.0	0.106712
8772.0	0.106771
8772.408203	0.106791
8773.0	0.106811
8774.0	0.106854
8775.0	0.106887
8776.0	0.10693
8777.0	0.106963
8778.0	0.106995
8779.0	0.107038
8780.0	0.10707
8781.0	0.107112
8782.0	0.107145
8782.411133	0.107162
8783.0	0.107181
8784.0	0.107205
8785.0	0.107228
8786.0	0.107261
8787.0	0.107283
8788.0	0.107316
8789.0	0.107339
8790.0	0.107371
8791.0	0.107393
8792.0	0.107416
8792.414062	0.107429
8793.0	0.107438
8794.0	0.107443
8795.0	0.107458
8796.0	0.107463
8797.0	0.107478
8798.0	0.107483
8799.0	0.107488
8800.0	0.107502
8801.0	0.107493
8802.0	0.107493
8802.416016	0.107489
8803.0	0.107508
8804.0	0.107549
8805.0	0.107581
8806.0	0.107612
8807.0	0.107653
8808.0	0.107684
8809.0	0.107725
8810.0	0.107756
8811.0	0.107797
8812.0	0.107827
8812.418945	0.10784
8813.0	0.10785
8814.0	0.107879
8815.0	0.107897
8816.0	0.107925
8817.0	0.107943
8818.0	0.107971
8819.0	0.107988
8820.0	0.108006
8821.0	0.108033
8822.0	0.108051
8822.421875	0.108062
8823.0	0.108063
8824.0	0.108055
8825.0	0.108047
8826.0	0.108049
8827.0	0.108041
8828.0	0.108043
8829.0	0.108034
8830.0	0.108036
8831.0	0.108045
8832.0	0.108054
8832.424805	0.108062
8833.0	0.108061
8834.0	0.108051
8835.0	0.108051
8836.0	0.10804
8837.0	0.108039
8838.0	0.108029
8839.0	0.108018
8840.0	0.108017
8841.0	0.108006
8842.0	0.108005
8842.427734	0.108
8843.0	0.10799
8844.0	0.107973
8845.0	0.107966
8846.0	0.107949
8847.0	0.107942
8848.0	0.107924
8849.0	0.107917
8850.0	0.107899
8851.0	0.107882
8852.0	0.107874
8852.429688	0.107866
8853.0	0.107881
8854.0	0.107916
8855.0	0.107942
8856.0	0.107977
8857.0	0.108002
8858.0	0.108026
8859.0	0.108061
8860.0	0.108086
8861.0	0.10812
8862.0	0.108144
8862.432617	0.108155
8863.0	0.10815
8864.0	0.108153
8865.0	0.108145
8866.0	0.108146
8867.0	0.108138
8868.0	0.10813
8869.0	0.108131
8870.0	0.108123
8871.0	0.108124
8872.0	0.108116
8872.435547	0.108116
8873.0	0.108115
8874.0	0.108103
8875.0	0.108092
8876.0	0.10809
8877.0	0.108078
8878.0	0.108075
8879.0	0.108063
8880.0	0.108051
8881.0	0.108048
8882.0	0.108036
8882.438477	0.108035
8883.0	0.108037
8884.0	0.10803
8885.0	0.108033
8886.0	0.108026
8887.0	0.108018
8888.0	0.108021
8889.0	0.108014
8890.0	0.108016
8891.0	0.108009
8892.0	0.108001
8892.44043	0.108002
8893.0	0.107991
8894.0	0.107961
8895.0	0.107941
8896.0	0.10791
8897.0	0.10788
8898.0	0.10786
8899.0	0.107829
8900.0	0.107809
8901.0	0.107778
8902.0	0.107758
8902.443359	0.107744
8903.0	0.107743
8904.0	0.107742
8905.0	0.107751
8906.0	0.107749
8907.0	0.107757
8908.0	0.107755
8909.0	0.107754
8910.0	0.107761
8911.0	0.107759
8912.0	0.107767
8912.446289	0.107766
8913.0	0.107774
8914.0	0.107788
8915.0	0.107813
8916.0	0.107827
8917.0	0.107851
8918.0	0.107865
8919.0	0.107878
8920.0	0.107902
8921.0	0.107915
8922.0	0.107939
8922.449219	0.107944
8923.0	0.107897
8924.0	0.107811
8925.0	0.107734
8926.0	0.107648
8927.0	0.107571
8928.0	0.107485
8929.0	0.107408
8930.0	0.107322
8931.0	0.107235
8932.0	0.107159
8932.452148	0.107119
8933.0	0.107097
8934.0	0.107065
8935.0	0.107024
8936.0	0.106982
8937.0	0.10695
8938.0	0.106908
8939.0	0.106876
8940.0	0.106834
8941.0	0.106792
8942.0	0.10676
8942.454102	0.10674
8943.0	0.10671
8944.0	0.106664
8945.0	0.106608
8946.0	0.106552
8947.0	0.106505
8948.0	0.106449
8949.0	0.106402
8950.0	0.106346
8951.0	0.106289
8952.0	0.106243
8952.457031	0.106217
8953.0	0.106223
8954.0	0.106245
8955.0	0.106257
8956.0	0.106269
8957.0	0.10629
8958.0	0.106301
8959.0	0.106322
8960.0	0.106334
8961.0	0.106344
8962.0	0.106365
8962.459961	0.10637
8963.0	0.106333
8964.0	0.106275
8965.0	0.106207
8966.0	0.106139
8967.0	0.106081
8968.0	0.106012
8969.0	0.105954
8970.0	0.105886
8971.0	0.105817
8972.0	0.105759
8972.462891	0.105727
8973.0	0.105724
8974.0	0.105728
8975.0	0.105722
8976.0	0.105715
8977.0	0.105719
8978.0	0.105712
8979.0	0.105715
8980.0	0.105708
8981.0	0.105702
8982.0	0.105704
8982.464844	0.105701
8983.0	0.105667
8984.0	0.105612
8985.0	0.105548
8986.0	0.105483
8987.0	0.105428
8988.0	0.105363
8989.0	0.105299
8990.0	0.105243
8991.0	0.105179
8992.0	0.105123
8992.467773	0.105093
8993.0	0.105071
8994.0	0.105031
8995.0	0.105
8996.0	0.104959
8997.0	0.104928
8998.0	0.104886
8999.0	0.104845
9000.0	0.104814
9001.0	0.104759
9002.0	0.104714
9002.470703	0.104688
9003.0	0.104648
9004.0	0.104572
9005.0	0.104506
9006.0	0.104431
9007.0	0.104365
9008.0	0.104289
9009.0	0.104213
9010.0	0.104147
9011.0	0.104072
9012.0	0.104006
9012.473633	0.10397
9013.0	0.103956
9014.0	0.103929
9015.0	0.103912
9016.0	0.103885
9017.0	0.103858
9018.0	0.103841
9019.0	0.103813
9020.0	0.103796
9021.0	0.103768
9022.0	0.103741
9022.476562	0.103732
9023.0	0.103715
9024.0	0.103673
9025.0	0.10364
9026.0	0.103598
9027.0	0.103555
9028.0	0.103522
9029.0	0.103479
9030.0	0.103446
9031.0	0.10341
9032.0	0.103374
9032.478516	0.103361
9033.0	0.103319
9034.0	0.10323
9035.0	0.103141
9036.0	0.103061
9037.0	0.102972
9038.0	0.102892
9039.0	0.102803
9040.0	0.102713
9041.0	0.102633
9042.0	0.102544
9042.481445	0.102506
9043.0	0.102471
9044.0	0.102394
9045.0	0.102316
9046.0	0.102249
9047.0	0.102172
9048.0	0.102094
9049.0	0.102026
9050.0	0.101949
9051.0	0.101881
9052.0	0.101804
9052.484375	0.101766
9053.0	0.101736
9054.0	0.101686
9055.0	0.101627
9056.0	0.101577
9057.0	0.101518
9058.0	0.101459
9059.0	0.101409
9060.0	0.101349
9061.0	0.101289
9062.0	0.101239
9062.487305	0.10121
9063.0	0.101179
9064.0	0.101128
9065.0	0.101068
9066.0	0.101007
9067.0	0.100956
9068.0	0.100895
9069.0	0.100844
9070.0	0.100783
9071.0	0.100722
9072.0	0.10067
9072.489258	0.10064
9073.0	0.100606
9074.0	0.100538
9075.0	0.100479
9076.0	0.100411
9077.0	0.100353
9078.0	0.100285
9079.0	0.100216
9080.0	0.100158
9081.0	0.100089
9082.0	0.100021
9082.492188	0.099992
9083.0	0.0999689
9084.0	0.0999138
9085.0	0.0998681
9086.0	0.0998129
9087.0	0.0997576
9088.0	0.0997117
9089.0	0.0996562
9090.0	0.09961
9091.0	0.0995545
9092.0	0.099499
9092.495117	0.0994761
9093.0	0.0994508
9094.0	0.0993914
9095.0	0.0993319
9096.0	0.0992816
9097.0	0.0992219
9098.0	0.0991715
9099.0	0.0991117
9100.0	0.0990517
9101.0	0.0990012
9102.0	0.0989412
9102.498047	0.0989113
9103.0	0.0988723
9104.0	0.098804
9105.0	0.0987263
9106.0	0.0986579
9107.0	0.0985801
9108.0	0.0985022
9109.0	0.0984336
9110.0	0.0983556
9111.0	0.0982777
9112.0	0.0982091
9112.5	0.0981701
9113.0	0.0981362
9114.0	0.0980775
9115.0	0.0980094
9116.0	0.0979414
9117.0	0.0978824
9118.0	0.0978142
9119.0	0.0977459
9120.0	0.0976867
9121.0	0.0976184
9122.0	0.0975592
9122.50293	0.0975248
9123.0	0.0974878
9124.0	0.0974135
9125.0	0.0973482
9126.0	0.0972737
9127.0	0.0971992
9128.0	0.0971338
9129.0	0.0970591
9130.0	0.0969844
9131.0	0.0969188
9132.0	0.0968441
9132.505859	0.0968109
9133.0	0.0967756
9134.0	0.0966949
9135.0	0.0966142
9136.0	0.0965425
9137.0	0.0964617
9138.0	0.0963809
9139.0	0.096309
9140.0	0.096228
9141.0	0.0961562
9142.0	0.0960752
9142.508789	0.096034
9143.0	0.0960027
9144.0	0.0959478
9145.0	0.0958838
9146.0	0.0958198
9147.0	0.0957647
9148.0	0.0957004
9149.0	0.0956451
9150.0	0.0955807
9151.0	0.0955164
9152.0	0.0954609
9152.510742	0.095428
9153.0	0.0953868
9154.0	0.0953025
9155.0	0.0952272
9156.0	0.0951429
9157.0	0.0950585
9158.0	0.0949831
9159.0	0.0948986
9160.0	0.094823
9161.0	0.0947385
9162.0	0.094654
9162.513672	0.0946151
9163.0	0.0945894
9164.0	0.0945274
9165.0	0.0944653
9166.0	0.0944121
9167.0	0.0943498
9168.0	0.0942875
9169.0	0.094234
9170.0	0.0941715
9171.0	0.0941179
9172.0	0.0940553
9172.516602	0.0940229
9173.0	0.0939828
9174.0	0.0939086
9175.0	0.0938254
9176.0	0.0937422
9177.0	0.0936678
9178.0	0.0935845
9179.0	0.0935012
9180.0	0.0934266
9181.0	0.0933432
9182.0	0.0932686
9182.519531	0.0932252
9183.0	0.0931891
9184.0	0.0931138
9185.0	0.0930473
9186.0	0.0929719
9187.0	0.0928964
9188.0	0.0928297
9189.0	0.0927541
9190.0	0.0926784
9191.0	0.0926115
9192.0	0.0925358
9192.522461	0.0925008
9193.0	0.0924652
9194.0	0.0923819
9195.0	0.0922986
9196.0	0.0922239
9197.0	0.0921405
9198.0	0.0920569
9199.0	0.0919821
9200.0	0.0918985
9201.0	0.0918089
9202.0	0.0917281
9202.524414	0.0916811
9203.0	0.0916437
9204.0	0.0915651
9205.0	0.0914951
9206.0	0.0914164
9207.0	0.0913463
9208.0	0.0912674
9209.0	0.0911885
9210.0	0.0911181
9211.0	0.0910392
9212.0	0.0909601
9212.527344	0.090923
9213.0	0.0908972
9214.0	0.090834
9215.0	0.0907707
9216.0	0.0907158
9217.0	0.0906523
9218.0	0.0905887
9219.0	0.0905336
9220.0	0.0904698
9221.0	0.0904145
9222.0	0.0903506
9222.530273	0.0903166
9223.0	0.0902704
9224.0	0.0901804
9225.0	0.0900818
9226.0	0.0899832
9227.0	0.0898931
9228.0	0.0897945
9229.0	0.0896958
9230.0	0.0896056
9231.0	0.0895108
9232.0	0.0894159
9232.533203	0.0893699
9233.0	0.0893364
9234.0	0.0892562
9235.0	0.0891844
9236.0	0.089104
9237.0	0.0890236
9238.0	0.0889515
9239.0	0.088871
9240.0	0.0887903
9241.0	0.0887181
9242.0	0.0886374
9242.535156	0.0885942
9243.0	0.0885496
9244.0	0.0884619
9245.0	0.0883657
9246.0	0.0882695
9247.0	0.0881817
9248.0	0.0880854
9249.0	0.0879891
9250.0	0.0879011
9251.0	0.0878048
9252.0	0.0877168
9252.538086	0.0876649
9253.0	0.0876315
9254.0	0.087559
9255.0	0.0874947
9256.0	0.087422
9257.0	0.0873493
9258.0	0.0872847
9259.0	0.0872118
9260.0	0.0871388
9261.0	0.087074
9262.0	0.0870009
9262.541016	0.0869613
9263.0	0.0869215
9264.0	0.0868431
9265.0	0.0867563
9266.0	0.0866694
9267.0	0.0865908
9268.0	0.0865039
9269.0	0.0864168
9270.0	0.086338
9271.0	0.0862509
9272.0	0.0861638
9272.543945	0.0861208
9273.0	0.0860849
9274.0	0.085998
9275.0	0.0859192
9276.0	0.0858321
9277.0	0.085745
9278.0	0.085666
9279.0	0.0855787
9280.0	0.0854914
9281.0	0.0854123
9282.0	0.0853249
9282.546875	0.0852771
9283.0	0.0852378
9284.0	0.085159
9285.0	0.085072
9286.0	0.084985
9287.0	0.0849061
9288.0	0.0848189
9289.0	0.0847318
9290.0	0.0846526
9291.0	0.0845653
9292.0	0.084478
9292.548828	0.0844345
9293.0	0.0843974
9294.0	0.0843072
9295.0	0.0842169
9296.0	0.0841346
9297.0	0.0840441
9298.0	0.0839537
9299.0	0.0838712
9300.0	0.0837806
9301.0	0.08369
9302.0	0.0836074
9302.551758	0.0835573
9303.0	0.0835208
9304.0	0.0834393
9305.0	0.0833657
9306.0	0.0832841
9307.0	0.0832103
9308.0	0.0831286
9309.0	0.0830467
9310.0	0.0829727
9311.0	0.0828907
9312.0	0.0828087
9312.554688	0.0827676
9313.0	0.0827306
9314.0	0.0826396
9315.0	0.0825486
9316.0	0.0824654
9317.0	0.0823743
9318.0	0.0822831
9319.0	0.0821997
9320.0	0.0821084
9321.0	0.0820171
9322.0	0.0819335
9322.557617	0.0818826
9323.0	0.081843
9324.0	0.0817535
9325.0	0.0816718
9326.0	0.0815822
9327.0	0.0814925
9328.0	0.0814106
9329.0	0.0813208
9330.0	0.0812309
9331.0	0.0811488
9332.0	0.0810589
9332.55957	0.0810085
9333.0	0.0809692
9334.0	0.0808876
9335.0	0.0807982
9336.0	0.0807088
9337.0	0.080627
9338.0	0.0805374
9339.0	0.0804478
9340.0	0.0803657
9341.0	0.080276
9342.0	0.0801862
9342.5625	0.08014
9343.0	0.0801016
9344.0	0.0800063
9345.0	0.0799109
9346.0	0.0798232
9347.0	0.0797277
9348.0	0.0796322
9349.0	0.0795442
9350.0	0.0794486
9351.0	0.0793529
9352.0	0.0792648
9352.56543	0.0792106
9353.0	0.0791715
9354.0	0.0790815
9355.0	0.078999
9356.0	0.0789088
9357.0	0.0788186
9358.0	0.0787358
9359.0	0.0786455
9360.0	0.0785551
9361.0	0.0784721
9362.0	0.0783816
9362.568359	0.0783301
9363.0	0.078297
9364.0	0.0782276
9365.0	0.0781506
9366.0	0.0780736
9367.0	0.0780039
9368.0	0.0779266
9369.0	0.0778493
9370.0	0.0777793
9371.0	0.0777017
9372.0	0.0776241
9372.570312	0.077584
9373.0	0.0775444
9374.0	0.0774447
9375.0	0.077345
9376.0	0.0772526
9377.0	0.0771528
9378.0	0.0770529
9379.0	0.0769604
9380.0	0.0768605
9381.0	0.0767605
9382.0	0.0766678
9382.573242	0.0766105
9383.0	0.0765702
9384.0	0.0764757
9385.0	0.0763885
9386.0	0.076294
9387.0	0.0761993
9388.0	0.0761119
9389.0	0.0760172
9390.0	0.0759224
9391.0	0.0758348
9392.0	0.0757399
9392.576172	0.0756852
9393.0	0.0756452
9394.0	0.075558
9395.0	0.0754634
9396.0	0.0753689
9397.0	0.0752815
9398.0	0.0751868
9399.0	0.075092
9400.0	0.0750044
9401.0	0.0749016
9402.0	0.0747989
9402.579102	0.0747435
9403.0	0.074706
9404.0	0.0746097
9405.0	0.0745133
9406.0	0.0744169
9407.0	0.0743275
9408.0	0.074231
9409.0	0.0741344
9410.0	0.0740448
9411.0	0.0739481
9412.0	0.0738513
9412.582031	0.0737991
9413.0	0.0737565
9414.0	0.0736473
9415.0	0.0735382
9416.0	0.073436
9417.0	0.0733268
9418.0	0.0732176
9419.0	0.0731153
9420.0	0.0730061
9421.0	0.0728968
9422.0	0.0727944
9422.583984	0.0727306
9423.0	0.0726871
9424.0	0.0725824
9425.0	0.0724847
9426.0	0.07238
9427.0	0.0722753
9428.0	0.0721774
9429.0	0.0720726
9430.0	0.0719678
9431.0	0.0718745
9432.0	0.0717743
9432.586914	0.0717155
9433.0	0.0716752
9434.0	0.0715777
9435.0	0.0714869
9436.0	0.0713893
9437.0	0.0712915
9438.0	0.0712006
9439.0	0.0711028
9440.0	0.0710049
9441.0	0.0709137
9442.0	0.0708157
9442.589844	0.0707579
9443.0	0.0707183
9444.0	0.0706285
9445.0	0.0705318
9446.0	0.070435
9447.0	0.070345
9448.0	0.0702481
9449.0	0.0701512
9450.0	0.0700609
9451.0	0.0699639
9452.0	0.0698667
9452.592773	0.0698131
9453.0	0.0697711
9454.0	0.0696611
9455.0	0.0695512
9456.0	0.0694412
9457.0	0.0693378
9458.0	0.0692278
9459.0	0.0691177
9460.0	0.0690142
9461.0	0.0689041
9462.0	0.0687939
9462.594727	0.0687323
9463.0	0.0686992
9464.0	0.0686107
9465.0	0.0685222
9466.0	0.0684401
9467.0	0.0683514
9468.0	0.0682625
9469.0	0.0681802
9470.0	0.0680912
9471.0	0.068002
9472.0	0.0679194
9472.597656	0.0678661
9473.0	0.067824
9474.0	0.0677196
9475.0	0.0676151
9476.0	0.067517
9477.0	0.0674124
9478.0	0.0673078
9479.0	0.0672095
9480.0	0.0671048
9481.0	0.067
9482.0	0.0669016
9482.600586	0.0668386
9483.0	0.066797
9484.0	0.0666926
9485.0	0.0665947
9486.0	0.0664903
9487.0	0.0663858
9488.0	0.0662877
9489.0	0.0661832
9490.0	0.0660786
9491.0	0.0659739
9492.0	0.0658756
9492.603516	0.0658123
9493.0	0.0657722
9494.0	0.0656707
9495.0	0.0655756
9496.0	0.0654741
9497.0	0.0653725
9498.0	0.0652771
9499.0	0.0651754
9500.0	0.0650737
9501.0	0.0650187
9502.0	0.0649574
9502.606445	0.0649202
9503.0	0.0648951
9504.0	0.0648313
9505.0	0.0647737
9506.0	0.0647098
9507.0	0.0646459
9508.0	0.0645882
9509.0	0.0645242
9510.0	0.0644602
9511.0	0.0644024
9512.0	0.0643383
9512.608398	0.0642993
9513.0	0.0642734
9514.0	0.0642135
9515.0	0.0641473
9516.0	0.0640811
9517.0	0.0640148
9518.0	0.0639548
9519.0	0.0638885
9520.0	0.0638222
9521.0	0.063762
9522.0	0.0636956
9522.611328	0.063655
9523.0	0.0636334
9524.0	0.0635841
9525.0	0.0635285
9526.0	0.0634729
9527.0	0.0634233
9528.0	0.0633676
9529.0	0.0633118
9530.0	0.063256
9531.0	0.0632062
9532.0	0.0631503
9532.614258	0.0631159
9533.0	0.0630899
9534.0	0.0630286
9535.0	0.0629612
9536.0	0.0628937
9537.0	0.0628323
9538.0	0.0627648
9539.0	0.0626972
9540.0	0.0626296
9541.0	0.0625681
9542.0	0.0625004
9542.617188	0.0624586
9543.0	0.0624347
9544.0	0.0623782
9545.0	0.0623156
9546.0	0.0622529
9547.0	0.0621963
9548.0	0.0621336
9549.0	0.0620708
9550.0	0.062008
9551.0	0.0619512
9552.0	0.0618883
9552.619141	0.0618493
9553.0	0.0618244
9554.0	0.061765
9555.0	0.0616995
9556.0	0.061634
9557.0	0.0615744
9558.0	0.0615088
9559.0	0.0614432
9560.0	0.0613775
9561.0	0.0613178
9562.0	0.061252
9562.62207	0.0612111
9563.0	0.0611868
9564.0	0.0611282
9565.0	0.0610637
9566.0	0.0609991
9567.0	0.0609404
9568.0	0.0608758
9569.0	0.0608111
9570.0	0.0607464
9571.0	0.0606876
9572.0	0.0606228
9572.625	0.0605822
9573.0	0.0605568
9574.0	0.0604948
9575.0	0.0604268
9576.0	0.0603589
9577.0	0.0602968
9578.0	0.0602288
9579.0	0.0601607
9580.0	0.0600927
9581.0	0.0600304
9582.0	0.0599622
9582.62793	0.0599194
9583.0	0.0598964
9584.0	0.0598403
9585.0	0.0597784
9586.0	0.0597164
9587.0	0.0596544
9588.0	0.0595982
9589.0	0.0595361
9590.0	0.0594739
9591.0	0.0594175
9592.0	0.0593552
9592.630859	0.0593159
9593.0	0.0592913
9594.0	0.0592305
9595.0	0.0591639
9596.0	0.0590972
9597.0	0.0590305
9598.0	0.0589696
9599.0	0.0589028
9600.0	0.058836
9601.0	0.0587727
9602.0	0.0587037
9602.632812	0.05866
9603.0	0.0586334
9604.0	0.0585611
9605.0	0.0584945
9606.0	0.0584222
9607.0	0.0583499
9608.0	0.0582832
9609.0	0.0582108
9610.0	0.0581384
9611.0	0.0580659
9612.0	0.057999
9612.635742	0.0579529
9613.0	0.0579287
9614.0	0.0578622
9615.0	0.0578013
9616.0	0.0577347
9617.0	0.0576681
9618.0	0.0576014
9619.0	0.0575404
9620.0	0.0574736
9621.0	0.0574068
9622.0	0.0573456
9622.638672	0.0573029
9623.0	0.0572775
9624.0	0.0572073
9625.0	0.0571426
9626.0	0.0570724
9627.0	0.0570021
9628.0	0.0569318
9629.0	0.056867
9630.0	0.0567966
9631.0	0.056726
9632.0	0.0566608
9632.641602	0.0566155
9633.0	0.05659
9634.0	0.0565188
9635.0	0.0564476
9636.0	0.0563818
9637.0	0.0563105
9638.0	0.0562392
9639.0	0.0561734
9640.0	0.056102
9641.0	0.0560306
9642.0	0.0559591
9642.643555	0.0559166
9643.0	0.0558952
9644.0	0.0558295
9645.0	0.0557637
9646.0	0.0557034
9647.0	0.0556375
9648.0	0.0555717
9649.0	0.0555058
9650.0	0.0554452
9651.0	0.0553792
9652.0	0.0553132
9652.646484	0.0552739
9653.0	0.05525
9654.0	0.0551767
9655.0	0.0551034
9656.0	0.0550301
9657.0	0.0549622
9658.0	0.0548888
9659.0	0.0548154
9660.0	0.054742
9661.0	0.0546739
9662.0	0.0546004
9662.649414	0.0545527
9663.0	0.0545278
9664.0	0.0544622
9665.0	0.0543912
9666.0	0.0543202
9667.0	0.0542492
9668.0	0.0541834
9669.0	0.0541123
9670.0	0.0540412
9671.0	0.0539753
9672.0	0.0539041
9672.652344	0.0538576
9673.0	0.053834
9674.0	0.0537661
9675.0	0.0537035
9676.0	0.0536355
9677.0	0.0535675
9678.0	0.0535047
9679.0	0.0534367
9680.0	0.0533686
9681.0	0.0533004
9682.0	0.0532374
9682.655273	0.0531926
9683.0	0.0531681
9684.0	0.0530968
9685.0	0.0530256
9686.0	0.0529594
9687.0	0.0528881
9688.0	0.0528167
9689.0	0.0527505
9690.0	0.0526791
9691.0	0.0526076
9692.0	0.0525361
9692.657227	0.0524925
9693.0	0.052468
9694.0	0.0523916
9695.0	0.0523151
9696.0	0.0522437
9697.0	0.0521672
9698.0	0.0520907
9699.0	0.0520142
9700.0	0.0519427
9701.0	0.0518661
9702.0	0.0517894
9702.660156	0.0517388
9703.0	0.0517146
9704.0	0.0516481
9705.0	0.0515766
9706.0	0.0515051
9707.0	0.0514386
9708.0	0.051367
9709.0	0.0512953
9710.0	0.0512237
9711.0	0.0511569
9712.0	0.0510852
9712.663086	0.0510376
9713.0	0.0510137
9714.0	0.0509429
9715.0	0.0508771
9716.0	0.0508062
9717.0	0.0507353
9718.0	0.0506694
9719.0	0.0505984
9720.0	0.0505274
9721.0	0.0504563
9722.0	0.0503901
9722.666016	0.0503428
9723.0	0.0503178
9724.0	0.050243
9725.0	0.0501682
9726.0	0.0500983
9727.0	0.0500235
9728.0	0.0499486
9729.0	0.0498786
9730.0	0.0498037
9731.0	0.0497288
9732.0	0.0496538
9732.667969	0.0496069
9733.0	0.0495847
9734.0	0.0495129
9735.0	0.049441
9736.0	0.0493691
9737.0	0.049302
9738.0	0.0492301
9739.0	0.0491581
9740.0	0.0490861
9741.0	0.0490188
9742.0	0.0489467
9742.670898	0.0488983
9743.0	0.0488739
9744.0	0.0488045
9745.0	0.0487303
9746.0	0.048656
9747.0	0.0485818
9748.0	0.0485123
9749.0	0.048438
9750.0	0.0483637
9751.0	0.0482893
9752.0	0.0482196
9752.673828	0.0481694
9753.0	0.0481456
9754.0	0.0480724
9755.0	0.0479993
9756.0	0.0479308
9757.0	0.0478576
9758.0	0.0477844
9759.0	0.0477158
9760.0	0.0476425
9761.0	0.0475691
9762.0	0.0474957
9762.676758	0.0474492
9763.0	0.0474276
9764.0	0.0473564
9765.0	0.0472851
9766.0	0.0472137
9767.0	0.047147
9768.0	0.0470756
9769.0	0.0470042
9770.0	0.0469327
9771.0	0.0468657
9772.0	0.0467941
9772.679688	0.0467454
9773.0	0.0467205
9774.0	0.046647
9775.0	0.0465689
9776.0	0.0464908
9777.0	0.0464128
9778.0	0.0463392
9779.0	0.0462611
9780.0	0.0461829
9781.0	0.0461047
9782.0	0.046031
9782.681641	0.0459777
9783.0	0.0459543
9784.0	0.0458808
9785.0	0.0458073
9786.0	0.0457383
9787.0	0.0456648
9788.0	0.0455912
9789.0	0.0455175
9790.0	0.0454484
9791.0	0.0453746
9792.0	0.0453009
9792.68457	0.0452504
9793.0	0.0452263
9794.0	0.0451546
9795.0	0.0450783
9796.0	0.0450021
9797.0	0.0449258
9798.0	0.0448539
9799.0	0.0447776
9800.0	0.0447012
9801.0	0.0446266
9802.0	0.0445476
9802.6875	0.0444932
9803.0	0.0444689
9804.0	0.0443912
9805.0	0.0443178
9806.0	0.04424
9807.0	0.0441621
9808.0	0.0440843
9809.0	0.0440108
9810.0	0.0439329
9811.0	0.043855
9812.0	0.043777
9812.69043	0.0437262
9813.0	0.0437036
9814.0	0.0436265
9815.0	0.0435493
9816.0	0.0434721
9817.0	0.0433992
9818.0	0.043322
9819.0	0.0432447
9820.0	0.0431675
9821.0	0.0430944
9822.0	0.043017
9822.692383	0.0429634
9823.0	0.042939
9824.0	0.0428596
9825.0	0.0427844
9826.0	0.042705
9827.0	0.0426255
9828.0	0.0425461
9829.0	0.0424708
9830.0	0.0423913
9831.0	0.0423134
9832.0	0.0422355
9832.695312	0.0421842
9833.0	0.042162
9834.0	0.0420849
9835.0	0.0420078
9836.0	0.0419307
9837.0	0.0418577
9838.0	0.0417806
9839.0	0.0417034
9840.0	0.0416262
9841.0	0.041553
9842.0	0.0414757
9842.698242	0.0414217
9843.0	0.0413994
9844.0	0.0413257
9845.0	0.0412559
9846.0	0.0411821
9847.0	0.0411082
9848.0	0.0410343
9849.0	0.0409644
9850.0	0.0408904
9851.0	0.0408164
9852.0	0.0407423
9852.701172	0.0406931
9853.0	0.0406705
9854.0	0.040591
9855.0	0.0405115
9856.0	0.040432
9857.0	0.0403564
9858.0	0.0402769
9859.0	0.0401973
9860.0	0.0401177
9861.0	0.040042
9862.0	0.0399624
9862.703125	0.0399063
9863.0	0.0398833
9864.0	0.0398059
9865.0	0.0397323
9866.0	0.0396548
9867.0	0.0395773
9868.0	0.0394997
9869.0	0.0394261
9870.0	0.0393485
9871.0	0.0392708
9872.0	0.0391931
9872.706055	0.0391409
9873.0	0.0391188
9874.0	0.0390397
9875.0	0.0389606
9876.0	0.0388815
9877.0	0.0388062
9878.0	0.0387271
9879.0	0.0386479
9880.0	0.0385687
9881.0	0.0384932
9882.0	0.0384139
9882.708984	0.0383577
9883.0	0.0383356
9884.0	0.0382594
9885.0	0.038187
9886.0	0.0381108
9887.0	0.0380346
9888.0	0.0379583
9889.0	0.0378857
9890.0	0.0378094
9891.0	0.037733
9892.0	0.0376565
9892.711914	0.0376047
9893.0	0.0375828
9894.0	0.0375027
9895.0	0.0374227
9896.0	0.0373427
9897.0	0.0372663
9898.0	0.0371862
9899.0	0.0371061
9900.0	0.037026
9901.0	0.0369459
9902.0	0.0368693
9902.714844	0.036812
9903.0	0.0367889
9904.0	0.036708
9905.0	0.036627
9906.0	0.0365497
9907.0	0.0364687
9908.0	0.0363877
9909.0	0.0363067
9910.0	0.0362293
9911.0	0.0361482
9912.0	0.0360671
9912.716797	0.0360089
9913.0	0.0359866
9914.0	0.0359112
9915.0	0.0358322
9916.0	0.0357532
9917.0	0.0356741
9918.0	0.0355986
9919.0	0.0355196
9920.0	0.0354405
9921.0	0.0353613
9922.0	0.0352856
9922.719727	0.0352286
9923.0	0.035206
9924.0	0.0351254
9925.0	0.0350447
9926.0	0.0349641
9927.0	0.0348869
9928.0	0.0348062
9929.0	0.0347255
9930.0	0.0346448
9931.0	0.0345674
9932.0	0.0344866
9932.722656	0.0344282
9933.0	0.0344062
9934.0	0.0343266
9935.0	0.0342505
9936.0	0.0341709
9937.0	0.0340913
9938.0	0.0340117
9939.0	0.0339354
9940.0	0.0338558
9941.0	0.033776
9942.0	0.0336963
9942.725586	0.0336384
9943.0	0.0336169
9944.0	0.0335419
9945.0	0.0334635
9946.0	0.0333851
9947.0	0.0333067
9948.0	0.0332315
9949.0	0.0331531
9950.0	0.0330746
9951.0	0.032996
9952.0	0.0329206
9952.727539	0.0328634
9953.0	0.0328411
9954.0	0.0327595
9955.0	0.0326779
9956.0	0.0325995
9957.0	0.0325178
9958.0	0.0324361
9959.0	0.0323545
9960.0	0.0322728
9961.0	0.0321942
9962.0	0.0321124
9962.730469	0.0320527
9963.0	0.0320311
9964.0	0.0319512
9965.0	0.0318744
9966.0	0.0317944
9967.0	0.0317144
9968.0	0.0316343
9969.0	0.0315574
9970.0	0.0314774
9971.0	0.0313972
9972.0	0.031317
9972.733398	0.0312582
9973.0	0.0312371
9974.0	0.0311609
9975.0	0.0310816
9976.0	0.0310022
9977.0	0.0309228
9978.0	0.0308465
9979.0	0.0307671
9980.0	0.0306876
9981.0	0.0306081
9982.0	0.0305285
9982.736328	0.0304722
9983.0	0.0304517
9984.0	0.0303709
9985.0	0.0302901
9986.0	0.0302093
9987.0	0.0301315
9988.0	0.0300506
9989.0	0.0299698
9990.0	0.0298889
9991.0	0.0298109
9992.0	0.0297299
9992.739258	0.0296701
9993.0	0.0296487
9994.0	0.029567
9995.0	0.0294853
9996.0	0.0294065
9997.0	0.0293247
9998.0	0.0292429
9999.0	0.0291611
10000.0	0.0290822
10001.0	0.0290123
10002.0	0.0289424
10002.741211	0.0288906
10003.0	0.0288727
10004.0	0.0288035
10005.0	0.0287372
10006.0	0.0286681
10007.0	0.0285989
10008.0	0.0285297
10009.0	0.0284634
10010.0	0.0283942
10011.0	0.0283249
10012.0	0.0282557
10012.744141	0.0282042
10013.0	0.0281868
10014.0	0.0281219
10015.0	0.0280541
10016.0	0.0279863
10017.0	0.0279185
10018.0	0.0278535
10019.0	0.0277857
10020.0	0.0277179
10021.0	0.02765
10022.0	0.0275821
10022.74707	0.0275334
10023.0	0.0275161
10024.0	0.0274449
10025.0	0.0273737
10026.0	0.0273024
10027.0	0.027234
10028.0	0.0271627
10029.0	0.0270915
10030.0	0.0270203
10031.0	0.0269491
10032.0	0.0268806
10032.75	0.0268272
10033.0	0.0268098
10034.0	0.0267401
10035.0	0.0266704
10036.0	0.0266033
10037.0	0.0265336
10038.0	0.0264639
10039.0	0.0263942
10040.0	0.0263245
10041.0	0.0262574
10042.0	0.0261876
10042.751953	0.0261352
10043.0	0.0261182
10044.0	0.0260497
10045.0	0.0259812
10046.0	0.0259153
10047.0	0.0258468
10048.0	0.0257783
10049.0	0.0257098
10050.0	0.0256438
10051.0	0.0255753
10052.0	0.0255067
10052.754883	0.0254549
10053.0	0.0254375
10054.0	0.0253668
10055.0	0.0252986
10056.0	0.0252278
10057.0	0.025157
10058.0	0.0250863
10059.0	0.0250156
10060.0	0.0249473
10061.0	0.0248766
10062.0	0.0248058
10062.757812	0.0247522
10063.0	0.0247354
10064.0	0.0246687
10065.0	0.0245995
10066.0	0.0245303
10067.0	0.0244611
10068.0	0.0243919
10069.0	0.0243251
10070.0	0.0242559
10071.0	0.0241866
10072.0	0.0241174
10072.759766	0.0240648
10073.0	0.0240482
10074.0	0.0239818
10075.0	0.0239129
10076.0	0.0238441
10077.0	0.0237752
10078.0	0.0237087
10079.0	0.0236398
10080.0	0.0235709
10081.0	0.023502
10082.0	0.0234331
10082.762695	0.0233823
10083.0	0.0233662
10084.0	0.0232963
10085.0	0.0232263
10086.0	0.0231563
10087.0	0.0230864
10088.0	0.0230187
10089.0	0.0229488
10090.0	0.0228788
10091.0	0.0228088
10092.0	0.0227389
10092.765625	0.022687
10093.0	0.0226711
10094.0	0.0226008
10095.0	0.0225306
10096.0	0.0224604
10097.0	0.0223924
10098.0	0.0223221
10099.0	0.0222519
10100.0	0.0221817
10101.0	0.0221114
10102.0	0.0220434
10102.768555	0.0219894
10103.0	0.0219731
10104.0	0.021903
10105.0	0.0218328
10106.0	0.0217626
10107.0	0.0216946
10108.0	0.0216245
10109.0	0.0215543
10110.0	0.0214841
10111.0	0.0214139
10112.0	0.0213459
10112.771484	0.0212918
10113.0	0.021276
10114.0	0.0212072
10115.0	0.0211383
10116.0	0.0210694
10117.0	0.0210027
10118.0	0.0209338
10119.0	0.0208649
10120.0	0.020796
10121.0	0.0207271
10122.0	0.0206603
10122.774414	0.0206069
10123.0	0.0205909
10124.0	0.0205199
10125.0	0.020449
10126.0	0.020378
10127.0	0.0203091
10128.0	0.0202382
10129.0	0.0201672
10130.0	0.0200963
10131.0	0.0200274
10132.0	0.0199565
10132.777344	0.0199013
10133.0	0.0198857
10134.0	0.0198157
10135.0	0.0197456
10136.0	0.0196775
10137.0	0.0196074
10138.0	0.0195374
10139.0	0.0194673
10140.0	0.0193973
10141.0	0.0193291
10142.0	0.0192591
10142.779297	0.0192044
10143.0	0.0191895
10144.0	0.0191217
10145.0	0.0190539
10146.0	0.018988
10147.0	0.0189201
10148.0	0.0188523
10149.0	0.0187844
10150.0	0.0187165
10151.0	0.0186505
10152.0	0.0185825
10152.782227	0.0185294
10153.0	0.0185137
10154.0	0.0184418
10155.0	0.0183699
10156.0	0.0182998
10157.0	0.0182279
10158.0	0.0181561
10159.0	0.0180842
10160.0	0.0180124
10161.0	0.0179424
10162.0	0.0178705
10162.785156	0.0178141
10163.0	0.0177993
10164.0	0.0177304
10165.0	0.0176614
10166.0	0.0175924
10167.0	0.0175253
10168.0	0.0174563
10169.0	0.0173873
10170.0	0.0173183
10171.0	0.0172493
10172.0	0.017182
10172.788086	0.0171276
10173.0	0.0171129
10174.0	0.0170433
10175.0	0.0169738
10176.0	0.0169042
10177.0	0.0168363
10178.0	0.0167668
10179.0	0.0166972
10180.0	0.0166276
10181.0	0.0165581
10182.0	0.0164902
10182.790039	0.0164352
10183.0	0.0164204
10184.0	0.0163501
10185.0	0.0162798
10186.0	0.0162095
10187.0	0.0161408
10188.0	0.0160705
10189.0	0.0160002
10190.0	0.01593
10191.0	0.0158597
10192.0	0.015791
10192.792969	0.0157353
10193.0	0.0157208
10194.0	0.015651
10195.0	0.0155813
10196.0	0.0155115
10197.0	0.0154417
10198.0	0.0153735
10199.0	0.0153038
10200.0	0.015234
10201.0	0.0151949
10202.0	0.0151558
10202.795898	0.015126
10203.0	0.0151183
10204.0	0.0150794
10205.0	0.0150405
10206.0	0.0150016
10207.0	0.0149626
10208.0	0.0149252
10209.0	0.0148863
10210.0	0.0148474
10211.0	0.0148085
10212.0	0.0147695
10212.797852	0.0147397
10213.0	0.0147319
10214.0	0.0146921
10215.0	0.0146523
10216.0	0.0146125
10217.0	0.0145727
10218.0	0.0145329
10219.0	0.0144946
10220.0	0.0144548
10221.0	0.014415
10222.0	0.0143752
10222.800781	0.0143434
10223.0	0.0143356
10224.0	0.0142981
10225.0	0.0142592
10226.0	0.0142203
10227.0	0.0141814
10228.0	0.0141424
10229.0	0.014105
10230.0	0.014066
10231.0	0.0140271
10232.0	0.0139882
10232.803711	0.0139569
10233.0	0.0139492
10234.0	0.0139101
10235.0	0.0138724
10236.0	0.0138333
10237.0	0.0137941
10238.0	0.013755
10239.0	0.0137159
10240.0	0.0136782
10241.0	0.0136391
10242.0	0.0135999
10242.806641	0.0135684
10243.0	0.0135608
10244.0	0.0135216
10245.0	0.0134823
10246.0	0.0134445
10247.0	0.0134053
10248.0	0.0133661
10249.0	0.0133268
10250.0	0.0132876
10251.0	0.0132498
10252.0	0.0132105
10252.808594	0.0131788
10253.0	0.0131715
10254.0	0.0131332
10255.0	0.0130948
10256.0	0.0130565
10257.0	0.0130195
10258.0	0.0129812
10259.0	0.0129428
10260.0	0.0129045
10261.0	0.0128662
10262.0	0.0128291
10262.811523	0.012798
10263.0	0.0127905
10264.0	0.0127509
10265.0	0.0127114
10266.0	0.0126718
10267.0	0.0126322
10268.0	0.012594
10269.0	0.0125544
10270.0	0.0125149
10271.0	0.0124753
10272.0	0.0124358
10272.81543	0.0124045
10273.0	0.0123975
10274.0	0.0123581
10275.0	0.0123186
10276.0	0.0122792
10277.0	0.0122398
10278.0	0.0122004
10279.0	0.0121622
10280.0	0.0121228
10281.0	0.0120834
10282.0	0.012044
10282.817383	0.0120118
10283.0	0.0120047
10284.0	0.0119673
10285.0	0.0119287
10286.0	0.01189
10287.0	0.0118513
10288.0	0.0118127
10289.0	0.011774
10290.0	0.0117366
10291.0	0.0116979
10292.0	0.0116592
10292.820312	0.0116275
10293.0	0.0116204
10294.0	0.011581
10295.0	0.0115416
10296.0	0.0115034
10297.0	0.011464
10298.0	0.0114247
10299.0	0.0113853
10300.0	0.0113459
10301.0	0.0113066
10302.0	0.0112684
10302.823242	0.011236
10303.0	0.011229
10304.0	0.0111897
10305.0	0.0111505
10306.0	0.0111112
10307.0	0.0110731
10308.0	0.0110339
10309.0	0.0109946
10310.0	0.0109554
10311.0	0.0109161
10312.0	0.0108769
10312.826172	0.0108454
10313.0	0.0108388
10314.0	0.0107998
10315.0	0.0107609
10316.0	0.010722
10317.0	0.010683
10318.0	0.0106441
10319.0	0.0106062
10320.0	0.0105673
10321.0	0.0105284
10322.0	0.0104894
10322.828125	0.0104572
10323.0	0.0104505
10324.0	0.0104118
10325.0	0.0103741
10326.0	0.0103353
10327.0	0.0102966
10328.0	0.0102578
10329.0	0.010219
10330.0	0.0101803
10331.0	0.0101426
10332.0	0.0101038
10332.831055	0.0100716
10333.0	0.0100651
10334.0	0.0100263
10335.0	0.0099876
10336.0	0.00994887
10337.0	0.00991117
10338.0	0.00987244
10339.0	0.00983372
10340.0	0.00979499
10341.0	0.00975626
10342.0	0.00971753
10342.833984	0.00968606
10343.0	0.00967963
10344.0	0.00963989
10345.0	0.00960017
10346.0	0.00956045
10347.0	0.00952074
10348.0	0.00948104
10349.0	0.00944232
10350.0	0.00940263
10351.0	0.00936295
10352.0	0.00932327
10352.835938	0.00929011
10353.0	0.00928378
10354.0	0.00924517
10355.0	0.00920751
10356.0	0.0091689
10357.0	0.00913029
10358.0	0.00909168
10359.0	0.00905307
10360.0	0.00901446
10361.0	0.00897677
10362.0	0.00893815
10362.838867	0.00890575
10363.0	0.00889945
10364.0	0.00886036
10365.0	0.00882128
10366.0	0.0087822
10367.0	0.00874403
10368.0	0.00870496
10369.0	0.00866589
10370.0	0.00862683
10371.0	0.00858776
10372.0	0.0085487
10372.841797	0.00851657
10373.0	0.00851062
10374.0	0.00847215
10375.0	0.00843368
10376.0	0.00839521
10377.0	0.00835674
10378.0	0.00831827
10379.0	0.00828065
10380.0	0.00824218
10381.0	0.0082037
10382.0	0.00816521
10382.84375	0.00813274
10383.0	0.00812661
10384.0	0.0080874
10385.0	0.00804819
10386.0	0.00800981
10387.0	0.00797061
10388.0	0.00793142
10389.0	0.00789223
10390.0	0.00785305
10391.0	0.00781386
10392.0	0.00777549
10392.84668	0.00774232
10393.0	0.00773632
10394.0	0.00769715
10395.0	0.00765799
10396.0	0.00761884
10397.0	0.00757969
10398.0	0.00754133
10399.0	0.00750219
10400.0	0.00746306
10401.0	0.00744286
10402.0	0.00742265
10402.849609	0.00740549
10403.0	0.0074025
10404.0	0.00738262
10405.0	0.00736351
10406.0	0.00734363
10407.0	0.00732375
10408.0	0.00730388
10409.0	0.007284
10410.0	0.00726413
10411.0	0.00724501
10412.0	0.00722514
10412.852539	0.0072082
10413.0	0.00720524
10414.0	0.00718522
10415.0	0.00716521
10416.0	0.0071452
10417.0	0.00712592
10418.0	0.00710591
10419.0	0.0070859
10420.0	0.0070659
10421.0	0.00704589
10422.0	0.00702589
10422.855469	0.00700877
10423.0	0.00700593
10424.0	0.00698702
10425.0	0.00696737
10426.0	0.00694773
10427.0	0.00692809
10428.0	0.00690845
10429.0	0.0068888
10430.0	0.00686988
10431.0	0.00685023
10432.0	0.00683058
10432.858398	0.00681372
10433.0	0.0068109
10434.0	0.00679098
10435.0	0.00677106
10436.0	0.00675115
10437.0	0.00673193
10438.0	0.00671202
10439.0	0.00669211
10440.0	0.0066722
10441.0	0.00665229
10442.0	0.00663238
10442.861328	0.00661524
10443.0	0.00661248
10444.0	0.00659326
10445.0	0.00657335
10446.0	0.00655345
10447.0	0.00653354
10448.0	0.00651365
10449.0	0.00649375
10450.0	0.00647453
10451.0	0.00645463
10452.0	0.00643473
10452.863281	0.00641756
10453.0	0.00641483
10454.0	0.00639487
10455.0	0.00637492
10456.0	0.00635497
10457.0	0.00633568
10458.0	0.00631573
10459.0	0.00629579
10460.0	0.00627584
10461.0	0.0062559
10462.0	0.00623596
10462.866211	0.00621869
10463.0	0.00621602
10464.0	0.00619672
10465.0	0.00617678
10466.0	0.00615683
10467.0	0.00613689
10468.0	0.00611696
10469.0	0.00609702
10470.0	0.00607709
10471.0	0.00605779
10472.0	0.00603786
10472.869141	0.00602054
10473.0	0.00601793
10474.0	0.00599798
10475.0	0.00597804
10476.0	0.0059581
10477.0	0.00593817
10478.0	0.00591885
10479.0	0.00589892
10480.0	0.00587899
10481.0	0.00585906
10482.0	0.00583913
10482.87207	0.00582175
10483.0	0.00581925
10484.0	0.0057997
10485.0	0.00578075
10486.0	0.00576119
10487.0	0.00574164
10488.0	0.00572209
10489.0	0.00570253
10490.0	0.00568298
10491.0	0.00566342
10492.0	0.00564446
10492.874023	0.00562736
10493.0	0.00562486
10494.0	0.00560501
10495.0	0.00558516
10496.0	0.00556531
10497.0	0.00554546
10498.0	0.00552562
10499.0	0.00550635
10500.0	0.00548651
10501.0	0.00546667
10502.0	0.00544683
10502.876953	0.00542943
10503.0	0.00542698
10504.0	0.00540708
10505.0	0.00538718
10506.0	0.00536784
10507.0	0.00534795
10508.0	0.00532805
10509.0	0.00530817
10510.0	0.00528828
10511.0	0.00526839
10512.0	0.00524851
10512.879883	0.0052315
10513.0	0.00522918
10514.0	0.00520929
10515.0	0.0051894
10516.0	0.00516952
10517.0	0.00514964
10518.0	0.00512977
10519.0	0.00510989
10520.0	0.00509056
10521.0	0.00507069
10522.0	0.00505082
10522.881836	0.0050333
10523.0	0.005031
10524.0	0.00501151
10525.0	0.00499201
10526.0	0.00497252
10527.0	0.00495303
10528.0	0.00493406
10529.0	0.00491456
10530.0	0.00489507
10531.0	0.00487557
10532.0	0.00485608
10532.884766	0.00483883
10533.0	0.00483654
10534.0	0.00481662
10535.0	0.0047972
10536.0	0.00477729
10537.0	0.00475738
10538.0	0.00473747
10539.0	0.00471757
10540.0	0.00469767
10541.0	0.00467778
10542.0	0.00465788
10542.887695	0.00464066
10543.0	0.00463851
10544.0	0.00461885
10545.0	0.0045992
10546.0	0.00457956
10547.0	0.00455991
10548.0	0.00454026
10549.0	0.00452062
10550.0	0.00450145
10551.0	0.00448181
10552.0	0.00446217
10552.890625	0.00444468
10553.0	0.00444252
10554.0	0.00442281
10555.0	0.0044031
10556.0	0.0043834
10557.0	0.0043637
10558.0	0.00434445
10559.0	0.00432475
10560.0	0.00430505
10561.0	0.00428536
10562.0	0.00426566
10562.892578	0.00424809
10563.0	0.00424597
10564.0	0.00422629
10565.0	0.0042066
10566.0	0.00418736
10567.0	0.00416768
10568.0	0.004148
10569.0	0.00412833
10570.0	0.00410865
10571.0	0.00408898
10572.0	0.00406931
10572.896484	0.00405206
10573.0	0.00405007
10574.0	0.00403041
10575.0	0.00401076
10576.0	0.0039911
10577.0	0.00397145
10578.0	0.0039518
10579.0	0.00393216
10580.0	0.00391252
10581.0	0.00389328
10582.0	0.00387364
10582.899414	0.00385598
10583.0	0.00385399
10584.0	0.00383423
10585.0	0.00381448
10586.0	0.00379472
10587.0	0.00377498
10588.0	0.00375523
10589.0	0.00373588
10590.0	0.00371614
10591.0	0.00369641
10592.0	0.00367667
10592.901367	0.00365889
10593.0	0.00365696
10594.0	0.00363741
10595.0	0.00361786
10596.0	0.00359831
10597.0	0.00357913
10598.0	0.00355959
10599.0	0.00354004
10600.0	0.00352049
10601.0	0.00351248
10602.0	0.00350446
10602.904297	0.00349722
10603.0	0.00349644
10604.0	0.00348834
10605.0	0.0034806
10606.0	0.0034725
10607.0	0.0034644
10608.0	0.00345631
10609.0	0.00344821
10610.0	0.00344011
10611.0	0.00343202
10612.0	0.00342393
10612.907227	0.00341691
10613.0	0.0034162
10614.0	0.00340816
10615.0	0.00340013
10616.0	0.0033921
10617.0	0.00338407
10618.0	0.00337603
10619.0	0.003368
10620.0	0.00335997
10621.0	0.00335195
10622.0	0.00334427
10622.910156	0.00333697
10623.0	0.00333623
10624.0	0.0033281
10625.0	0.00331997
10626.0	0.00331184
10627.0	0.00330372
10628.0	0.00329559
10629.0	0.00328747
10630.0	0.00327969
10631.0	0.00327157
10632.0	0.00326345
10632.912109	0.00325605
10633.0	0.00325535
10634.0	0.00324742
10635.0	0.0032395
10636.0	0.00323157
10637.0	0.00322365
10638.0	0.00321572
10639.0	0.00320814
10640.0	0.00320021
10641.0	0.00319229
10642.0	0.00318436
10642.915039	0.00317711
10643.0	0.00317643
10644.0	0.00316839
10645.0	0.00316035
10646.0	0.0031523
10647.0	0.0031446
10648.0	0.00313656
10649.0	0.00312852
10650.0	0.00312048
10651.0	0.00311245
10652.0	0.00310441
10652.917969	0.00309704
10653.0	0.00309637
10654.0	0.00308825
10655.0	0.00308013
10656.0	0.00307234
10657.0	0.00306423
10658.0	0.00305611
10659.0	0.003048
10660.0	0.00303989
10661.0	0.00303178
10662.0	0.00302368
10662.919922	0.00301622
10663.0	0.00301558
10664.0	0.0030076
10665.0	0.00299994
10666.0	0.00299196
10667.0	0.00298398
10668.0	0.002976
10669.0	0.00296802
10670.0	0.00296005
10671.0	0.00295207
10672.0	0.0029441
10672.922852	0.00293674
10673.0	0.00293613
10674.0	0.00292846
10675.0	0.00292049
10676.0	0.00291251
10677.0	0.00290454
10678.0	0.00289657
10679.0	0.0028886
10680.0	0.00288063
10681.0	0.00287266
10682.0	0.00286469
10682.925781	0.0028576
10683.0	0.00285703
10684.0	0.00284901
10685.0	0.00284099
10686.0	0.00283298
10687.0	0.00282496
10688.0	0.00281695
10689.0	0.00280894
10690.0	0.00280093
10691.0	0.00279292
10692.0	0.00278521
10692.928711	0.00277778
10693.0	0.00277721
10694.0	0.00276921
10695.0	0.00276122
10696.0	0.00275323
10697.0	0.00274524
10698.0	0.00273726
10699.0	0.00272927
10700.0	0.00272128
10701.0	0.00271359
10702.0	0.0027056
10702.930664	0.00269818
10703.0	0.00269762
10704.0	0.00268962
10705.0	0.00268163
10706.0	0.00267363
10707.0	0.00266564
10708.0	0.00265765
10709.0	0.00264966
10710.0	0.00264167
10711.0	0.00263396
10712.0	0.00262598
10712.933594	0.00261852
10713.0	0.00261799
10714.0	0.00260998
10715.0	0.00260198
10716.0	0.00259398
10717.0	0.00258597
10718.0	0.00257797
10719.0	0.00256997
10720.0	0.00256225
10721.0	0.00255425
10722.0	0.00254626
10722.936523	0.00253877
10723.0	0.00253827
10724.0	0.00253037
10725.0	0.00252247
10726.0	0.00251457
10727.0	0.00250667
10728.0	0.00249877
10729.0	0.00249087
10730.0	0.00248324
10731.0	0.00247535
10732.0	0.00246745
10732.939453	0.00246004
10733.0	0.00245956
10734.0	0.00245167
10735.0	0.00244378
10736.0	0.00243589
10737.0	0.002428
10738.0	0.00242011
10739.0	0.00241222
10740.0	0.00240459
10741.0	0.0023967
10742.0	0.00238882
10742.942383	0.00238139
10743.0	0.00238093
10744.0	0.00237297
10745.0	0.00236502
10746.0	0.00235706
10747.0	0.00234911
10748.0	0.00234116
10749.0	0.00233321
10750.0	0.00232551
10751.0	0.00231756
10752.0	0.00230961
10752.945312	0.0023021
10753.0	0.00230167
10754.0	0.00229371
10755.0	0.00228575
10756.0	0.0022778
10757.0	0.00226984
10758.0	0.00226189
10759.0	0.00225394
10760.0	0.00224623
10761.0	0.00223828
10762.0	0.00223034
10762.948242	0.0022228
10763.0	0.0022224
10764.0	0.00221456
10765.0	0.00220673
10766.0	0.0021989
10767.0	0.00219107
10768.0	0.00218324
10769.0	0.00217541
10770.0	0.00216758
10771.0	0.00215998
10772.0	0.00215215
10772.950195	0.00214471
10773.0	0.00214432
10774.0	0.00213633
10775.0	0.00212835
10776.0	0.00212037
10777.0	0.00211239
10778.0	0.00210442
10779.0	0.00209644
10780.0	0.00208847
10781.0	0.00208072
10782.0	0.00207276
10782.953125	0.00206516
10783.0	0.0020648
10784.0	0.00205703
10785.0	0.00204925
10786.0	0.00204148
10787.0	0.00203371
10788.0	0.00202594
10789.0	0.00201817
10790.0	0.0020104
10791.0	0.00200263
10792.0	0.00199508
10792.956055	0.00198765
10793.0	0.0019873
10794.0	0.00197938
10795.0	0.00197147
10796.0	0.00196355
10797.0	0.00195563
10798.0	0.00194772
10799.0	0.00193981
10800.0	0.0019319
10801.0	0.00192591
10802.0	0.00191993
10802.958008	0.00191439
10803.0	0.00191415
10804.0	0.00190817
10805.0	0.00190219
10806.0	0.00189621
10807.0	0.00189023
10808.0	0.00188425
10809.0	0.00187827
10810.0	0.0018723
10811.0	0.00186632
10812.0	0.00186035
10812.960938	0.00185461
10813.0	0.00185438
10814.0	0.00184851
10815.0	0.00184284
10816.0	0.00183696
10817.0	0.00183109
10818.0	0.00182522
10819.0	0.00181935
10820.0	0.00181348
10821.0	0.00180761
10822.0	0.00180174
10822.963867	0.00179609
10823.0	0.00179587
10824.0	0.00178992
10825.0	0.00178397
10826.0	0.00177821
10827.0	0.00177225
10828.0	0.0017663
10829.0	0.00176036
10830.0	0.00175441
10831.0	0.00174846
10832.0	0.00174252
10832.966797	0.00173677
10833.0	0.00173657
10834.0	0.00173059
10835.0	0.00172461
10836.0	0.00171863
10837.0	0.00171266
10838.0	0.00170686
10839.0	0.00170089
10840.0	0.00169492
10841.0	0.00168895
10842.0	0.00168298
10842.96875	0.00167719
10843.0	0.00167701
10844.0	0.00167119
10845.0	0.00166537
10846.0	0.00165955
10847.0	0.00165373
10848.0	0.00164791
10849.0	0.00164209
10850.0	0.00163644
10851.0	0.00163063
10852.0	0.00162481
10852.97168	0.00161915
10853.0	0.00161898
10854.0	0.00161304
10855.0	0.0016071
10856.0	0.00160116
10857.0	0.00159521
10858.0	0.00158927
10859.0	0.00158334
10860.0	0.0015774
10861.0	0.00157147
10862.0	0.00156553
10862.974609	0.00155991
10863.0	0.00155977
10864.0	0.0015539
10865.0	0.00154804
10866.0	0.00154217
10867.0	0.00153631
10868.0	0.00153044
10869.0	0.00152458
10870.0	0.00151872
10871.0	0.00151286
10872.0	0.001507
10872.976562	0.00150128
10873.0	0.00150114
10874.0	0.00149524
10875.0	0.00148934
10876.0	0.0014836
10877.0	0.0014777
10878.0	0.00147181
10879.0	0.00146591
10880.0	0.00146002
10881.0	0.00145413
10882.0	0.00144824
10882.980469	0.00144246
10883.0	0.00144235
10884.0	0.00143656
10885.0	0.00143078
10886.0	0.00142499
10887.0	0.00141921
10888.0	0.00141342
10889.0	0.00140779
10890.0	0.001402
10891.0	0.00139622
10892.0	0.00139043
10892.983398	0.00138475
10893.0	0.00138465
10894.0	0.00137873
10895.0	0.00137282
10896.0	0.00136691
10897.0	0.001361
10898.0	0.0013551
10899.0	0.00134919
10900.0	0.00134329
10901.0	0.00133738
10902.0	0.00133163
10902.986328	0.00132581
10903.0	0.00132573
10904.0	0.0013199
10905.0	0.00131407
10906.0	0.00130824
10907.0	0.00130241
10908.0	0.00129658
10909.0	0.00129075
10910.0	0.00128493
10911.0	0.0012791
10912.0	0.00127328
10912.988281	0.00126752
10913.0	0.00126745
10914.0	0.00126156
10915.0	0.00125567
10916.0	0.00124991
10917.0	0.00124402
10918.0	0.00123813
10919.0	0.00123225
10920.0	0.00122636
10921.0	0.00122048
10922.0	0.00121459
10922.991211	0.00120876
10923.0	0.00120871
10924.0	0.00120292
10925.0	0.00119714
10926.0	0.00119135
10927.0	0.00118556
10928.0	0.00117977
10929.0	0.00117399
10930.0	0.0011682
10931.0	0.00116254
10932.0	0.00115675
10932.994141	0.001151
10933.0	0.00115097
10934.0	0.00114516
10935.0	0.00113935
10936.0	0.00113354
10937.0	0.00112774
10938.0	0.00112193
10939.0	0.00111612
10940.0	0.00111032
10941.0	0.00110451
10942.0	0.00109871
10942.996094	0.00109293
10943.0	0.00109291
10944.0	0.00108705
10945.0	0.0010812
10946.0	0.00107547
10947.0	0.00106962
10948.0	0.00106377
10949.0	0.00105792
10950.0	0.00105208
10951.0	0.00104623
10952.0	0.00104039
10952.999023	0.00103455
10953.0	0.00103455
10954.0	0.00102873
10955.0	0.0010229
10956.0	0.00101708
10957.0	0.00101127
10958.0	0.00100545
10959.0	0.000999631
10960.0	0.000993815
10961.0	0.000988109
10962.0	0.000982296
10963.0	0.000976483
10963.001953	0.000976472
10964.0	0.000970666
10965.0	0.000964849
10966.0	0.000959034
10967.0	0.00095322
10968.0	0.000947406
10969.0	0.000941594
10970.0	0.000935783
10971.0	0.000929974
10972.0	0.000924166
10973.0	0.000918358
10973.004883	0.00091833
10974.0	0.000912584
10975.0	0.000906811
10976.0	0.000901038
10977.0	0.000895266
10978.0	0.000889591
10979.0	0.00088382
10980.0	0.000878049
10981.0	0.000872279
10982.0	0.00086651
10983.0	0.000860742
10983.006836	0.000860703
10984.0	0.000854957
10985.0	0.000849173
10986.0	0.000843389
10987.0	0.000837606
10988.0	0.000831825
10989.0	0.000826044
10990.0	0.000820263
10991.0	0.000814468
10992.0	0.000808674
10993.0	0.000802881
10993.009766	0.000802825
10994.0	0.000797111
10995.0	0.000791428
10996.0	0.000785658
10997.0	0.00077989
10998.0	0.000774122
10999.0	0.000768355
11000.0	0.000762588
11003.012695	0.000750935
