6894.0	4.94089e-05
6895.0	5.24437e-05
6896.0	5.54725e-05
6897.0	5.85047e-05
6898.0	6.15356e-05
6899.0	6.45654e-05
6900.0	6.75882e-05
6901.0	7.06154e-05
6901.903809	7.33504e-05
6902.0	7.38158e-05
6903.0	7.86537e-05
6904.0	8.34824e-05
6905.0	8.83161e-05
6906.0	9.31478e-05
6907.0	9.79777e-05
6908.0	0.000102797
6909.0	0.000107623
6910.0	0.000112446
6911.0	0.000117258
6911.90625	0.000121626
6912.0	0.00012218
6913.0	0.000128088
6914.0	0.000133994
6915.0	0.000139886
6916.0	0.000145786
6917.0	0.000151685
6918.0	0.000157581
6919.0	0.000163461
6920.0	0.000169352
6921.0	0.00017524
6921.90918	0.000180592
6922.0	0.000181433
6923.0	0.000190672
6924.0	0.000199924
6925.0	0.000209171
6926.0	0.000218416
6927.0	0.000227636
6928.0	0.000236873
6929.0	0.000246105
6930.0	0.000255334
6931.0	0.000264536
6931.911621	0.000272943
6932.0	0.000274293
6933.0	0.000289575
6934.0	0.000304852
6935.0	0.000320094
6936.0	0.000335357
6937.0	0.000350614
6938.0	0.000365865
6939.0	0.000381077
6940.0	0.000396314
6941.0	0.000411546
6941.914551	0.000425437
6942.0	0.000427557
6943.0	0.000452396
6944.0	0.000477226
6945.0	0.000502045
6946.0	0.00052681
6947.0	0.000551608
6948.0	0.000576396
6949.0	0.000601175
6950.0	0.00062589
6951.0	0.000650647
6951.916992	0.000673341
6952.0	0.00067656
6953.0	0.000715326
6954.0	0.000754011
6955.0	0.000792744
6956.0	0.000831461
6957.0	0.000870163
6958.0	0.000908772
6959.0	0.00094744
6960.0	0.000986094
6961.0	0.00102473
6961.919922	0.00106018
6962.0	0.00106518
6963.0	0.00112765
6964.0	0.0011901
6965.0	0.00125242
6966.0	0.00131481
6967.0	0.00137718
6968.0	0.00143953
6969.0	0.00150172
6970.0	0.00156402
6971.0	0.00162629
6971.922363	0.0016837
6972.0	0.00169166
6973.0	0.00179397
6974.0	0.00189639
6975.0	0.00199878
6976.0	0.00210112
6977.0	0.00220323
6978.0	0.00230548
6979.0	0.0024077
6980.0	0.00250965
6981.0	0.00261178
6981.925293	0.00270624
6982.0	0.00271895
6983.0	0.00288907
6984.0	0.00305886
6985.0	0.00322884
6986.0	0.00339875
6987.0	0.00356859
6988.0	0.00373804
6989.0	0.00390774
6990.0	0.00407737
6991.0	0.00424693
6991.927734	0.00440382
6992.0	0.00442478
6993.0	0.0047151
6994.0	0.0050053
6995.0	0.00529493
6996.0	0.00558488
6997.0	0.00587472
6998.0	0.00616444
6999.0	0.0064535
7000.0	0.00674297
7001.0	0.00703156
7001.930664	0.00729999
7002.0	0.00733338
7003.0	0.00781418
7004.0	0.00829532
7005.0	0.00877617
7006.0	0.00925592
7007.0	0.00973614
7008.0	0.0102161
7009.0	0.0106957
7010.0	0.0111741
7011.0	0.0116531
7011.933105	0.0120998
7012.0	0.0121534
7013.0	0.0129554
7014.0	0.0137557
7015.0	0.0145566
7016.0	0.0153571
7017.0	0.0161556
7018.0	0.016955
7019.0	0.0177539
7020.0	0.0185523
7021.0	0.0193486
7021.936035	0.020095
7022.0	0.0201796
7023.0	0.021502
7024.0	0.0228236
7025.0	0.0241423
7026.0	0.0254622
7027.0	0.0267813
7028.0	0.0280972
7029.0	0.0294145
7030.0	0.0307311
7031.0	0.0320457
7031.938477	0.0332759
7032.0	0.0334026
7033.0	0.0354635
7034.0	0.037523
7035.0	0.0395812
7036.0	0.0416343
7037.0	0.0436894
7038.0	0.0457432
7039.0	0.0477913
7040.0	0.0498421
7041.0	0.0518915
7041.941406	0.0538195
7042.0	0.0539833
7043.0	0.0567733
7044.0	0.0595661
7045.0	0.062357
7046.0	0.0651459
7047.0	0.0679271
7048.0	0.070712
7049.0	0.073495
7050.0	0.0762695
7051.0	0.0790485
7051.943848	0.0816697
7052.0	0.0818658
7053.0	0.0853583
7054.0	0.0888406
7055.0	0.092328
7056.0	0.095813
7057.0	0.0992869
7058.0	0.102767
7059.0	0.106244
7060.0	0.10972
7061.0	0.113182
7061.946777	0.116468
7062.0	0.116667
7063.0	0.120405
7064.0	0.12413
7065.0	0.127862
7066.0	0.131592
7067.0	0.13532
7068.0	0.139032
7069.0	0.142754
7070.0	0.146474
7071.0	0.150178
7071.949219	0.153703
7072.0	0.153865
7073.0	0.157059
7074.0	0.16025
7075.0	0.163425
7076.0	0.166612
7077.0	0.169796
7078.0	0.172978
7079.0	0.176143
7080.0	0.17932
7081.0	0.182496
7081.952148	0.185502
7082.0	0.185608
7083.0	0.187835
7084.0	0.19006
7085.0	0.192284
7086.0	0.19449
7087.0	0.196711
7088.0	0.19893
7089.0	0.20113
7090.0	0.203346
7091.0	0.20556
7091.95459	0.207673
7092.0	0.207735
7093.0	0.20908
7094.0	0.210443
7095.0	0.211804
7096.0	0.213146
7097.0	0.214505
7098.0	0.215864
7099.0	0.217221
7100.0	0.218559
7101.0	0.219915
7101.95752	0.221212
7102.0	0.221242
7103.0	0.221936
7104.0	0.222649
7105.0	0.223361
7106.0	0.224073
7107.0	0.224765
7108.0	0.225476
7109.0	0.226186
7110.0	0.226876
7111.0	0.227585
7111.959961	0.228265
7112.0	0.228277
7113.0	0.228574
7114.0	0.22885
7115.0	0.229147
7116.0	0.229442
7117.0	0.229718
7118.0	0.230013
7119.0	0.230309
7120.0	0.230583
7121.0	0.230878
7121.962891	0.231161
7122.0	0.231164
7123.0	0.231245
7124.0	0.231305
7125.0	0.231385
7126.0	0.231464
7127.0	0.231524
7128.0	0.231604
7129.0	0.231683
7130.0	0.231763
7131.0	0.231822
7131.965332	0.231899
7132.0	0.231898
7133.0	0.231885
7134.0	0.231851
7135.0	0.231837
7136.0	0.231823
7137.0	0.23181
7138.0	0.231776
7139.0	0.231762
7140.0	0.231748
7141.0	0.231714
7141.968262	0.231701
7142.0	0.231698
7143.0	0.231623
7144.0	0.231527
7145.0	0.231451
7146.0	0.231375
7147.0	0.231299
7148.0	0.231204
7149.0	0.231128
7150.0	0.231052
7151.0	0.230957
7151.970703	0.230883
7152.0	0.23088
7153.0	0.230785
7154.0	0.23069
7155.0	0.230575
7156.0	0.23048
7157.0	0.230385
7158.0	0.23027
7159.0	0.230176
7160.0	0.230081
7161.0	0.229966
7161.973633	0.229874
7162.0	0.229871
7163.0	0.229748
7164.0	0.229625
7165.0	0.229482
7166.0	0.229359
7167.0	0.229236
7168.0	0.229093
7169.0	0.228971
7170.0	0.228848
7171.0	0.228706
7171.976074	0.228586
7172.0	0.228583
7173.0	0.228443
7174.0	0.228303
7175.0	0.228144
7176.0	0.228004
7177.0	0.227865
7178.0	0.227706
7179.0	0.227567
7180.0	0.227427
7181.0	0.227268
7181.979004	0.227132
7182.0	0.227129
7183.0	0.226964
7184.0	0.2268
7185.0	0.226616
7186.0	0.226452
7187.0	0.226288
7188.0	0.226105
7189.0	0.225941
7190.0	0.225777
7191.0	0.225594
7191.981934	0.225433
7192.0	0.22543
7193.0	0.225262
7194.0	0.225094
7195.0	0.224907
7196.0	0.22474
7197.0	0.224572
7198.0	0.224385
7199.0	0.224218
7200.0	0.22405
7201.0	0.223864
7201.984375	0.223699
7202.0	0.223697
7203.0	0.223524
7204.0	0.223331
7205.0	0.223158
7206.0	0.222985
7207.0	0.222812
7208.0	0.22262
7209.0	0.222447
7210.0	0.222274
7211.0	0.222082
7211.987305	0.221912
7212.0	0.22191
7213.0	0.221753
7214.0	0.221576
7215.0	0.221419
7216.0	0.221262
7217.0	0.221105
7218.0	0.220929
7219.0	0.220772
7220.0	0.220615
7221.0	0.220439
7221.989746	0.220284
7222.0	0.220282
7223.0	0.220124
7224.0	0.219947
7225.0	0.219788
7226.0	0.21963
7227.0	0.219453
7228.0	0.219295
7229.0	0.219137
7230.0	0.21898
7231.0	0.218794
7231.992676	0.218629
7232.0	0.218628
7233.0	0.218502
7234.0	0.218357
7235.0	0.218231
7236.0	0.218105
7237.0	0.21796
7238.0	0.217835
7239.0	0.217709
7240.0	0.217564
7241.0	0.217439
7241.995117	0.217314
7242.0	0.217313
7243.0	0.217193
7244.0	0.217092
7245.0	0.216991
7246.0	0.216889
7247.0	0.216769
7248.0	0.216668
7249.0	0.216567
7250.0	0.216447
7251.0	0.216346
7251.998047	0.216245
7252.0	0.216245
7253.0	0.21617
7254.0	0.216113
7255.0	0.216057
7256.0	0.215981
7257.0	0.215925
7258.0	0.215868
7259.0	0.215793
7260.0	0.215736
7261.0	0.21568
7262.0	0.215623
7262.000488	0.215623
7263.0	0.215554
7264.0	0.215504
7265.0	0.215453
7266.0	0.215384
7267.0	0.215334
7268.0	0.215283
7269.0	0.215214
7270.0	0.215164
7271.0	0.215113
7272.0	0.215044
7272.003418	0.215044
7273.0	0.215043
7274.0	0.215042
7275.0	0.215022
7276.0	0.215021
7277.0	0.21502
7278.0	0.215
7279.0	0.214999
7280.0	0.214998
7281.0	0.214996
7282.0	0.214976
7282.005859	0.214976
7283.0	0.214982
7284.0	0.214987
7285.0	0.214974
7286.0	0.214979
7287.0	0.214984
7288.0	0.214971
7289.0	0.214976
7290.0	0.214981
7291.0	0.214967
7292.0	0.214972
7292.008789	0.214972
7293.0	0.215011
7294.0	0.215031
7295.0	0.21507
7296.0	0.215109
7297.0	0.215129
7298.0	0.215168
7299.0	0.215206
7300.0	0.215226
7301.0	0.215265
7302.0	0.215303
7302.01123	0.215304
7303.0	0.215341
7304.0	0.215359
7305.0	0.215396
7306.0	0.215433
7307.0	0.215452
7308.0	0.215489
7309.0	0.215526
7310.0	0.215544
7311.0	0.215581
7312.0	0.215617
7312.01416	0.215618
7313.0	0.215653
7314.0	0.215707
7315.0	0.215762
7316.0	0.215797
7317.0	0.215851
7318.0	0.215905
7319.0	0.21594
7320.0	0.215994
7321.0	0.216048
7322.0	0.216083
7322.016602	0.216084
7323.0	0.216137
7324.0	0.216191
7325.0	0.216226
7326.0	0.21628
7327.0	0.216334
7328.0	0.216369
7329.0	0.216422
7330.0	0.216476
7331.0	0.21651
7332.0	0.216564
7332.019531	0.216565
7333.0	0.216606
7334.0	0.216629
7335.0	0.21667
7336.0	0.216712
7337.0	0.216734
7338.0	0.216775
7339.0	0.216816
7340.0	0.216858
7341.0	0.21688
7342.0	0.216921
7342.021973	0.216922
7343.0	0.216966
7344.0	0.216991
7345.0	0.217036
7346.0	0.217081
7347.0	0.217106
7348.0	0.217151
7349.0	0.217195
7350.0	0.21722
7351.0	0.217265
7352.0	0.217309
7352.024902	0.217309
7353.0	0.217298
7354.0	0.217305
7355.0	0.217312
7356.0	0.217301
7357.0	0.217308
7358.0	0.217315
7359.0	0.217303
7360.0	0.21731
7361.0	0.217317
7362.0	0.217305
7362.027344	0.217305
7363.0	0.217298
7364.0	0.217291
7365.0	0.217265
7366.0	0.217257
7367.0	0.21725
7368.0	0.217223
7369.0	0.217216
7370.0	0.217208
7371.0	0.217182
7372.0	0.217174
7372.030273	0.217174
7373.0	0.217131
7374.0	0.217068
7375.0	0.217024
7376.0	0.21698
7377.0	0.216917
7378.0	0.216873
7379.0	0.216829
7380.0	0.216766
7381.0	0.216722
7382.0	0.216678
7382.032715	0.216676
7383.0	0.216599
7384.0	0.21654
7385.0	0.21648
7386.0	0.216401
7387.0	0.216342
7388.0	0.216282
7389.0	0.216203
7390.0	0.216143
7391.0	0.216084
7392.0	0.216005
7392.035645	0.216003
7393.0	0.215936
7394.0	0.215865
7395.0	0.215776
7396.0	0.215706
7397.0	0.215636
7398.0	0.215547
7399.0	0.215477
7400.0	0.215407
7401.0	0.215318
7402.0	0.215248
7402.038086	0.215246
7403.0	0.215121
7404.0	0.214973
7405.0	0.214843
7406.0	0.214714
7407.0	0.214565
7408.0	0.214436
7409.0	0.214307
7410.0	0.214159
7411.0	0.21403
7412.0	0.213882
7412.041016	0.213877
7413.0	0.213756
7414.0	0.213631
7415.0	0.213487
7416.0	0.213362
7417.0	0.213236
7418.0	0.213093
7419.0	0.212968
7420.0	0.212842
7421.0	0.212699
7422.0	0.212574
7422.043457	0.212569
7423.0	0.212417
7424.0	0.212241
7425.0	0.212083
7426.0	0.211925
7427.0	0.211749
7428.0	0.211591
7429.0	0.211434
7430.0	0.211258
7431.0	0.211112
7432.0	0.210965
7432.046387	0.210958
7433.0	0.2108
7434.0	0.210653
7435.0	0.210506
7436.0	0.210341
7437.0	0.210195
7438.0	0.210048
7439.0	0.209883
7440.0	0.209737
7441.0	0.209591
7442.0	0.209426
7442.049316	0.209419
7443.0	0.209274
7444.0	0.209122
7445.0	0.208951
7446.0	0.208799
7447.0	0.208647
7448.0	0.208477
7449.0	0.208325
7450.0	0.208155
7451.0	0.208003
7452.0	0.207851
7452.051758	0.207843
7453.0	0.207683
7454.0	0.207533
7455.0	0.207383
7456.0	0.207215
7457.0	0.207066
7458.0	0.206916
7459.0	0.206748
7460.0	0.206599
7461.0	0.20645
7462.0	0.206282
7462.054688	0.206274
7463.0	0.206134
7464.0	0.205986
7465.0	0.20582
7466.0	0.205673
7467.0	0.205525
7468.0	0.205359
7469.0	0.205212
7470.0	0.205064
7471.0	0.204899
7472.0	0.204752
7472.057129	0.204742
7473.0	0.204581
7474.0	0.204428
7475.0	0.204275
7476.0	0.204104
7477.0	0.203951
7478.0	0.203798
7479.0	0.203628
7480.0	0.203475
7481.0	0.203323
7482.0	0.203152
7482.060059	0.203143
7483.0	0.20305
7484.0	0.202951
7485.0	0.202834
7486.0	0.202736
7487.0	0.202637
7488.0	0.20252
7489.0	0.202421
7490.0	0.202305
7491.0	0.202206
7492.0	0.202108
7492.0625	0.202101
7493.0	0.201985
7494.0	0.20188
7495.0	0.201774
7496.0	0.201651
7497.0	0.201545
7498.0	0.20144
7499.0	0.201317
7500.0	0.201211
7501.0	0.2011
7502.0	0.20097
7502.06543	0.200963
7503.0	0.200899
7504.0	0.20083
7505.0	0.200744
7506.0	0.200676
7507.0	0.20059
7508.0	0.200522
7509.0	0.200454
7510.0	0.200368
7511.0	0.2003
7512.0	0.200232
7512.067871	0.200226
7513.0	0.200143
7514.0	0.200071
7515.0	0.199999
7516.0	0.199909
7517.0	0.199837
7518.0	0.199765
7519.0	0.199676
7520.0	0.199604
7521.0	0.199515
7522.0	0.199443
7522.070801	0.199438
7523.0	0.199399
7524.0	0.19934
7525.0	0.199299
7526.0	0.199257
7527.0	0.199198
7528.0	0.199157
7529.0	0.199115
7530.0	0.199056
7531.0	0.199015
7532.0	0.198973
7532.073242	0.198969
7533.0	0.198927
7534.0	0.198899
7535.0	0.198853
7536.0	0.198825
7537.0	0.198797
7538.0	0.198752
7539.0	0.198724
7540.0	0.198695
7541.0	0.19865
7542.0	0.198622
7542.076172	0.19862
7543.0	0.198615
7544.0	0.198593
7545.0	0.198588
7546.0	0.198565
7547.0	0.19856
7548.0	0.198555
7549.0	0.198533
7550.0	0.198528
7551.0	0.198522
7552.0	0.1985
7552.078613	0.198499
7553.0	0.198513
7554.0	0.198527
7555.0	0.198524
7556.0	0.198539
7557.0	0.198536
7558.0	0.19855
7559.0	0.198564
7560.0	0.198561
7561.0	0.198575
7562.0	0.19859
7562.081543	0.198589
7563.0	0.198593
7564.0	0.198615
7565.0	0.198636
7566.0	0.19864
7567.0	0.198661
7568.0	0.198665
7569.0	0.198686
7570.0	0.198708
7571.0	0.198711
7572.0	0.198732
7572.083984	0.198734
7573.0	0.198744
7574.0	0.198736
7575.0	0.198747
7576.0	0.198757
7577.0	0.19875
7578.0	0.19876
7579.0	0.198752
7580.0	0.198762
7581.0	0.198772
7582.0	0.198765
7582.086914	0.198765
7583.0	0.198799
7584.0	0.198835
7585.0	0.198853
7586.0	0.198889
7587.0	0.198907
7588.0	0.198943
7589.0	0.198979
7590.0	0.198997
7591.0	0.199033
7592.0	0.199068
7592.089844	0.19907
7593.0	0.199043
7594.0	0.199032
7595.0	0.19902
7596.0	0.198991
7597.0	0.19898
7598.0	0.19895
7599.0	0.198939
7600.0	0.198927
7601.0	0.198898
7602.0	0.198886
7602.092285	0.198885
7603.0	0.198903
7604.0	0.198906
7605.0	0.198925
7606.0	0.198928
7607.0	0.198948
7608.0	0.198967
7609.0	0.198969
7610.0	0.198989
7611.0	0.199009
7612.0	0.199011
7612.095215	0.199012
7613.0	0.198992
7614.0	0.198952
7615.0	0.19893
7616.0	0.198908
7617.0	0.198868
7618.0	0.198845
7619.0	0.198823
7620.0	0.198783
7621.0	0.19876
7622.0	0.19872
7622.097656	0.198718
7623.0	0.198677
7624.0	0.198631
7625.0	0.198567
7626.0	0.198522
7627.0	0.198476
7628.0	0.198413
7629.0	0.198367
7630.0	0.198303
7631.0	0.198235
7632.0	0.198168
7632.100586	0.198159
7633.0	0.19807
7634.0	0.19799
7635.0	0.197909
7636.0	0.197811
7637.0	0.19773
7638.0	0.197632
7639.0	0.197551
7640.0	0.19747
7641.0	0.197372
7642.0	0.197291
7642.103027	0.197283
7643.0	0.197188
7644.0	0.197064
7645.0	0.196958
7646.0	0.196835
7647.0	0.196729
7648.0	0.196623
7649.0	0.1965
7650.0	0.196394
7651.0	0.196288
7652.0	0.196165
7652.105957	0.196154
7653.0	0.196041
7654.0	0.195898
7655.0	0.195772
7656.0	0.195646
7657.0	0.195503
7658.0	0.195377
7659.0	0.195234
7660.0	0.195108
7661.0	0.194982
7662.0	0.19484
7662.108398	0.194826
7663.0	0.19471
7664.0	0.19458
7665.0	0.194433
7666.0	0.194303
7667.0	0.194156
7668.0	0.194026
7669.0	0.193897
7670.0	0.19375
7671.0	0.193621
7672.0	0.193491
7672.111328	0.193475
7673.0	0.193319
7674.0	0.193161
7675.0	0.192986
7676.0	0.192829
7677.0	0.192671
7678.0	0.192496
7679.0	0.192339
7680.0	0.192165
7681.0	0.192007
7682.0	0.19185
7682.11377	0.19183
7683.0	0.19167
7684.0	0.191507
7685.0	0.191343
7686.0	0.191163
7687.0	0.191
7688.0	0.19082
7689.0	0.190657
7690.0	0.190494
7691.0	0.190315
7692.0	0.190152
7692.116699	0.190131
7693.0	0.189977
7694.0	0.18982
7695.0	0.189663
7696.0	0.18949
7697.0	0.189333
7698.0	0.189159
7699.0	0.189003
7700.0	0.188846
7701.0	0.188673
7702.0	0.188517
7702.119141	0.188498
7703.0	0.188349
7704.0	0.188163
7705.0	0.187994
7706.0	0.187808
7707.0	0.187639
7708.0	0.18747
7709.0	0.187285
7710.0	0.187117
7711.0	0.186932
7712.0	0.186763
7712.12207	0.186743
7713.0	0.186602
7714.0	0.186425
7715.0	0.186265
7716.0	0.186088
7717.0	0.185928
7718.0	0.185768
7719.0	0.185592
7720.0	0.185432
7721.0	0.185273
7722.0	0.185097
7722.124512	0.185077
7723.0	0.184941
7724.0	0.18477
7725.0	0.184616
7726.0	0.184461
7727.0	0.18429
7728.0	0.184136
7729.0	0.183965
7730.0	0.183811
7731.0	0.183657
7732.0	0.183487
7732.127441	0.183467
7733.0	0.183335
7734.0	0.183166
7735.0	0.183015
7736.0	0.182863
7737.0	0.182695
7738.0	0.182544
7739.0	0.182376
7740.0	0.182225
7741.0	0.182073
7742.0	0.181906
7742.129883	0.181887
7743.0	0.181771
7744.0	0.181622
7745.0	0.18149
7746.0	0.181357
7747.0	0.181208
7748.0	0.181076
7749.0	0.180928
7750.0	0.180795
7751.0	0.180663
7752.0	0.180515
7752.132812	0.180498
7753.0	0.180397
7754.0	0.180266
7755.0	0.180151
7756.0	0.180036
7757.0	0.179904
7758.0	0.179789
7759.0	0.179674
7760.0	0.179543
7761.0	0.179428
7762.0	0.179297
7762.135254	0.179282
7763.0	0.179188
7764.0	0.179081
7765.0	0.178957
7766.0	0.178849
7767.0	0.178725
7768.0	0.178618
7769.0	0.17851
7770.0	0.178386
7771.0	0.178279
7772.0	0.178155
7772.138184	0.178141
7773.0	0.178071
7774.0	0.177991
7775.0	0.177895
7776.0	0.177814
7777.0	0.177718
7778.0	0.177638
7779.0	0.177558
7780.0	0.177462
7781.0	0.177382
7782.0	0.177286
7782.140625	0.177274
7783.0	0.177188
7784.0	0.177088
7785.0	0.176972
7786.0	0.176872
7787.0	0.176757
7788.0	0.176657
7789.0	0.176541
7790.0	0.176442
7791.0	0.176342
7792.0	0.176226
7792.143555	0.176212
7793.0	0.176163
7794.0	0.176089
7795.0	0.176031
7796.0	0.175974
7797.0	0.1759
7798.0	0.175842
7799.0	0.175769
7800.0	0.175711
7801.0	0.175653
7802.0	0.17558
7802.145996	0.175571
7803.0	0.17551
7804.0	0.175423
7805.0	0.175352
7806.0	0.17528
7807.0	0.175193
7808.0	0.175122
7809.0	0.175035
7810.0	0.174963
7811.0	0.174892
7812.0	0.174805
7812.148926	0.174794
7813.0	0.174771
7814.0	0.174729
7815.0	0.174702
7816.0	0.174675
7817.0	0.174632
7818.0	0.174605
7819.0	0.174563
7820.0	0.174536
7821.0	0.174508
7822.0	0.174466
7822.151367	0.174462
7823.0	0.174421
7824.0	0.174357
7825.0	0.174309
7826.0	0.174245
7827.0	0.174197
7828.0	0.174149
7829.0	0.174085
7830.0	0.174037
7831.0	0.17399
7832.0	0.173958
7832.154297	0.173953
7833.0	0.173924
7834.0	0.173875
7835.0	0.173841
7836.0	0.173792
7837.0	0.173758
7838.0	0.173724
7839.0	0.173675
7840.0	0.173641
7841.0	0.173591
7842.0	0.173557
7842.157227	0.17355
7843.0	0.173514
7844.0	0.173487
7845.0	0.17346
7846.0	0.173417
7847.0	0.17339
7848.0	0.173348
7849.0	0.173321
7850.0	0.173294
7851.0	0.173251
7852.0	0.173224
7852.159668	0.173217
7853.0	0.173171
7854.0	0.173131
7855.0	0.173091
7856.0	0.173036
7857.0	0.172996
7858.0	0.172941
7859.0	0.172901
7860.0	0.172846
7861.0	0.172806
7862.0	0.172766
7862.162598	0.172757
7863.0	0.172732
7864.0	0.172718
7865.0	0.172688
7866.0	0.172673
7867.0	0.172659
7868.0	0.172629
7869.0	0.172614
7870.0	0.172584
7871.0	0.172569
7872.0	0.172539
7872.165039	0.172537
7873.0	0.172492
7874.0	0.172438
7875.0	0.172369
7876.0	0.172315
7877.0	0.172245
7878.0	0.172192
7879.0	0.172138
7880.0	0.172068
7881.0	0.172014
7882.0	0.171945
7882.167969	0.171936
7883.0	0.171908
7884.0	0.171858
7885.0	0.171824
7886.0	0.17179
7887.0	0.17174
7888.0	0.171706
7889.0	0.171656
7890.0	0.171622
7891.0	0.171572
7892.0	0.171538
7892.17041	0.171532
7893.0	0.171482
7894.0	0.171407
7895.0	0.171347
7896.0	0.171272
7897.0	0.171212
7898.0	0.171152
7899.0	0.171077
7900.0	0.171017
7901.0	0.170942
7902.0	0.170882
7902.17334	0.170869
7903.0	0.170795
7904.0	0.17072
7905.0	0.170646
7906.0	0.170557
7907.0	0.170482
7908.0	0.170393
7909.0	0.170319
7910.0	0.17023
7911.0	0.170156
7912.0	0.170081
7912.175781	0.170066
7913.0	0.17001
7914.0	0.169958
7915.0	0.169891
7916.0	0.169838
7917.0	0.169786
7918.0	0.169719
7919.0	0.169667
7920.0	0.169599
7921.0	0.169547
7922.0	0.16948
7922.178711	0.169471
7923.0	0.169408
7924.0	0.169332
7925.0	0.169241
7926.0	0.169165
7927.0	0.169074
7928.0	0.168998
7929.0	0.168907
7930.0	0.168831
7931.0	0.168755
7932.0	0.168664
7932.181152	0.16865
7933.0	0.168599
7934.0	0.168522
7935.0	0.168459
7936.0	0.168382
7937.0	0.16832
7938.0	0.168257
7939.0	0.16818
7940.0	0.168117
7941.0	0.16804
7942.0	0.167978
7942.184082	0.167964
7943.0	0.167888
7944.0	0.167809
7945.0	0.167731
7946.0	0.167638
7947.0	0.167559
7948.0	0.167466
7949.0	0.167388
7950.0	0.167295
7951.0	0.167216
7952.0	0.167138
7952.186523	0.167121
7953.0	0.167055
7954.0	0.166988
7955.0	0.166907
7956.0	0.16684
7957.0	0.166759
7958.0	0.166692
7959.0	0.166625
7960.0	0.166544
7961.0	0.166477
7962.0	0.166396
7962.189453	0.166384
7963.0	0.16633
7964.0	0.166248
7965.0	0.166182
7966.0	0.166115
7967.0	0.166034
7968.0	0.165968
7969.0	0.165886
7970.0	0.16582
7971.0	0.165739
7972.0	0.165673
7972.191895	0.165657
7973.0	0.165599
7974.0	0.165542
7975.0	0.165485
7976.0	0.165413
7977.0	0.165356
7978.0	0.165284
7979.0	0.165227
7980.0	0.165155
7981.0	0.165099
7982.0	0.165043
7982.194824	0.165029
7983.0	0.164963
7984.0	0.164896
7985.0	0.164813
7986.0	0.164746
7987.0	0.164663
7988.0	0.164596
7989.0	0.164528
7990.0	0.164446
7991.0	0.164382
7992.0	0.164302
7992.197754	0.164289
7993.0	0.164237
7994.0	0.164157
7995.0	0.164092
7996.0	0.164013
7997.0	0.163948
7998.0	0.163883
7999.0	0.163803
8000.0	0.163738
8001.0	0.163643
8002.0	0.163564
8002.200195	0.163545
8003.0	0.163485
8004.0	0.163424
8005.0	0.163349
8006.0	0.163289
8007.0	0.163228
8008.0	0.163153
8009.0	0.163093
8010.0	0.163018
8011.0	0.16296
8012.0	0.162887
8012.203125	0.162875
8013.0	0.162831
8014.0	0.162776
8015.0	0.162707
8016.0	0.162652
8017.0	0.162582
8018.0	0.162527
8019.0	0.162458
8020.0	0.162403
8021.0	0.162334
8022.0	0.16228
8022.205566	0.162269
8023.0	0.162219
8024.0	0.16214
8025.0	0.162077
8026.0	0.161999
8027.0	0.161935
8028.0	0.161857
8029.0	0.161793
8030.0	0.161715
8031.0	0.161653
8032.0	0.161592
8032.208496	0.161576
8033.0	0.161534
8034.0	0.161494
8035.0	0.161441
8036.0	0.161401
8037.0	0.161348
8038.0	0.161308
8039.0	0.161255
8040.0	0.161215
8041.0	0.161176
8042.0	0.161122
8042.210938	0.161114
8043.0	0.161053
8044.0	0.160961
8045.0	0.160883
8046.0	0.160791
8047.0	0.160713
8048.0	0.160621
8049.0	0.160543
8050.0	0.160466
8051.0	0.160374
8052.0	0.160296
8052.213867	0.160276
8053.0	0.160236
8054.0	0.1602
8055.0	0.160149
8056.0	0.160112
8057.0	0.160061
8058.0	0.160024
8059.0	0.159987
8060.0	0.159936
8061.0	0.159899
8062.0	0.159848
8062.216309	0.15984
8063.0	0.159781
8064.0	0.15969
8065.0	0.159614
8066.0	0.159524
8067.0	0.159448
8068.0	0.159357
8069.0	0.159281
8070.0	0.159205
8071.0	0.159115
8072.0	0.159039
8072.219238	0.159019
8073.0	0.158953
8074.0	0.158882
8075.0	0.158797
8076.0	0.158726
8077.0	0.158641
8078.0	0.158571
8079.0	0.1585
8080.0	0.158415
8081.0	0.158344
8082.0	0.158259
8082.22168	0.158244
8083.0	0.158183
8084.0	0.158091
8085.0	0.158013
8086.0	0.15792
8087.0	0.157842
8088.0	0.15775
8089.0	0.157672
8090.0	0.157594
8091.0	0.157502
8092.0	0.157423
8092.224609	0.157403
8093.0	0.157317
8094.0	0.15722
8095.0	0.157109
8096.0	0.157012
8097.0	0.156902
8098.0	0.156805
8099.0	0.156694
8100.0	0.156598
8101.0	0.156501
8102.0	0.156391
8102.227539	0.156369
8103.0	0.156295
8104.0	0.156185
8105.0	0.156089
8106.0	0.155979
8107.0	0.155883
8108.0	0.155773
8109.0	0.155677
8110.0	0.155568
8111.0	0.155472
8112.0	0.155376
8112.22998	0.155351
8113.0	0.155257
8114.0	0.155148
8115.0	0.155025
8116.0	0.154917
8117.0	0.154794
8118.0	0.154686
8119.0	0.154564
8120.0	0.154455
8121.0	0.154333
8122.0	0.154225
8122.23291	0.154196
8123.0	0.154093
8124.0	0.153972
8125.0	0.153852
8126.0	0.153717
8127.0	0.153596
8128.0	0.153462
8129.0	0.153342
8130.0	0.153207
8131.0	0.153087
8132.0	0.152953
8132.235352	0.152925
8133.0	0.152818
8134.0	0.152666
8135.0	0.152527
8136.0	0.152375
8137.0	0.152236
8138.0	0.152098
8139.0	0.151946
8140.0	0.151807
8141.0	0.151655
8142.0	0.151517
8142.238281	0.151481
8143.0	0.15137
8144.0	0.151239
8145.0	0.151094
8146.0	0.150963
8147.0	0.150818
8148.0	0.150686
8149.0	0.150542
8150.0	0.150411
8151.0	0.15028
8152.0	0.150135
8152.240723	0.150104
8153.0	0.15001
8154.0	0.149873
8155.0	0.14975
8156.0	0.149613
8157.0	0.14949
8158.0	0.149354
8159.0	0.149231
8160.0	0.149094
8161.0	0.148972
8162.0	0.148835
8162.243652	0.148805
8163.0	0.14869
8164.0	0.148524
8165.0	0.148372
8166.0	0.148219
8167.0	0.148054
8168.0	0.147901
8169.0	0.147736
8170.0	0.147584
8171.0	0.147419
8172.0	0.147267
8172.246094	0.147226
8173.0	0.147103
8174.0	0.146952
8175.0	0.146789
8176.0	0.146639
8177.0	0.146475
8178.0	0.146325
8179.0	0.146162
8180.0	0.146012
8181.0	0.145863
8182.0	0.1457
8182.249023	0.145662
8183.0	0.14556
8184.0	0.145412
8185.0	0.145276
8186.0	0.145127
8187.0	0.144991
8188.0	0.144843
8189.0	0.144707
8190.0	0.144559
8191.0	0.144424
8192.0	0.144276
8192.251953	0.144242
8193.0	0.144137
8194.0	0.143983
8195.0	0.143843
8196.0	0.14369
8197.0	0.14355
8198.0	0.14341
8199.0	0.143257
8200.0	0.143117
8201.0	0.142967
8202.0	0.142829
8202.253906	0.142791
8203.0	0.142688
8204.0	0.142562
8205.0	0.142424
8206.0	0.142299
8207.0	0.142161
8208.0	0.142036
8209.0	0.141898
8210.0	0.141773
8211.0	0.141636
8212.0	0.141511
8212.256836	0.141476
8213.0	0.141372
8214.0	0.141246
8215.0	0.141107
8216.0	0.140981
8217.0	0.140855
8218.0	0.140717
8219.0	0.140591
8220.0	0.140452
8221.0	0.140327
8222.0	0.140188
8222.259766	0.140156
8223.0	0.140075
8224.0	0.139954
8225.0	0.139845
8226.0	0.139724
8227.0	0.139616
8228.0	0.139495
8229.0	0.139386
8230.0	0.139265
8231.0	0.139165
8232.0	0.139053
8232.262695	0.139026
8233.0	0.138959
8234.0	0.138855
8235.0	0.138763
8236.0	0.138659
8237.0	0.138567
8238.0	0.138476
8239.0	0.138372
8240.0	0.13828
8241.0	0.138177
8242.0	0.138085
8242.264648	0.138058
8243.0	0.138001
8244.0	0.137935
8245.0	0.137857
8246.0	0.137792
8247.0	0.137714
8248.0	0.137649
8249.0	0.137571
8250.0	0.137506
8251.0	0.137428
8252.0	0.137363
8252.267578	0.137342
8253.0	0.137284
8254.0	0.137218
8255.0	0.137139
8256.0	0.137073
8257.0	0.136994
8258.0	0.136928
8259.0	0.136849
8260.0	0.136783
8261.0	0.136704
8262.0	0.136638
8262.270508	0.13662
8263.0	0.136578
8264.0	0.136507
8265.0	0.136449
8266.0	0.136379
8267.0	0.13632
8268.0	0.13625
8269.0	0.136192
8270.0	0.136121
8271.0	0.136063
8272.0	0.135993
8272.273438	0.135977
8273.0	0.135951
8274.0	0.135904
8275.0	0.135869
8276.0	0.135822
8277.0	0.135786
8278.0	0.135739
8279.0	0.135704
8280.0	0.135656
8281.0	0.135621
8282.0	0.135573
8282.276367	0.135564
8283.0	0.135539
8284.0	0.135492
8285.0	0.135457
8286.0	0.13541
8287.0	0.135375
8288.0	0.135328
8289.0	0.135293
8290.0	0.135245
8291.0	0.13521
8292.0	0.135163
8292.27832	0.135153
8293.0	0.135151
8294.0	0.135136
8295.0	0.135133
8296.0	0.135118
8297.0	0.135115
8298.0	0.135099
8299.0	0.135096
8300.0	0.135093
8301.0	0.135077
8302.0	0.135074
8302.28125	0.13507
8303.0	0.135043
8304.0	0.135018
8305.0	0.134981
8306.0	0.134957
8307.0	0.134919
8308.0	0.134895
8309.0	0.134857
8310.0	0.134833
8311.0	0.134795
8312.0	0.13477
8312.28418	0.13476
8313.0	0.13475
8314.0	0.134749
8315.0	0.134736
8316.0	0.134735
8317.0	0.134722
8318.0	0.134721
8319.0	0.134707
8320.0	0.134706
8321.0	0.134692
8322.0	0.134691
8322.287109	0.134687
8323.0	0.134682
8324.0	0.134688
8325.0	0.134682
8326.0	0.134687
8327.0	0.134681
8328.0	0.134686
8329.0	0.13468
8330.0	0.134685
8331.0	0.134678
8332.0	0.134684
8332.289062	0.134682
8333.0	0.134682
8334.0	0.134695
8335.0	0.134696
8336.0	0.134709
8337.0	0.13471
8338.0	0.134723
8339.0	0.134723
8340.0	0.134736
8341.0	0.134737
8342.0	0.134749
8342.291992	0.134749
8343.0	0.134744
8344.0	0.134748
8345.0	0.13474
8346.0	0.134744
8347.0	0.134736
8348.0	0.13474
8349.0	0.134732
8350.0	0.134736
8351.0	0.134727
8352.0	0.134731
8352.294922	0.134729
8353.0	0.134718
8354.0	0.134715
8355.0	0.1347
8356.0	0.134697
8357.0	0.134681
8358.0	0.134678
8359.0	0.134663
8360.0	0.13466
8361.0	0.134644
8362.0	0.134641
8362.297852	0.134636
8363.0	0.134628
8364.0	0.134628
8365.0	0.134616
8366.0	0.134617
8367.0	0.134605
8368.0	0.134605
8369.0	0.134593
8370.0	0.134593
8371.0	0.13458
8372.0	0.13458
8372.299805	0.134577
8373.0	0.134569
8374.0	0.13457
8375.0	0.134559
8376.0	0.13456
8377.0	0.134549
8378.0	0.13455
8379.0	0.134539
8380.0	0.13454
8381.0	0.134529
8382.0	0.134529
8382.302734	0.134526
8383.0	0.134509
8384.0	0.134497
8385.0	0.134473
8386.0	0.134461
8387.0	0.134436
8388.0	0.134424
8389.0	0.1344
8390.0	0.134387
8391.0	0.134363
8392.0	0.13435
8392.305664	0.134343
8393.0	0.134321
8394.0	0.134303
8395.0	0.134272
8396.0	0.134254
8397.0	0.134223
8398.0	0.134204
8399.0	0.134173
8400.0	0.134154
8401.0	0.134133
8402.0	0.134124
8402.308594	0.134117
8403.0	0.134084
8404.0	0.134049
8405.0	0.134002
8406.0	0.133966
8407.0	0.133919
8408.0	0.133884
8409.0	0.133836
8410.0	0.133801
8411.0	0.133753
8412.0	0.133718
8412.310547	0.133703
8413.0	0.133674
8414.0	0.133645
8415.0	0.133603
8416.0	0.133574
8417.0	0.133532
8418.0	0.133503
8419.0	0.133461
8420.0	0.133432
8421.0	0.13339
8422.0	0.133361
8422.313477	0.133348
8423.0	0.133304
8424.0	0.133253
8425.0	0.133189
8426.0	0.133138
8427.0	0.133075
8428.0	0.133023
8429.0	0.13296
8430.0	0.132908
8431.0	0.132857
8432.0	0.132806
8432.316406	0.132794
8433.0	0.13276
8434.0	0.132699
8435.0	0.13265
8436.0	0.132589
8437.0	0.13254
8438.0	0.132479
8439.0	0.13243
8440.0	0.132369
8441.0	0.13232
8442.0	0.132258
8442.319336	0.132243
8443.0	0.132196
8444.0	0.132115
8445.0	0.132045
8446.0	0.131964
8447.0	0.131895
8448.0	0.131814
8449.0	0.131745
8450.0	0.131663
8451.0	0.131594
8452.0	0.131513
8452.322266	0.131491
8453.0	0.131452
8454.0	0.131383
8455.0	0.131326
8456.0	0.131257
8457.0	0.1312
8458.0	0.13113
8459.0	0.131073
8460.0	0.131004
8461.0	0.130947
8462.0	0.130878
8462.324219	0.130859
8463.0	0.130819
8464.0	0.130749
8465.0	0.13069
8466.0	0.130619
8467.0	0.130548
8468.0	0.130489
8469.0	0.130419
8470.0	0.13036
8471.0	0.130289
8472.0	0.13023
8472.327148	0.130207
8473.0	0.130145
8474.0	0.130065
8475.0	0.129973
8476.0	0.129893
8477.0	0.129801
8478.0	0.129721
8479.0	0.12963
8480.0	0.12955
8481.0	0.129458
8482.0	0.129378
8482.330078	0.129348
8483.0	0.129191
8484.0	0.128969
8485.0	0.128735
8486.0	0.128513
8487.0	0.128279
8488.0	0.128057
8489.0	0.127824
8490.0	0.127602
8491.0	0.127369
8492.0	0.127136
8492.333008	0.127063
8493.0	0.127003
8494.0	0.126901
8495.0	0.126811
8496.0	0.126709
8497.0	0.126619
8498.0	0.126518
8499.0	0.126428
8500.0	0.126326
8501.0	0.126221
8502.0	0.126104
8502.334961	0.126068
8503.0	0.126015
8504.0	0.125923
8505.0	0.125843
8506.0	0.125751
8507.0	0.12567
8508.0	0.125578
8509.0	0.125498
8510.0	0.125406
8511.0	0.125326
8512.0	0.125234
8512.337891	0.125207
8513.0	0.12512
8514.0	0.124976
8515.0	0.124833
8516.0	0.124701
8517.0	0.124558
8518.0	0.124426
8519.0	0.124283
8520.0	0.124151
8521.0	0.124008
8522.0	0.123877
8522.34082	0.123828
8523.0	0.123773
8524.0	0.123702
8525.0	0.123618
8526.0	0.123547
8527.0	0.123463
8528.0	0.123391
8529.0	0.123308
8530.0	0.123236
8531.0	0.123153
8532.0	0.12307
8532.34375	0.123045
8533.0	0.122983
8534.0	0.122877
8535.0	0.122782
8536.0	0.122676
8537.0	0.122581
8538.0	0.122475
8539.0	0.122381
8540.0	0.122275
8541.0	0.12218
8542.0	0.122074
8542.34668	0.122041
8543.0	0.121982
8544.0	0.12188
8545.0	0.121789
8546.0	0.121687
8547.0	0.121596
8548.0	0.121494
8549.0	0.121392
8550.0	0.121301
8551.0	0.121199
8552.0	0.121108
8552.348633	0.121072
8553.0	0.121014
8554.0	0.120935
8555.0	0.120845
8556.0	0.120766
8557.0	0.120676
8558.0	0.120597
8559.0	0.120507
8560.0	0.120428
8561.0	0.120338
8562.0	0.120258
8562.351562	0.120227
8563.0	0.120167
8564.0	0.120085
8565.0	0.119992
8566.0	0.1199
8567.0	0.119818
8568.0	0.119725
8569.0	0.119644
8570.0	0.119551
8571.0	0.11947
8572.0	0.119377
8572.354492	0.119348
8573.0	0.119307
8574.0	0.119233
8575.0	0.11917
8576.0	0.119096
8577.0	0.119032
8578.0	0.118958
8579.0	0.118884
8580.0	0.118821
8581.0	0.118746
8582.0	0.118683
8582.357422	0.118656
8583.0	0.118598
8584.0	0.118517
8585.0	0.118425
8586.0	0.118345
8587.0	0.118253
8588.0	0.118172
8589.0	0.118081
8590.0	0.118
8591.0	0.117909
8592.0	0.117817
8592.359375	0.117788
8593.0	0.117763
8594.0	0.117713
8595.0	0.117674
8596.0	0.117625
8597.0	0.117585
8598.0	0.117536
8599.0	0.117496
8600.0	0.117446
8601.0	0.117407
8602.0	0.117357
8602.362305	0.117343
8603.0	0.117309
8604.0	0.117246
8605.0	0.117184
8606.0	0.117131
8607.0	0.117068
8608.0	0.117016
8609.0	0.116953
8610.0	0.116901
8611.0	0.116837
8612.0	0.116785
8612.365234	0.116762
8613.0	0.116724
8614.0	0.116674
8615.0	0.116614
8616.0	0.116564
8617.0	0.116504
8618.0	0.116444
8619.0	0.116394
8620.0	0.116334
8621.0	0.116284
8622.0	0.116224
8622.368164	0.116205
8623.0	0.11618
8624.0	0.116128
8625.0	0.116088
8626.0	0.116036
8627.0	0.115995
8628.0	0.115944
8629.0	0.115892
8630.0	0.115851
8631.0	0.115823
8632.0	0.115805
8632.370117	0.115794
8633.0	0.115778
8634.0	0.115763
8635.0	0.115737
8636.0	0.115721
8637.0	0.115695
8638.0	0.115679
8639.0	0.115653
8640.0	0.115627
8641.0	0.115611
8642.0	0.115584
8642.373047	0.115578
8643.0	0.115587
8644.0	0.115589
8645.0	0.115602
8646.0	0.115605
8647.0	0.115618
8648.0	0.11562
8649.0	0.115633
8650.0	0.115635
8651.0	0.115636
8652.0	0.115649
8652.375977	0.11565
8653.0	0.11563
8654.0	0.11561
8655.0	0.115579
8656.0	0.115559
8657.0	0.115527
8658.0	0.115507
8659.0	0.115476
8660.0	0.115455
8661.0	0.115424
8662.0	0.115392
8662.378906	0.115384
8663.0	0.115391
8664.0	0.115392
8665.0	0.115404
8666.0	0.115405
8667.0	0.115416
8668.0	0.115417
8669.0	0.115428
8670.0	0.115429
8671.0	0.115429
8672.0	0.11544
8672.381836	0.11544
8673.0	0.115433
8674.0	0.115431
8675.0	0.115419
8676.0	0.115418
8677.0	0.115406
8678.0	0.115404
8679.0	0.115392
8680.0	0.115379
8681.0	0.115377
8682.0	0.115365
8682.383789	0.115364
8683.0	0.115362
8684.0	0.115348
8685.0	0.115345
8686.0	0.115331
8687.0	0.115328
8688.0	0.115314
8689.0	0.1153
8690.0	0.115296
8691.0	0.115282
8692.0	0.115278
8692.386719	0.115272
8693.0	0.115258
8694.0	0.115246
8695.0	0.115223
8696.0	0.115211
8697.0	0.115188
8698.0	0.115165
8699.0	0.115152
8700.0	0.115129
8701.0	0.115116
8702.0	0.115093
8702.389648	0.115088
8703.0	0.115072
8704.0	0.115036
8705.0	0.115011
8706.0	0.114975
8707.0	0.114939
8708.0	0.114913
8709.0	0.114877
8710.0	0.114851
8711.0	0.114815
8712.0	0.114789
8712.392578	0.114775
8713.0	0.114773
8714.0	0.11478
8715.0	0.114776
8716.0	0.114773
8717.0	0.11478
8718.0	0.114776
8719.0	0.114783
8720.0	0.114779
8721.0	0.114785
8722.0	0.114781
8722.394531	0.114783
8723.0	0.114767
8724.0	0.11473
8725.0	0.114693
8726.0	0.114666
8727.0	0.114628
8728.0	0.114601
8729.0	0.114563
8730.0	0.114536
8731.0	0.114499
8732.0	0.114461
8732.397461	0.11445
8733.0	0.114448
8734.0	0.114435
8735.0	0.114432
8736.0	0.114419
8737.0	0.114416
8738.0	0.114403
8739.0	0.114399
8740.0	0.114386
8741.0	0.114372
8742.0	0.114369
8742.400391	0.114363
8743.0	0.114355
8744.0	0.114352
8745.0	0.114338
8746.0	0.114335
8747.0	0.114321
8748.0	0.114307
8749.0	0.114303
8750.0	0.114289
8751.0	0.114285
8752.0	0.114271
8752.40332	0.114269
8753.0	0.114248
8754.0	0.114203
8755.0	0.114167
8756.0	0.114121
8757.0	0.114076
8758.0	0.11404
8759.0	0.113994
8760.0	0.113959
8761.0	0.113912
8762.0	0.113877
8762.405273	0.113858
8763.0	0.113834
8764.0	0.113793
8765.0	0.113763
8766.0	0.113723
8767.0	0.113692
8768.0	0.113652
8769.0	0.113621
8770.0	0.11358
8771.0	0.113539
8772.0	0.113509
8772.408203	0.113492
8773.0	0.113458
8774.0	0.11341
8775.0	0.113352
8776.0	0.113305
8777.0	0.113246
8778.0	0.113188
8779.0	0.11314
8780.0	0.113082
8781.0	0.113034
8782.0	0.112976
8782.411133	0.112956
8783.0	0.112943
8784.0	0.112909
8785.0	0.112875
8786.0	0.112852
8787.0	0.112818
8788.0	0.112794
8789.0	0.11276
8790.0	0.112737
8791.0	0.112702
8792.0	0.112668
8792.414062	0.112658
8793.0	0.112629
8794.0	0.112569
8795.0	0.11252
8796.0	0.11246
8797.0	0.11241
8798.0	0.11235
8799.0	0.112289
8800.0	0.112239
8801.0	0.112164
8802.0	0.1121
8802.416016	0.112069
8803.0	0.11202
8804.0	0.111947
8805.0	0.111863
8806.0	0.11178
8807.0	0.111707
8808.0	0.111623
8809.0	0.11155
8810.0	0.111466
8811.0	0.111393
8812.0	0.111309
8812.418945	0.111274
8813.0	0.111235
8814.0	0.111177
8815.0	0.111109
8816.0	0.111052
8817.0	0.110984
8818.0	0.110926
8819.0	0.110858
8820.0	0.11079
8821.0	0.110732
8822.0	0.110664
8822.421875	0.110639
8823.0	0.110594
8824.0	0.110504
8825.0	0.110415
8826.0	0.110336
8827.0	0.110247
8828.0	0.110168
8829.0	0.110079
8830.0	0.11
8831.0	0.109929
8832.0	0.109857
8832.424805	0.109831
8833.0	0.109808
8834.0	0.109757
8835.0	0.109716
8836.0	0.109664
8837.0	0.109623
8838.0	0.109572
8839.0	0.10952
8840.0	0.109479
8841.0	0.109427
8842.0	0.109386
8842.427734	0.109364
8843.0	0.109319
8844.0	0.10924
8845.0	0.109171
8846.0	0.109092
8847.0	0.109024
8848.0	0.108945
8849.0	0.108876
8850.0	0.108797
8851.0	0.108718
8852.0	0.108649
8852.429688	0.108615
8853.0	0.108579
8854.0	0.108526
8855.0	0.108463
8856.0	0.108409
8857.0	0.108346
8858.0	0.108283
8859.0	0.108229
8860.0	0.108166
8861.0	0.108112
8862.0	0.108049
8862.432617	0.108021
8863.0	0.107986
8864.0	0.107934
8865.0	0.107873
8866.0	0.107821
8867.0	0.107759
8868.0	0.107697
8869.0	0.107646
8870.0	0.107584
8871.0	0.107532
8872.0	0.107469
8872.435547	0.107447
8873.0	0.107408
8874.0	0.10733
8875.0	0.107252
8876.0	0.107184
8877.0	0.107106
8878.0	0.107038
8879.0	0.106959
8880.0	0.106881
8881.0	0.106813
8882.0	0.106734
8882.438477	0.106704
8883.0	0.106675
8884.0	0.106613
8885.0	0.106561
8886.0	0.106498
8887.0	0.106436
8888.0	0.106383
8889.0	0.106321
8890.0	0.106268
8891.0	0.106206
8892.0	0.106143
8892.44043	0.10612
8893.0	0.106087
8894.0	0.106017
8895.0	0.105958
8896.0	0.105888
8897.0	0.105819
8898.0	0.105759
8899.0	0.10569
8900.0	0.10563
8901.0	0.10556
8902.0	0.1055
8902.443359	0.105469
8903.0	0.10543
8904.0	0.105359
8905.0	0.105298
8906.0	0.105227
8907.0	0.105166
8908.0	0.105095
8909.0	0.105024
8910.0	0.104963
8911.0	0.104892
8912.0	0.10483
8912.446289	0.104799
8913.0	0.104757
8914.0	0.104681
8915.0	0.104615
8916.0	0.104539
8917.0	0.104473
8918.0	0.104397
8919.0	0.104321
8920.0	0.104255
8921.0	0.104179
8922.0	0.104112
8922.449219	0.104078
8923.0	0.104045
8924.0	0.103986
8925.0	0.103936
8926.0	0.103876
8927.0	0.103826
8928.0	0.103766
8929.0	0.103715
8930.0	0.103655
8931.0	0.103595
8932.0	0.103545
8932.452148	0.103518
8933.0	0.103481
8934.0	0.103423
8935.0	0.103356
8936.0	0.103289
8937.0	0.103231
8938.0	0.103164
8939.0	0.103106
8940.0	0.103039
8941.0	0.102971
8942.0	0.102914
8942.454102	0.102883
8943.0	0.102846
8944.0	0.102788
8945.0	0.102721
8946.0	0.102653
8947.0	0.102595
8948.0	0.102528
8949.0	0.10247
8950.0	0.102402
8951.0	0.102334
8952.0	0.102276
8952.457031	0.102245
8953.0	0.102209
8954.0	0.102154
8955.0	0.102089
8956.0	0.102023
8957.0	0.101968
8958.0	0.101902
8959.0	0.101846
8960.0	0.101781
8961.0	0.101715
8962.0	0.101659
8962.459961	0.101629
8963.0	0.101594
8964.0	0.10154
8965.0	0.101476
8966.0	0.101411
8967.0	0.101356
8968.0	0.101292
8969.0	0.101237
8970.0	0.101173
8971.0	0.101108
8972.0	0.101053
8972.462891	0.101023
8973.0	0.100995
8974.0	0.100952
8975.0	0.100899
8976.0	0.100846
8977.0	0.100803
8978.0	0.10075
8979.0	0.100706
8980.0	0.100653
8981.0	0.1006
8982.0	0.100556
8982.464844	0.100531
8983.0	0.100498
8984.0	0.100445
8985.0	0.100383
8986.0	0.100321
8987.0	0.100268
8988.0	0.100206
8989.0	0.100144
8990.0	0.100091
8991.0	0.100028
8992.0	0.0999749
8992.467773	0.0999457
8993.0	0.0999141
8994.0	0.0998548
8995.0	0.0998048
8996.0	0.0997453
8997.0	0.0996951
8998.0	0.0996355
8999.0	0.0995759
9000.0	0.0995255
9001.0	0.0994528
9002.0	0.0993894
9002.470703	0.0993552
9003.0	0.0993179
9004.0	0.0992475
9005.0	0.0991864
9006.0	0.0991159
9007.0	0.0990547
9008.0	0.0989841
9009.0	0.0989135
9010.0	0.0988521
9011.0	0.0987815
9012.0	0.0987202
9012.473633	0.0986868
9013.0	0.0986517
9014.0	0.098585
9015.0	0.0985275
9016.0	0.0984608
9017.0	0.0983939
9018.0	0.0983363
9019.0	0.0982694
9020.0	0.0982116
9021.0	0.0981447
9022.0	0.0980778
9022.476562	0.0980502
9023.0	0.0980159
9024.0	0.097941
9025.0	0.0978753
9026.0	0.0978003
9027.0	0.0977253
9028.0	0.0976594
9029.0	0.0975843
9030.0	0.0975184
9031.0	0.0974494
9032.0	0.0973805
9032.478516	0.0973518
9033.0	0.0973271
9034.0	0.0972703
9035.0	0.0972136
9036.0	0.0971658
9037.0	0.0971089
9038.0	0.0970611
9039.0	0.097004
9040.0	0.0969469
9041.0	0.096899
9042.0	0.0968419
9042.481445	0.0968188
9043.0	0.0967927
9044.0	0.0967333
9045.0	0.0966738
9046.0	0.0966234
9047.0	0.0965638
9048.0	0.0965041
9049.0	0.0964534
9050.0	0.0963936
9051.0	0.096343
9052.0	0.0962832
9052.484375	0.0962542
9053.0	0.0962218
9054.0	0.0961681
9055.0	0.0961052
9056.0	0.0960513
9057.0	0.0959883
9058.0	0.0959252
9059.0	0.0958711
9060.0	0.0958079
9061.0	0.0957448
9062.0	0.0956907
9062.487305	0.0956599
9063.0	0.0956309
9064.0	0.0955833
9065.0	0.0955267
9066.0	0.09547
9067.0	0.0954222
9068.0	0.0953653
9069.0	0.0953174
9070.0	0.0952604
9071.0	0.0952035
9072.0	0.0951555
9072.489258	0.0951275
9073.0	0.0950961
9074.0	0.0950346
9075.0	0.0949819
9076.0	0.0949202
9077.0	0.0948674
9078.0	0.0948056
9079.0	0.0947437
9080.0	0.0946907
9081.0	0.0946288
9082.0	0.0945668
9082.492188	0.0945407
9083.0	0.0945135
9084.0	0.0944511
9085.0	0.0943976
9086.0	0.094335
9087.0	0.0942724
9088.0	0.0942187
9089.0	0.0941559
9090.0	0.094102
9091.0	0.0940393
9092.0	0.0939765
9092.495117	0.0939498
9093.0	0.0939276
9094.0	0.0938748
9095.0	0.093822
9096.0	0.0937779
9097.0	0.0937248
9098.0	0.0936805
9099.0	0.0936274
9100.0	0.0935741
9101.0	0.0935296
9102.0	0.0934763
9102.498047	0.0934497
9103.0	0.0934159
9104.0	0.0933574
9105.0	0.0932901
9106.0	0.0932314
9107.0	0.0931639
9108.0	0.0930964
9109.0	0.0930375
9110.0	0.0929699
9111.0	0.0929023
9112.0	0.0928434
9112.5	0.0928095
9113.0	0.0927804
9114.0	0.0927307
9115.0	0.0926723
9116.0	0.0926137
9117.0	0.0925639
9118.0	0.0925052
9119.0	0.0924464
9120.0	0.0923963
9121.0	0.0923375
9122.0	0.0922873
9122.50293	0.0922576
9123.0	0.0922265
9124.0	0.0921639
9125.0	0.0921099
9126.0	0.0920471
9127.0	0.0919842
9128.0	0.09193
9129.0	0.091867
9130.0	0.0918039
9131.0	0.0917495
9132.0	0.0916864
9132.505859	0.0916589
9133.0	0.0916325
9134.0	0.0915705
9135.0	0.0915083
9136.0	0.0914548
9137.0	0.0913925
9138.0	0.0913301
9139.0	0.0912763
9140.0	0.0912138
9141.0	0.09116
9142.0	0.0910974
9142.508789	0.0910656
9143.0	0.0910326
9144.0	0.090974
9145.0	0.0909067
9146.0	0.0908394
9147.0	0.0907805
9148.0	0.090713
9149.0	0.0906541
9150.0	0.0905864
9151.0	0.0905188
9152.0	0.0904597
9152.510742	0.0904252
9153.0	0.0903909
9154.0	0.0903208
9155.0	0.0902592
9156.0	0.090189
9157.0	0.0901187
9158.0	0.0900569
9159.0	0.0899865
9160.0	0.0899246
9161.0	0.0898541
9162.0	0.0897836
9162.513672	0.0897517
9163.0	0.0897217
9164.0	0.0896515
9165.0	0.0895812
9166.0	0.0895193
9167.0	0.0894488
9168.0	0.0893783
9169.0	0.0893162
9170.0	0.0892455
9171.0	0.0891834
9172.0	0.0891127
9172.516602	0.0890762
9173.0	0.0890426
9174.0	0.0889815
9175.0	0.0889119
9176.0	0.0888422
9177.0	0.0887809
9178.0	0.0887111
9179.0	0.0886412
9180.0	0.0885797
9181.0	0.0885097
9182.0	0.0884481
9182.519531	0.0884117
9183.0	0.0883748
9184.0	0.0882978
9185.0	0.0882292
9186.0	0.0881521
9187.0	0.088075
9188.0	0.0880062
9189.0	0.087929
9190.0	0.0878517
9191.0	0.0877828
9192.0	0.0877055
9192.522461	0.0876694
9193.0	0.0876356
9194.0	0.0875565
9195.0	0.0874774
9196.0	0.0874064
9197.0	0.0873272
9198.0	0.0872479
9199.0	0.0871768
9200.0	0.0870974
9201.0	0.0870124
9202.0	0.0869356
9202.524414	0.086891
9203.0	0.0868524
9204.0	0.0867713
9205.0	0.0866984
9206.0	0.0866172
9207.0	0.0865441
9208.0	0.0864628
9209.0	0.0863815
9210.0	0.0863083
9211.0	0.0862269
9212.0	0.0861455
9212.527344	0.0861068
9213.0	0.0860675
9214.0	0.0859761
9215.0	0.0858847
9216.0	0.0858015
9217.0	0.08571
9218.0	0.0856185
9219.0	0.0855351
9220.0	0.0854435
9221.0	0.0853601
9222.0	0.0852686
9222.530273	0.0852201
9223.0	0.0851745
9224.0	0.0850855
9225.0	0.0849885
9226.0	0.0848914
9227.0	0.0848023
9228.0	0.0847052
9229.0	0.0846081
9230.0	0.084519
9231.0	0.0844255
9232.0	0.084332
9232.533203	0.0842864
9233.0	0.0842483
9234.0	0.0841586
9235.0	0.0840769
9236.0	0.0839872
9237.0	0.0838974
9238.0	0.0838155
9239.0	0.0837257
9240.0	0.0836358
9241.0	0.0835538
9242.0	0.0834639
9242.535156	0.0834158
9243.0	0.0833728
9244.0	0.0832882
9245.0	0.0831956
9246.0	0.0831031
9247.0	0.0830183
9248.0	0.0829257
9249.0	0.082833
9250.0	0.0827482
9251.0	0.0826555
9252.0	0.0825706
9252.538086	0.0825207
9253.0	0.0824762
9254.0	0.0823797
9255.0	0.0822911
9256.0	0.0821946
9257.0	0.0820981
9258.0	0.0820094
9259.0	0.0819128
9260.0	0.0818162
9261.0	0.0817274
9262.0	0.0816308
9262.541016	0.0815786
9263.0	0.081533
9264.0	0.0814415
9265.0	0.0813422
9266.0	0.0812429
9267.0	0.0811513
9268.0	0.081052
9269.0	0.0809526
9270.0	0.080861
9271.0	0.0807616
9272.0	0.0806622
9272.543945	0.0806124
9273.0	0.0805722
9274.0	0.0804766
9275.0	0.0803886
9276.0	0.0802929
9277.0	0.0801971
9278.0	0.080109
9279.0	0.0800132
9280.0	0.0799174
9281.0	0.0798292
9282.0	0.0797334
9282.546875	0.079681
9283.0	0.0796357
9284.0	0.0795435
9285.0	0.0794437
9286.0	0.0793438
9287.0	0.0792515
9288.0	0.0791516
9289.0	0.0790517
9290.0	0.0789594
9291.0	0.0788595
9292.0	0.0787596
9292.548828	0.0787088
9293.0	0.0786698
9294.0	0.0785759
9295.0	0.078482
9296.0	0.0783954
9297.0	0.0783014
9298.0	0.0782074
9299.0	0.0781207
9300.0	0.0780266
9301.0	0.0779325
9302.0	0.0778458
9302.551758	0.0777938
9303.0	0.0777513
9304.0	0.0776563
9305.0	0.0775687
9306.0	0.0774736
9307.0	0.0773859
9308.0	0.0772908
9309.0	0.0771957
9310.0	0.0771079
9311.0	0.0770127
9312.0	0.0769175
9312.554688	0.0768688
9313.0	0.07683
9314.0	0.0767354
9315.0	0.0766409
9316.0	0.0765536
9317.0	0.076459
9318.0	0.0763644
9319.0	0.076277
9320.0	0.0761823
9321.0	0.0760876
9322.0	0.0760001
9322.557617	0.0759472
9323.0	0.0759071
9324.0	0.0758164
9325.0	0.0757328
9326.0	0.075642
9327.0	0.0755511
9328.0	0.0754675
9329.0	0.0753765
9330.0	0.0752856
9331.0	0.0752018
9332.0	0.0751107
9332.55957	0.0750598
9333.0	0.0750233
9334.0	0.0749475
9335.0	0.0748644
9336.0	0.0747814
9337.0	0.0747054
9338.0	0.0746222
9339.0	0.0745389
9340.0	0.0744627
9341.0	0.0743794
9342.0	0.074296
9342.5625	0.074253
9343.0	0.0742187
9344.0	0.0741332
9345.0	0.0740476
9346.0	0.073969
9347.0	0.0738833
9348.0	0.0737975
9349.0	0.0737188
9350.0	0.0736329
9351.0	0.073547
9352.0	0.0734681
9352.56543	0.0734194
9353.0	0.073384
9354.0	0.0733024
9355.0	0.0732277
9356.0	0.0731459
9357.0	0.0730641
9358.0	0.0729892
9359.0	0.0729072
9360.0	0.0728252
9361.0	0.0727501
9362.0	0.072668
9362.568359	0.0726213
9363.0	0.0725875
9364.0	0.0725161
9365.0	0.0724377
9366.0	0.0723593
9367.0	0.0722876
9368.0	0.072209
9369.0	0.0721303
9370.0	0.0720584
9371.0	0.0719796
9372.0	0.0719007
9372.570312	0.0718596
9373.0	0.0718305
9374.0	0.071756
9375.0	0.0716813
9376.0	0.0716135
9377.0	0.0715387
9378.0	0.0714638
9379.0	0.0713956
9380.0	0.0713206
9381.0	0.0712454
9382.0	0.0711771
9382.573242	0.0711339
9383.0	0.0711015
9384.0	0.0710254
9385.0	0.070956
9386.0	0.0708798
9387.0	0.0708034
9388.0	0.0707338
9389.0	0.0706573
9390.0	0.0705807
9391.0	0.0705108
9392.0	0.0704341
9392.576172	0.0703898
9393.0	0.0703573
9394.0	0.0702871
9395.0	0.0702101
9396.0	0.070133
9397.0	0.0700625
9398.0	0.0699852
9399.0	0.0699079
9400.0	0.0698371
9401.0	0.0697523
9402.0	0.0696674
9402.579102	0.0696221
9403.0	0.0695893
9404.0	0.0695047
9405.0	0.0694201
9406.0	0.0693354
9407.0	0.0692572
9408.0	0.0691724
9409.0	0.0690875
9410.0	0.0690091
9411.0	0.068924
9412.0	0.0688389
9412.582031	0.0687932
9413.0	0.0687585
9414.0	0.068669
9415.0	0.0685794
9416.0	0.0684964
9417.0	0.0684067
9418.0	0.068317
9419.0	0.0682337
9420.0	0.0681439
9421.0	0.068054
9422.0	0.0679706
9422.583984	0.067918
9423.0	0.0678777
9424.0	0.0677806
9425.0	0.0676901
9426.0	0.067593
9427.0	0.0674958
9428.0	0.0674051
9429.0	0.0673079
9430.0	0.0672107
9431.0	0.0671243
9432.0	0.0670314
9432.586914	0.0669768
9433.0	0.0669351
9434.0	0.066834
9435.0	0.0667394
9436.0	0.0666382
9437.0	0.0665371
9438.0	0.0664423
9439.0	0.0663411
9440.0	0.0662399
9441.0	0.0661451
9442.0	0.0660438
9442.589844	0.065984
9443.0	0.0659393
9444.0	0.0658365
9445.0	0.0657273
9446.0	0.0656182
9447.0	0.0655153
9448.0	0.0654062
9449.0	0.065297
9450.0	0.0651941
9451.0	0.0650849
9452.0	0.0649757
9452.592773	0.0649147
9453.0	0.0648695
9454.0	0.0647522
9455.0	0.0646349
9456.0	0.0645177
9457.0	0.0644066
9458.0	0.0642894
9459.0	0.0641722
9460.0	0.0640612
9461.0	0.0639441
9462.0	0.0638269
9462.594727	0.0637609
9463.0	0.0637129
9464.0	0.0635885
9465.0	0.0634641
9466.0	0.0633458
9467.0	0.0632215
9468.0	0.0630972
9469.0	0.0629791
9470.0	0.0628549
9471.0	0.0627307
9472.0	0.0626126
9472.597656	0.0625385
9473.0	0.0624849
9474.0	0.0623519
9475.0	0.062219
9476.0	0.0620922
9477.0	0.0619594
9478.0	0.0618267
9479.0	0.0617
9480.0	0.0615674
9481.0	0.0614349
9482.0	0.0613083
9482.600586	0.0612288
9483.0	0.061173
9484.0	0.0610334
9485.0	0.0608997
9486.0	0.0607602
9487.0	0.0606209
9488.0	0.0604874
9489.0	0.0603482
9490.0	0.0602091
9491.0	0.0600701
9492.0	0.059937
9492.603516	0.0598532
9493.0	0.0597963
9494.0	0.0596528
9495.0	0.0595152
9496.0	0.059372
9497.0	0.0592288
9498.0	0.0590915
9499.0	0.0589486
9500.0	0.0588057
9501.0	0.0587053
9502.0	0.0585993
9502.606445	0.058535
9503.0	0.058491
9504.0	0.0583792
9505.0	0.0582732
9506.0	0.0581616
9507.0	0.0580501
9508.0	0.0579442
9509.0	0.0578328
9510.0	0.0577215
9511.0	0.0576159
9512.0	0.0575047
9512.608398	0.0574371
9513.0	0.0573905
9514.0	0.0572771
9515.0	0.0571583
9516.0	0.0570396
9517.0	0.056921
9518.0	0.0568079
9519.0	0.0566895
9520.0	0.0565711
9521.0	0.0564583
9522.0	0.0563401
9522.611328	0.0562679
9523.0	0.0562198
9524.0	0.0561013
9525.0	0.0559776
9526.0	0.0558539
9527.0	0.0557358
9528.0	0.0556123
9529.0	0.055489
9530.0	0.0553657
9531.0	0.0552479
9532.0	0.0551249
9532.614258	0.0550493
9533.0	0.0549915
9534.0	0.0548471
9535.0	0.0546976
9536.0	0.0545482
9537.0	0.0544042
9538.0	0.0542552
9539.0	0.0541062
9540.0	0.0539575
9541.0	0.0538141
9542.0	0.0536657
9542.617188	0.0535741
9543.0	0.0535019
9544.0	0.0533185
9545.0	0.0531302
9546.0	0.0529422
9547.0	0.0527595
9548.0	0.052572
9549.0	0.0523847
9550.0	0.0521976
9551.0	0.0520158
9552.0	0.0518292
9552.619141	0.0517138
9553.0	0.0516234
9554.0	0.0513911
9555.0	0.0511542
9556.0	0.0509176
9557.0	0.0506863
9558.0	0.0504504
9559.0	0.0502149
9560.0	0.0499798
9561.0	0.0497498
9562.0	0.0495153
9562.62207	0.0493697
9563.0	0.0492446
9564.0	0.0489186
9565.0	0.0485885
9566.0	0.048259
9567.0	0.0479346
9568.0	0.0476062
9569.0	0.0472783
9570.0	0.0469511
9571.0	0.0466288
9572.0	0.0463026
9572.625	0.0460991
9573.0	0.0459293
9574.0	0.0454817
9575.0	0.0450305
9576.0	0.0445801
9577.0	0.0441349
9578.0	0.0436862
9579.0	0.0432384
9580.0	0.0427914
9581.0	0.0423494
9582.0	0.0419041
9582.62793	0.0416249
9583.0	0.0414321
9584.0	0.0409186
9585.0	0.0404021
9586.0	0.0398867
9587.0	0.0393723
9588.0	0.0388627
9589.0	0.0383503
9590.0	0.0378389
9591.0	0.0373321
9592.0	0.0368227
9592.630859	0.0365019
9593.0	0.0362812
9594.0	0.0356875
9595.0	0.0350916
9596.0	0.0344969
9597.0	0.0339035
9598.0	0.0333145
9599.0	0.0327235
9600.0	0.0321337
9601.0	0.031547
9602.0	0.0309586
9602.632812	0.0305868
9603.0	0.0303509
9604.0	0.0297094
9605.0	0.0290722
9606.0	0.0284335
9607.0	0.0277963
9608.0	0.0271631
9609.0	0.0265286
9610.0	0.0258955
9611.0	0.0252639
9612.0	0.024636
9612.635742	0.0242361
9613.0	0.0240315
9614.0	0.0234706
9615.0	0.0229132
9616.0	0.0223548
9617.0	0.0217977
9618.0	0.0212419
9619.0	0.0206893
9620.0	0.0201359
9621.0	0.0195838
9622.0	0.0190349
9622.638672	0.0186837
9623.0	0.018509
9624.0	0.0180263
9625.0	0.0175464
9626.0	0.0170658
9627.0	0.0165864
9628.0	0.0161081
9629.0	0.0156324
9630.0	0.0151563
9631.0	0.0146812
9632.0	0.0142087
9632.641602	0.0139052
9633.0	0.0137611
9634.0	0.0133596
9635.0	0.0129591
9636.0	0.0125608
9637.0	0.0121622
9638.0	0.0117645
9639.0	0.0113689
9640.0	0.0109731
9641.0	0.0105782
9642.0	0.0101843
9642.643555	0.00993195
9643.0	0.00983087
9644.0	0.00954679
9645.0	0.0092634
9646.0	0.00898157
9647.0	0.00869953
9648.0	0.00841817
9649.0	0.00813749
9650.0	0.00785827
9651.0	0.00757894
9652.0	0.00730029
9652.646484	0.00712097
9653.0	0.00704818
9654.0	0.00684193
9655.0	0.00663618
9656.0	0.00643094
9657.0	0.00622682
9658.0	0.00602257
9659.0	0.00581883
9660.0	0.0056156
9661.0	0.0054134
9662.0	0.00521115
9662.649414	0.00508008
9663.0	0.00502571
9664.0	0.00487134
9665.0	0.00471688
9666.0	0.0045628
9667.0	0.0044091
9668.0	0.00425621
9669.0	0.00410328
9670.0	0.00395073
9671.0	0.00379894
9672.0	0.00364716
9672.652344	0.00354835
9673.0	0.00351244
9674.0	0.00340932
9675.0	0.00330679
9676.0	0.00320419
9677.0	0.00310185
9678.0	0.00300007
9679.0	0.00289824
9680.0	0.00279667
9681.0	0.00269537
9682.0	0.00259458
9682.655273	0.00252851
9683.0	0.0025041
9684.0	0.00243344
9685.0	0.00236297
9686.0	0.0022929
9687.0	0.00222277
9688.0	0.00215283
9689.0	0.00208328
9690.0	0.0020137
9691.0	0.0019443
9692.0	0.00187508
9692.657227	0.0018298
9693.0	0.00181192
9694.0	0.00175965
9695.0	0.00170753
9696.0	0.0016557
9697.0	0.00160384
9698.0	0.00155212
9699.0	0.00150053
9700.0	0.00144923
9701.0	0.00139791
9702.0	0.00134673
9702.660156	0.00131302
9703.0	0.00130041
9704.0	0.00126348
9705.0	0.00122652
9706.0	0.00118967
9707.0	0.00115302
9708.0	0.00111636
9709.0	0.00107979
9710.0	0.00104333
9711.0	0.00100706
9712.0	0.000970785
9712.663086	0.000946787
9713.0	0.000938292
9714.0	0.000913124
9715.0	0.00088811
9716.0	0.000863075
9717.0	0.000838107
9718.0	0.000813288
9719.0	0.000788454
9720.0	0.000763688
9721.0	0.00073899
9722.0	0.00071443
9722.666016	0.000698062
9723.0	0.000692082
9724.0	0.000674212
9725.0	0.000656391
9726.0	0.000638682
9727.0	0.000620957
9728.0	0.000603281
9729.0	0.000585712
9730.0	0.000568133
9731.0	0.000550602
9732.0	0.00053312
9732.667969	0.000521504
9733.0	0.000516921
9734.0	0.00050309
9735.0	0.000489299
9736.0	0.000475546
9737.0	0.000461877
9738.0	0.0004482
9739.0	0.000434562
9740.0	0.000420963
9741.0	0.000407441
9742.0	0.000393918
9742.670898	0.000384866
9743.0	0.000381897
9744.0	0.000372926
9745.0	0.000363943
9746.0	0.000354985
9747.0	0.000346053
9748.0	0.00033718
9749.0	0.000328298
9750.0	0.000319441
9751.0	0.00031061
9752.0	0.000301833
9752.673828	0.000295913
9753.0	0.000293691
9754.0	0.000286889
9755.0	0.000280107
9756.0	0.000273371
9757.0	0.000266627
9758.0	0.000259903
9759.0	0.000253223
9760.0	0.000246537
9761.0	0.00023987
9762.0	0.000233223
9762.676758	0.000228751
9763.0	0.00022687
9764.0	0.000221038
9765.0	0.000215224
9766.0	0.000209427
9767.0	0.000203667
9768.0	0.000197904
9769.0	0.000192158
9770.0	0.000186429
9771.0	0.000180734
9772.0	0.000175039
9772.679688	0.000171178
9773.0	0.00017014
9774.0	0.00016692
9775.0	0.000163694
9776.0	0.000160476
9777.0	0.000157269
9778.0	0.000154086
9779.0	0.000150896
9780.0	0.000147717
9781.0	0.000144546
9782.0	0.0001414
9782.681641	0.00013925
9783.0	0.000138464
9784.0	0.000136
9785.0	0.000133543
9786.0	0.000131106
9787.0	0.000128663
9788.0	0.000126228
9789.0	0.0001238
9790.0	0.000121391
9791.0	0.000118977
9792.0	0.00011657
9792.68457	0.000114927
9793.0	0.000113931
9794.0	0.000110792
9795.0	0.000107651
9796.0	0.000104521
9797.0	0.0001014
9798.0	9.82985e-05
9799.0	9.51971e-05
9800.0	9.21056e-05
9801.0	8.90275e-05
9802.0	8.59505e-05
9802.6875	8.3841e-05
9803.0	8.34232e-05
9804.0	8.20888e-05
9805.0	8.07666e-05
9806.0	7.94404e-05
9807.0	7.81185e-05
9808.0	7.68007e-05
9809.0	7.54945e-05
9810.0	7.41849e-05
9811.0	7.28794e-05
9812.0	7.1578e-05
9812.69043	7.06868e-05
9813.0	7.04798e-05
9814.0	6.98055e-05
9815.0	6.9133e-05
9816.0	6.84626e-05
9817.0	6.78007e-05
9818.0	6.71341e-05
9819.0	6.64694e-05
9820.0	6.58067e-05
9821.0	6.51523e-05
9822.0	6.44933e-05
9822.692383	6.40382e-05
9823.0	6.33953e-05
9824.0	6.13099e-05
9825.0	5.92376e-05
9826.0	5.71665e-05
9827.0	5.51027e-05
9828.0	5.3046e-05
9829.0	5.10017e-05
9830.0	4.89593e-05
9831.0	4.69259e-05
