3869.0	4.92472e-05
3869.09668	5.05962e-05
3870.0	4.53216e-05
3870.096924	4.47553e-05
3871.0	5.8696e-05
3871.097168	6.01968e-05
3872.0	6.15534e-05
3872.097412	6.17003e-05
3873.0	7.6327e-05
3873.097656	7.79099e-05
3874.0	8.01609e-05
3874.0979	8.04052e-05
3875.0	9.59299e-05
3875.098145	9.76198e-05
3876.0	0.00010475
3876.098389	0.000105529
3877.0	0.000123077
3877.098633	0.000124997
3878.0	0.000141445
3878.098877	0.00014325
3879.0	0.000162148
3879.099121	0.000164228
3880.0	0.000192439
3880.099609	0.000195562
3881.0	0.000215178
3881.099609	0.000217348
3882.0	0.000250702
3882.100098	0.000254413
3883.0	0.000280485
3883.100098	0.000283387
3884.0	0.000328768
3884.100586	0.000333847
3885.0	0.000382179
3885.10083	0.000387598
3886.0	0.000442602
3886.101074	0.000448789
3887.0	0.000528922
3887.101318	0.000537958
3888.0	0.000626152
3888.101562	0.00063613
3889.0	0.000755772
3889.101807	0.000769332
3890.0	0.000885248
3890.102051	0.000898426
3891.0	0.00105511
3891.102295	0.00107297
3892.0	0.0012549
3892.102539	0.00127571
3893.0	0.00148815
3893.102783	0.00151248
3894.0	0.00178952
3894.103027	0.00182135
3895.0	0.00218553
3895.103516	0.00222758
3896.0	0.00264578
3896.103516	0.00269412
3897.0	0.00322702
3897.104004	0.00328885
3898.0	0.00394421
3898.104248	0.0040205
3899.0	0.00490291
3899.104492	0.00500591
3900.0	0.00606862
3900.104736	0.00619303
3901.0	0.00758013
3901.10498	0.00774281
3902.0	0.00952003
3902.105225	0.00972909
3903.0	0.0119921
3903.105469	0.012259
3904.0	0.0152212
3904.105713	0.0155716
3905.0	0.0193728
3905.105957	0.0198233
3906.0	0.0243803
3906.106201	0.0249219
3907.0	0.0308626
3907.106445	0.0315704
3908.0	0.0394187
3908.106689	0.0403567
3909.0	0.0501255
3909.106934	0.0512952
3910.0	0.0628986
3910.107422	0.064295
3911.0	0.0783762
3911.107422	0.0800718
3912.0	0.0964342
3912.10791	0.0984144
3913.0	0.116474
3913.108154	0.118663
3914.0	0.136656
3914.108398	0.138844
3915.0	0.156367
3915.108643	0.158503
3916.0	0.173818
3916.108887	0.175692
3917.0	0.188023
3917.109131	0.189533
3918.0	0.197803
3918.109375	0.198819
3919.0	0.204802
3919.109619	0.205539
3920.0	0.208535
3920.109863	0.208907
3921.0	0.211105
3921.110107	0.211375
3922.0	0.211133
3922.110352	0.211103
3923.0	0.210973
3923.110596	0.210957
3924.0	0.210808
3924.11084	0.210791
3925.0	0.21002
3925.111084	0.209922
3926.0	0.210073
3926.111328	0.210092
3927.0	0.210168
3927.111816	0.210178
3928.0	0.210219
3928.112061	0.210226
3929.0	0.21085
3929.112305	0.210927
3930.0	0.211363
3930.112549	0.211418
3931.0	0.212372
3931.112793	0.212494
3932.0	0.213059
3932.113037	0.213133
3933.0	0.213999
3933.113281	0.214108
3934.0	0.214971
3934.113525	0.215082
3935.0	0.215743
3935.11377	0.215828
3936.0	0.216624
3936.114014	0.216728
3937.0	0.217424
3937.114258	0.217512
3938.0	0.217839
3938.114502	0.217882
3939.0	0.218279
3939.114746	0.218331
3940.0	0.218449
3940.11499	0.218466
3941.0	0.218611
3941.115479	0.218628
3942.0	0.218567
3942.115479	0.218559
3943.0	0.218673
3943.115967	0.218688
3944.0	0.218204
3944.116211	0.218142
3945.0	0.218315
3945.116455	0.218336
3946.0	0.218137
3946.116699	0.218111
3947.0	0.218055
3947.116943	0.218047
3948.0	0.218002
3948.117188	0.217999
3949.0	0.217326
3949.117432	0.217234
3950.0	0.217618
3950.117676	0.217669
3951.0	0.217376
3951.11792	0.217336
3952.0	0.217452
3952.118164	0.21747
3953.0	0.21733
3953.118408	0.217309
3954.0	0.216935
3954.118896	0.216884
3955.0	0.217153
3955.118896	0.217189
3956.0	0.216882
3956.119385	0.216842
3957.0	0.217208
3957.119385	0.217255
3958.0	0.217387
3958.119873	0.217405
3959.0	0.217603
3959.120117	0.21763
3960.0	0.217231
3960.120361	0.217177
3961.0	0.217321
3961.120605	0.217343
3962.0	0.217354
3962.12085	0.217353
3963.0	0.217403
3963.121094	0.21741
3964.0	0.217268
3964.121338	0.217248
3965.0	0.217113
3965.121582	0.217096
3966.0	0.216655
3966.121826	0.216592
3967.0	0.216233
3967.12207	0.216183
3968.0	0.215912
3968.122314	0.215874
3969.0	0.215506
3969.122803	0.215457
3970.0	0.214959
3970.122803	0.214887
3971.0	0.214454
3971.123291	0.214393
3972.0	0.213947
3972.123291	0.213884
3973.0	0.21282
3973.123779	0.212671
3974.0	0.212611
3974.124023	0.2126
3975.0	0.21208
3975.124268	0.212006
3976.0	0.211576
3976.124512	0.211515
3977.0	0.210834
3977.124756	0.21074
3978.0	0.210332
3978.125	0.210272
3979.0	0.209895
3979.125244	0.209841
3980.0	0.209572
3980.125488	0.209534
3981.0	0.209839
3981.125732	0.209886
3982.0	0.209697
3982.126221	0.209667
3983.0	0.210194
3983.126221	0.21027
3984.0	0.210607
3984.126709	0.210655
3985.0	0.210772
3985.126709	0.210789
3986.0	0.210962
3986.127197	0.21099
3987.0	0.210844
3987.127441	0.21082
3988.0	0.210337
3988.127686	0.210266
3989.0	0.208281
3989.12793	0.20799
3990.0	0.20517
3990.128174	0.204757
3991.0	0.199825
3991.128418	0.199096
3992.0	0.192721
3992.128662	0.19178
3993.0	0.183064
3993.128906	0.181774
3994.0	0.170038
3994.12915	0.168299
3995.0	0.154682
3995.129395	0.152656
3996.0	0.137841
3996.129639	0.135634
3997.0	0.121293
3997.129883	0.119152
3998.0	0.104256
3998.130127	0.102029
3999.0	0.0883384
3999.130615	0.0862805
4000.0	0.0739844
4000.130859	0.0721291
4001.0	0.0613134
4001.131104	0.0596817
4002.0	0.0503642
4002.131348	0.0489555
4003.0	0.0410193
4003.131592	0.0398173
4004.0	0.0333221
4004.131836	0.0323355
4005.0	0.0270145
4005.13208	0.0262049
4006.0	0.0219704
4006.132324	0.0213248
4007.0	0.0177521
4007.132568	0.0172063
4008.0	0.0143732
4008.132812	0.0139391
4009.0	0.0117043
4009.133057	0.0113613
4010.0	0.00957405
4010.133301	0.0092992
4011.0	0.0079129
4011.133545	0.00769935
4012.0	0.00651878
4012.133789	0.00633637
4013.0	0.00544013
4013.134277	0.00530118
4014.0	0.00459165
4014.134521	0.00448138
4015.0	0.00383871
4015.134766	0.00373866
4016.0	0.00320892
4016.13501	0.00312621
4017.0	0.00270113
4017.135254	0.00263465
4018.0	0.00228826
4018.135498	0.00223398
4019.0	0.00194871
4019.135742	0.00190391
4020.0	0.00165468
4020.135986	0.00161547
4021.0	0.00140304
4021.13623	0.00136953
4022.0	0.00118684
4022.136475	0.00115798
4023.0	0.00102385
4023.136719	0.00100261
4024.0	0.000876463
4024.136963	0.000856456
4025.0	0.000759077
4025.137207	0.000743583
4026.0	0.000655733
4026.137695	0.000641711
4027.0	0.000570248
4027.137695	0.000558835
4028.0	0.000498318
4028.138184	0.000488625
4029.0	0.000429039
4029.138184	0.000419478
4030.0	0.000380134
4030.138672	0.000373806
4031.0	0.000335164
4031.138916	0.000328931
4032.0	0.000299619
4032.13916	0.000294881
4033.0	0.000250085
4033.139404	0.000242833
4034.0	0.000225591
4034.139648	0.00022279
4035.0	0.000198928
4035.139893	0.000195047
4036.0	0.000175734
4036.140137	0.000172586
4037.0	0.000149857
4037.140381	0.000146147
4038.0	0.000135259
4038.140625	0.000133476
4039.0	0.000124398
4039.141113	0.000122907
4040.0	0.000113599
4040.141113	0.000112069
4041.0	0.000101169
4041.141602	9.93721e-05
4042.0	8.96064e-05
4042.141602	8.79961e-05
4043.0	7.75545e-05
4043.14209	7.58247e-05
4044.0	6.87873e-05
4044.142334	6.76195e-05
4045.0	6.24005e-05
4045.142578	6.15328e-05
4046.0	5.51763e-05
4046.142822	5.41179e-05
4047.0	5.4586e-05
4047.143066	5.46634e-05
4048.0	4.6942e-05
4048.143311	4.56505e-05
