3948.0	5.83767e-05
3948.617188	6.36846e-05
3949.0	6.21644e-05
3950.0	5.8185e-05
3951.0	5.42013e-05
3951.11792	5.37312e-05
3952.0	6.20727e-05
3953.0	7.15449e-05
3953.618652	7.74066e-05
3954.0	8.16113e-05
3955.0	9.26451e-05
3956.0	0.000103691
3956.119385	0.000105011
3957.0	0.000129232
3958.0	0.000156754
3958.619873	0.000173829
3959.0	0.000189798
3960.0	0.000231839
3961.0	0.000273923
3961.120605	0.000279005
3962.0	0.000299171
3963.0	0.0003221
3963.621094	0.000336354
3964.0	0.000335331
3965.0	0.00033263
3966.0	0.000329953
3966.121826	0.000329624
3967.0	0.000315034
3968.0	0.000298404
3968.622559	0.000288042
3969.0	0.000287642
3970.0	0.000286604
3971.0	0.00028554
3971.123291	0.000285409
3972.0	0.000311254
3973.0	0.000340763
3973.623779	0.000359206
3974.0	0.000389198
3975.0	0.000468946
3976.0	0.000548777
3976.124512	0.000558723
3977.0	0.000706877
3978.0	0.000876344
3978.625	0.000982312
3979.0	0.00108752
3980.0	0.00136826
3981.0	0.00164929
3981.125732	0.00168467
3982.0	0.00198659
3983.0	0.00233212
3983.626465	0.00254876
3984.0	0.00264665
3985.0	0.0029089
3986.0	0.00317142
3986.127197	0.00320487
3987.0	0.00340831
3988.0	0.00364135
3988.627686	0.00378775
3989.0	0.00395389
3990.0	0.00440046
3991.0	0.0048479
3991.128418	0.00490534
3992.0	0.00583862
3993.0	0.00691044
3993.62915	0.00758535
3994.0	0.00839764
3995.0	0.0105905
3996.0	0.0127848
3996.129639	0.0130695
3997.0	0.0159275
3998.0	0.0192144
3998.630371	0.0212893
3999.0	0.0224874
4000.0	0.0257291
4001.0	0.0289633
4001.131104	0.0293874
4002.0	0.0310135
4003.0	0.0328855
4003.631592	0.0340699
4004.0	0.034538
4005.0	0.0358059
4006.0	0.0370742
4006.132324	0.037242
4007.0	0.0396347
4008.0	0.0423966
4008.633057	0.0441433
4009.0	0.0462863
4010.0	0.0521275
4011.0	0.0579704
4011.133545	0.0587514
4012.0	0.0670326
4013.0	0.0765876
4013.634277	0.0826495
4014.0	0.0873395
4015.0	0.100166
4016.0	0.113006
4016.13501	0.114738
4017.0	0.127212
4018.0	0.141637
4018.635498	0.150806
4019.0	0.155653
4020.0	0.168952
4021.0	0.182271
4021.13623	0.184084
4022.0	0.191705
4023.0	0.200531
4023.636963	0.206153
4024.0	0.207171
4025.0	0.209991
4026.0	0.212795
4026.137695	0.213181
4027.0	0.211729
4028.0	0.210046
4028.638184	0.208983
4029.0	0.20818
4030.0	0.205941
4031.0	0.203714
4031.138916	0.203404
4032.0	0.204065
4033.0	0.204832
4033.639404	0.205333
4034.0	0.206992
4035.0	0.211576
4036.0	0.216161
4036.140137	0.216803
4037.0	0.222383
4038.0	0.228894
4038.640869	0.233056
4039.0	0.235121
4040.0	0.240874
4041.0	0.246628
4041.141602	0.247443
4042.0	0.250162
4043.0	0.253353
4043.64209	0.255388
4044.0	0.255685
4045.0	0.256516
4046.0	0.257346
4046.142822	0.257468
4047.0	0.257426
4048.0	0.257354
4048.643311	0.257308
4049.0	0.25725
4050.0	0.257088
4051.0	0.256948
4051.144043	0.256924
4052.0	0.25667
4053.0	0.256372
4053.644775	0.25618
4054.0	0.255812
4055.0	0.254777
4056.0	0.253763
4056.145508	0.253612
4057.0	0.252026
4058.0	0.250169
4058.645996	0.248969
4059.0	0.248206
4060.0	0.24607
4061.0	0.243912
4061.146729	0.243596
4062.0	0.24216
4063.0	0.240476
4063.647461	0.239386
4064.0	0.239187
4065.0	0.238646
4066.0	0.238083
4066.147949	0.238
4067.0	0.238365
4068.0	0.238795
4068.648682	0.239087
4069.0	0.239488
4070.0	0.240611
4071.0	0.241734
4071.149414	0.241901
4072.0	0.243143
4073.0	0.244604
4073.649902	0.245567
4074.0	0.246038
4075.0	0.247361
4076.0	0.248685
4076.150635	0.248884
4077.0	0.249584
4078.0	0.25043
4078.651367	0.250968
4079.0	0.250969
4080.0	0.250973
4081.0	0.250976
4081.151855	0.250977
4082.0	0.250226
4083.0	0.249361
4083.652588	0.248783
4084.0	0.248225
4085.0	0.246619
4086.0	0.245012
4086.15332	0.244769
4087.0	0.243066
4088.0	0.241032
4088.653809	0.239702
4089.0	0.239016
4090.0	0.237033
4091.0	0.235049
4091.154541	0.234745
4092.0	0.233446
4093.0	0.231888
4093.655273	0.230867
4094.0	0.230594
4095.0	0.229799
4096.0	0.229024
4096.155762	0.228901
4097.0	0.228966
4098.0	0.229043
4098.656738	0.229094
4099.0	0.22935
4100.0	0.230098
4101.0	0.230866
4101.157227	0.230984
4102.0	0.231934
4103.0	0.233062
4103.657715	0.233805
4104.0	0.234304
4105.0	0.235783
4106.0	0.237242
4106.158691	0.237474
4107.0	0.238985
4108.0	0.240783
4108.65918	0.241968
4109.0	0.242691
4110.0	0.244833
4111.0	0.246955
4111.159668	0.247294
4112.0	0.249168
4113.0	0.2514
4113.660645	0.252875
4114.0	0.253445
4115.0	0.255145
4116.0	0.256825
4116.161133	0.257096
4117.0	0.257237
4118.0	0.257406
4118.661621	0.257532
4119.0	0.256867
4120.0	0.254878
4121.0	0.252887
4121.162598	0.252564
4122.0	0.249379
4123.0	0.245574
4123.663086	0.243065
4124.0	0.241621
4125.0	0.237312
4126.0	0.233002
4126.163574	0.232296
4127.0	0.229582
4128.0	0.226336
4128.664551	0.224191
4129.0	0.223853
4130.0	0.222825
4131.0	0.221797
4131.165039	0.221627
4132.0	0.22301
4133.0	0.224687
4133.665527	0.22579
4134.0	0.227059
4135.0	0.230855
4136.0	0.234652
4136.166504	0.235284
4137.0	0.239118
4138.0	0.243741
4138.666992	0.246812
4139.0	0.248084
4140.0	0.251905
4141.0	0.255727
4141.16748	0.256368
4142.0	0.257878
4143.0	0.259716
4143.668457	0.260929
4144.0	0.260813
4145.0	0.26046
4146.0	0.260108
4146.168945	0.260052
4147.0	0.258717
4148.0	0.257089
4148.669434	0.255998
4149.0	0.255473
4150.0	0.253887
4151.0	0.252299
4151.17041	0.252032
4152.0	0.2515
4153.0	0.250836
4153.670898	0.25039
4154.0	0.250538
4155.0	0.250985
4156.0	0.251433
4156.171387	0.251513
4157.0	0.252503
4158.0	0.253676
4158.672363	0.254465
4159.0	0.254899
4160.0	0.256223
4161.0	0.257547
4161.172852	0.25778
4162.0	0.258699
4163.0	0.259787
4163.673828	0.260521
4164.0	0.260787
4165.0	0.261605
4166.0	0.262423
4166.174316	0.262569
4167.0	0.263004
4168.0	0.263509
4168.674805	0.26385
4169.0	0.263911
4170.0	0.264099
4171.0	0.26431
4171.175293	0.264343
4172.0	0.264398
4173.0	0.264464
4173.67627	0.264509
4174.0	0.264368
4175.0	0.263932
4176.0	0.263518
4176.176758	0.26344
4177.0	0.262248
4178.0	0.260799
4178.677734	0.259817
4179.0	0.258738
4180.0	0.25539
4181.0	0.252063
4181.178223	0.251465
4182.0	0.246406
4183.0	0.240248
4183.678711	0.236067
4184.0	0.233253
4185.0	0.224492
4186.0	0.215747
4186.179688	0.214172
4187.0	0.205955
4188.0	0.195936
4188.680176	0.189118
4189.0	0.186232
4190.0	0.177205
4191.0	0.168189
4191.180664	0.166557
4192.0	0.161024
4193.0	0.154269
4193.681641	0.149662
4194.0	0.148256
4195.0	0.143839
4196.0	0.139431
4196.182129	0.138626
4197.0	0.135677
4198.0	0.13207
4198.682617	0.129607
4199.0	0.128048
4200.0	0.123136
4201.0	0.118232
4201.183594	0.117329
4202.0	0.111354
4203.0	0.104033
4203.684082	0.0990231
4204.0	0.0962578
4205.0	0.0875027
4206.0	0.0787512
4206.18457	0.0771342
4207.0	0.0704356
4208.0	0.0622181
4208.685547	0.0565828
4209.0	0.0546376
4210.0	0.0484501
4211.0	0.042264
4211.186035	0.0411121
4212.0	0.0378053
4213.0	0.0337413
4213.686523	0.0309504
4214.0	0.0301652
4215.0	0.0276597
4216.0	0.0251555
4216.1875	0.0246854
4217.0	0.0234337
4218.0	0.0218927
4218.687988	0.0208322
4219.0	0.0205424
4220.0	0.0196135
4221.0	0.0186859
4221.188477	0.0185108
4222.0	0.0179624
4223.0	0.0172864
4223.689453	0.0168202
4224.0	0.0165805
4225.0	0.0158087
4226.0	0.0150378
4226.189941	0.0148911
4227.0	0.0139782
4228.0	0.0128509
4228.69043	0.0120724
4229.0	0.0116549
4230.0	0.010306
4231.0	0.00895699
4231.191406	0.00869858
4232.0	0.00771614
4233.0	0.00650084
4233.691895	0.00565978
4234.0	0.00539663
4235.0	0.0045424
4236.0	0.00368824
4236.192383	0.00352381
4237.0	0.00311237
4238.0	0.00260279
4238.693359	0.00224938
4239.0	0.00216573
4240.0	0.00189289
4241.0	0.00162011
4241.193848	0.00156719
4242.0	0.00145557
4243.0	0.00131707
4243.694824	0.00122081
4244.0	0.00120425
4245.0	0.00114999
4246.0	0.00109581
4246.195312	0.00108521
4247.0	0.00108232
4248.0	0.00107872
4248.695801	0.00107622
4249.0	0.00109077
4250.0	0.00113859
4251.0	0.00118643
4251.196289	0.00119584
4252.0	0.0012627
4253.0	0.0013458
4253.697266	0.00140376
4254.0	0.00142649
4255.0	0.00150157
4256.0	0.00157667
4256.197754	0.00159156
4257.0	0.00159955
4258.0	0.00160938
4258.69873	0.00161625
4259.0	0.00158729
4260.0	0.00149115
4261.0	0.00139499
4261.199219	0.00137585
4262.0	0.00127745
4263.0	0.00115442
4263.699707	0.00106831
4264.0	0.0010325
4265.0	0.000913208
4266.0	0.000793886
4266.200684	0.00076995
4267.0	0.000706572
4268.0	0.000627196
4268.701172	0.000571526
4269.0	0.000552934
4270.0	0.000490704
4271.0	0.000428458
4271.20166	0.000415903
4272.0	0.000379856
4273.0	0.000334722
4273.702637	0.000302979
4274.0	0.000294183
4275.0	0.000264601
4276.0	0.00023501
4276.203125	0.000228998
4277.0	0.000207638
4278.0	0.000180843
4278.703613	0.000161972
4279.0	0.000158858
4280.0	0.000148352
4281.0	0.000137843
4281.20459	0.000135692
4282.0	0.000128607
4283.0	0.000119707
4283.705078	0.000113423
4284.0	0.000111664
4285.0	0.000105698
4286.0	9.97304e-05
4286.205566	9.85034e-05
4287.0	0.000101034
4288.0	0.000104219
4288.706543	0.000106477
4289.0	0.000105986
4290.0	0.000104305
4291.0	0.000102622
4292.0	0.00010094
4293.0	9.92564e-05
4294.0	9.75811e-05
4295.0	9.58968e-05
4296.0	9.4212e-05
4297.0	9.25268e-05
4298.0	9.08411e-05
4299.0	8.91626e-05
4300.0	8.74758e-05
4301.0	8.57885e-05
4302.0	8.41008e-05
4303.0	8.24126e-05
4304.0	8.0724e-05
4305.0	7.90417e-05
4306.0	7.7352e-05
4307.0	7.56618e-05
4308.0	7.39712e-05
4309.0	7.22801e-05
4310.0	7.05946e-05
4311.0	6.89024e-05
4312.0	6.72097e-05
4313.0	6.55166e-05
4314.0	6.38231e-05
4315.0	6.2129e-05
4316.0	6.04397e-05
4317.0	5.87447e-05
4318.0	5.70491e-05
4319.0	5.53531e-05
4320.0	5.36566e-05
