4578.0	5.89322e-05
4579.0	6.2086e-05
4580.0	6.52401e-05
4581.0	6.83946e-05
4581.283691	6.92896e-05
4582.0	7.23572e-05
4583.0	7.66402e-05
4584.0	8.09238e-05
4585.0	8.52079e-05
4586.0	8.95001e-05
4587.0	9.37856e-05
4588.0	9.80717e-05
4589.0	0.000102358
4590.0	0.000106645
4591.0	0.000110933
4591.286133	0.00011216
4592.0	0.000112729
4593.0	0.000113536
4594.0	0.000114334
4595.0	0.000115132
4596.0	0.000115929
4597.0	0.000116727
4598.0	0.000117525
4599.0	0.000118323
4600.0	0.000119132
4601.0	0.00011993
4601.288574	0.000120161
4602.0	0.000120324
4603.0	0.000120554
4604.0	0.000120784
4605.0	0.000121014
4606.0	0.000121244
4607.0	0.000121474
4608.0	0.000121715
4609.0	0.000121945
4610.0	0.000122175
4611.0	0.000122405
4611.291504	0.000122472
4612.0	0.000123325
4613.0	0.00012453
4614.0	0.000125734
4615.0	0.000126949
4616.0	0.000128154
4617.0	0.000129358
4618.0	0.000130563
4619.0	0.000131768
4620.0	0.000132973
4621.0	0.000134179
4621.293945	0.000134533
4622.0	0.000137795
4623.0	0.000142428
4624.0	0.00014705
4625.0	0.000151672
4626.0	0.000156295
4627.0	0.000160919
4628.0	0.000165543
4629.0	0.000170167
4630.0	0.000174793
4631.0	0.00017943
4631.296875	0.000180802
4632.0	0.000191221
4633.0	0.000206041
4634.0	0.000220862
4635.0	0.000235684
4636.0	0.000250507
4637.0	0.000265332
4638.0	0.000280157
4639.0	0.000295009
4640.0	0.000309838
4641.0	0.000324669
4641.299316	0.000329108
4642.0	0.00034903
4643.0	0.000377464
4644.0	0.000405901
4645.0	0.00043434
4646.0	0.000462781
4647.0	0.000491266
4648.0	0.000519714
4649.0	0.000548165
4650.0	0.000576617
4651.0	0.000605072
4651.301758	0.000613659
4652.0	0.000630555
4653.0	0.000654755
4654.0	0.000679015
4655.0	0.000703221
4656.0	0.000727429
4657.0	0.000751639
4658.0	0.000775851
4659.0	0.000800064
4660.0	0.00082428
4661.0	0.000848497
4661.304688	0.000855876
4662.0	0.000869296
4663.0	0.000888674
4664.0	0.000907978
4665.0	0.000927285
4666.0	0.000946592
4667.0	0.000965902
4668.0	0.000985213
4669.0	0.00100452
4670.0	0.00102384
4671.0	0.00104324
4671.307129	0.00104918
4672.0	0.00107554
4673.0	0.00111358
4674.0	0.00115163
4675.0	0.00118969
4676.0	0.00122774
4677.0	0.0012658
4678.0	0.00130386
4679.0	0.00134204
4680.0	0.00138011
4681.0	0.00141819
4681.310059	0.00142999
4682.0	0.00148128
4683.0	0.00155562
4684.0	0.00162997
4685.0	0.00170433
4686.0	0.00177869
4687.0	0.00185321
4688.0	0.00192759
4689.0	0.00200197
4690.0	0.00207636
4691.0	0.00215075
4691.3125	0.002174
4692.0	0.00223567
4693.0	0.00232537
4694.0	0.00241509
4695.0	0.0025048
4696.0	0.00259475
4697.0	0.00268449
4698.0	0.00277423
4699.0	0.00286399
4700.0	0.00295375
4701.0	0.00304351
4701.31543	0.00307183
4702.0	0.0031217
4703.0	0.00319454
4704.0	0.00326767
4705.0	0.00334053
4706.0	0.0034134
4707.0	0.00348628
4708.0	0.00355916
4709.0	0.00363204
4710.0	0.00370493
4711.0	0.00377783
4711.317871	0.003801
4712.0	0.00388025
4713.0	0.00399678
4714.0	0.00411298
4715.0	0.0042292
4716.0	0.00434542
4717.0	0.00446166
4718.0	0.0045779
4719.0	0.00469415
4720.0	0.00481041
4721.0	0.00492668
4721.320312	0.00496406
4722.0	0.00518615
4723.0	0.00551252
4724.0	0.00583891
4725.0	0.00616532
4726.0	0.00649176
4727.0	0.00681823
4728.0	0.00714472
4729.0	0.00747124
4730.0	0.00779844
4731.0	0.00812504
4731.323242	0.00823061
4732.0	0.00884117
4733.0	0.00974341
4734.0	0.0106457
4735.0	0.0115481
4736.0	0.0124506
4737.0	0.0133531
4738.0	0.0142557
4739.0	0.0151596
4740.0	0.0160624
4741.0	0.0169653
4741.325684	0.0172594
4742.0	0.0184664
4743.0	0.0202566
4744.0	0.0220469
4745.0	0.0238373
4746.0	0.0256279
4747.0	0.0274187
4748.0	0.029212
4749.0	0.0310032
4750.0	0.0327945
4751.0	0.0345859
4751.328613	0.0351746
4752.0	0.0362555
4753.0	0.0378655
4754.0	0.0394757
4755.0	0.0410859
4756.0	0.0426963
4757.0	0.0443068
4758.0	0.0459214
4759.0	0.0475323
4760.0	0.0491433
4761.0	0.0507545
4761.331055	0.0512879
4762.0	0.0519752
4763.0	0.0530026
4764.0	0.0540301
4765.0	0.0550577
4766.0	0.0560853
4767.0	0.0571179
4768.0	0.0581458
4769.0	0.0591738
4770.0	0.0602019
4771.0	0.0612301
4771.333984	0.0615735
4772.0	0.0631559
4773.0	0.0655319
4774.0	0.0679082
4775.0	0.0702846
4776.0	0.0726613
4777.0	0.0750445
4778.0	0.0774217
4779.0	0.0797991
4780.0	0.0821767
4781.0	0.0845544
4781.336426	0.0853544
4782.0	0.0889164
4783.0	0.0942847
4784.0	0.0996534
4785.0	0.105023
4786.0	0.110402
4787.0	0.115772
4788.0	0.121143
4789.0	0.126514
4790.0	0.131886
4791.0	0.137258
4791.338867	0.139078
4792.0	0.144021
4793.0	0.151498
4794.0	0.158975
4795.0	0.166453
4796.0	0.173947
4797.0	0.181426
4798.0	0.188907
4799.0	0.196388
4800.0	0.203869
4801.0	0.211351
4801.341797	0.213909
4802.0	0.217233
4803.0	0.222284
4804.0	0.227335
4805.0	0.232387
4806.0	0.237459
4807.0	0.242512
4808.0	0.247566
4809.0	0.252619
4810.0	0.257673
4811.0	0.262728
4811.344238	0.264468
4812.0	0.265631
4813.0	0.267405
4814.0	0.269179
4815.0	0.270953
4816.0	0.27275
4817.0	0.274525
4818.0	0.2763
4819.0	0.278074
4820.0	0.279849
4821.0	0.281624
4821.347168	0.282241
4822.0	0.282532
4823.0	0.282977
4824.0	0.283422
4825.0	0.283868
4826.0	0.284313
4827.0	0.284783
4828.0	0.285229
4829.0	0.285675
4830.0	0.28612
4831.0	0.286563
4831.349609	0.286718
4832.0	0.286462
4833.0	0.286069
4834.0	0.285676
4835.0	0.285283
4836.0	0.28489
4837.0	0.284521
4838.0	0.284128
4839.0	0.283735
4840.0	0.283341
4841.0	0.282948
4841.352539	0.28281
4842.0	0.282542
4843.0	0.28213
4844.0	0.281717
4845.0	0.281304
4846.0	0.280892
4847.0	0.280479
4848.0	0.28009
4849.0	0.279677
4850.0	0.279264
4851.0	0.278851
4851.35498	0.278705
4852.0	0.278939
4853.0	0.279303
4854.0	0.279666
4855.0	0.28003
4856.0	0.280394
4857.0	0.280757
4858.0	0.281121
4859.0	0.281509
4860.0	0.281872
4861.0	0.282236
4861.357422	0.282366
4862.0	0.282782
4863.0	0.283429
4864.0	0.284076
4865.0	0.284723
4866.0	0.28537
4867.0	0.286018
4868.0	0.286665
4869.0	0.287312
4870.0	0.287984
4871.0	0.288631
4871.360352	0.288865
4872.0	0.288744
4873.0	0.288555
4874.0	0.288366
4875.0	0.288176
4876.0	0.287987
4877.0	0.287798
4878.0	0.287609
4879.0	0.28742
4880.0	0.287231
4881.0	0.287066
4881.362793	0.286998
4882.0	0.286388
4883.0	0.285432
4884.0	0.284476
4885.0	0.28352
4886.0	0.282564
4887.0	0.281607
4888.0	0.280651
4889.0	0.279694
4890.0	0.278738
4891.0	0.277781
4891.365723	0.277431
4892.0	0.276935
4893.0	0.276177
4894.0	0.275394
4895.0	0.274612
4896.0	0.27383
4897.0	0.273047
4898.0	0.272265
4899.0	0.271482
4900.0	0.2707
4901.0	0.269917
4901.368164	0.269629
4902.0	0.269576
4903.0	0.269492
4904.0	0.269407
4905.0	0.269346
4906.0	0.269262
4907.0	0.269178
4908.0	0.269094
4909.0	0.26901
4910.0	0.268925
4911.0	0.268841
4911.371094	0.26881
4912.0	0.269085
4913.0	0.269523
4914.0	0.269961
4915.0	0.270399
4916.0	0.270837
4917.0	0.271298
4918.0	0.271736
4919.0	0.272175
4920.0	0.272613
4921.0	0.273051
4921.373535	0.273215
4922.0	0.273588
4923.0	0.274185
4924.0	0.274782
4925.0	0.275378
4926.0	0.275975
4927.0	0.276572
4928.0	0.277169
4929.0	0.277765
4930.0	0.278386
4931.0	0.278983
4931.375977	0.279208
4932.0	0.279598
4933.0	0.280223
4934.0	0.280848
4935.0	0.281473
4936.0	0.282098
4937.0	0.282724
4938.0	0.283349
4939.0	0.283974
4940.0	0.2846
4941.0	0.285225
4941.378906	0.285462
4942.0	0.285747
4943.0	0.286231
4944.0	0.28669
4945.0	0.287149
4946.0	0.287608
4947.0	0.288067
4948.0	0.288526
4949.0	0.288985
4950.0	0.289444
4951.0	0.289903
4951.381348	0.290079
4952.0	0.290124
4953.0	0.290198
4954.0	0.290272
4955.0	0.290346
4956.0	0.290445
4957.0	0.290519
4958.0	0.290593
4959.0	0.290667
4960.0	0.290741
4961.0	0.290815
4961.384277	0.290843
4962.0	0.290603
4963.0	0.290214
4964.0	0.289824
4965.0	0.289435
4966.0	0.289045
4967.0	0.288656
4968.0	0.288266
4969.0	0.287901
4970.0	0.287512
4971.0	0.287122
4971.386719	0.286971
4972.0	0.286678
4973.0	0.2862
4974.0	0.285722
4975.0	0.285244
4976.0	0.284766
4977.0	0.284288
4978.0	0.28381
4979.0	0.283332
4980.0	0.282854
4981.0	0.282376
4981.389648	0.28219
4982.0	0.282137
4983.0	0.282051
4984.0	0.281989
4985.0	0.281903
4986.0	0.281817
4987.0	0.281731
4988.0	0.281645
4989.0	0.281559
4990.0	0.281473
4991.0	0.281387
4991.39209	0.281353
4992.0	0.281614
4993.0	0.282043
4994.0	0.282471
4995.0	0.2829
4996.0	0.283329
4997.0	0.283758
4998.0	0.284212
4999.0	0.284641
5000.0	0.28507
5001.0	0.285492
5001.39502	0.285658
5002.0	0.285961
5003.0	0.286462
5004.0	0.286963
5005.0	0.287464
5006.0	0.287964
5007.0	0.288465
5008.0	0.288966
5009.0	0.289467
5010.0	0.289967
5011.0	0.290468
5011.397461	0.290667
5012.0	0.290688
5013.0	0.290747
5014.0	0.290781
5015.0	0.290815
5016.0	0.290849
5017.0	0.290884
5018.0	0.290918
5019.0	0.290952
5020.0	0.290986
5021.0	0.29102
5021.399902	0.291034
5022.0	0.290649
5023.0	0.290009
5024.0	0.289368
5025.0	0.288727
5026.0	0.288086
5027.0	0.287445
5028.0	0.286804
5029.0	0.286188
5030.0	0.285547
5031.0	0.284899
5031.402832	0.284638
5032.0	0.284085
5033.0	0.283159
5034.0	0.282232
5035.0	0.281306
5036.0	0.280379
5037.0	0.279453
5038.0	0.278527
5039.0	0.277601
5040.0	0.276674
5041.0	0.275748
5041.405273	0.275373
5042.0	0.274954
5043.0	0.274249
5044.0	0.273545
5045.0	0.27284
5046.0	0.272159
5047.0	0.271454
5048.0	0.27075
5049.0	0.270045
5050.0	0.269341
5051.0	0.268637
5051.408203	0.268349
5052.0	0.268217
5053.0	0.267995
5054.0	0.267773
5055.0	0.267551
5056.0	0.267329
5057.0	0.267106
5058.0	0.266884
5059.0	0.266662
5060.0	0.26644
5061.0	0.266218
5061.410645	0.266126
5062.0	0.266261
5063.0	0.266512
5064.0	0.266741
5065.0	0.266969
5066.0	0.267197
5067.0	0.267426
5068.0	0.267654
5069.0	0.267883
5070.0	0.268111
5071.0	0.268339
5071.413574	0.268434
5072.0	0.26869
5073.0	0.269125
5074.0	0.269561
5075.0	0.269997
5076.0	0.270433
5077.0	0.270869
5078.0	0.271305
5079.0	0.271741
5080.0	0.272177
5081.0	0.272613
5081.416016	0.272804
5082.0	0.273059
5083.0	0.273474
5084.0	0.273888
5085.0	0.274303
5086.0	0.274717
5087.0	0.275131
5088.0	0.275546
5089.0	0.27596
5090.0	0.276374
5091.0	0.276788
5091.418945	0.276962
5092.0	0.277084
5093.0	0.277293
5094.0	0.277502
5095.0	0.277711
5096.0	0.27792
5097.0	0.278129
5098.0	0.278339
5099.0	0.278548
5100.0	0.278757
5101.0	0.27899
5101.421387	0.279078
5102.0	0.279131
5103.0	0.279222
5104.0	0.279313
5105.0	0.279404
5106.0	0.279495
5107.0	0.279586
5108.0	0.279677
5109.0	0.279769
5110.0	0.27986
5111.0	0.279951
5111.424316	0.279989
5112.0	0.280059
5113.0	0.28018
5114.0	0.2803
5115.0	0.280421
5116.0	0.280542
5117.0	0.280663
5118.0	0.280783
5119.0	0.280904
5120.0	0.281025
5121.0	0.281146
5121.426758	0.281207
5122.0	0.281385
5123.0	0.281671
5124.0	0.281956
5125.0	0.282242
5126.0	0.282528
5127.0	0.282814
5128.0	0.2831
5129.0	0.283386
5130.0	0.283671
5131.0	0.283957
5131.429199	0.28408
5132.0	0.284267
5133.0	0.284595
5134.0	0.284924
5135.0	0.285252
5136.0	0.28558
5137.0	0.285909
5138.0	0.286237
5139.0	0.286565
5140.0	0.286893
5141.0	0.287222
5141.432129	0.287364
5142.0	0.287422
5143.0	0.287525
5144.0	0.287653
5145.0	0.287756
5146.0	0.287859
5147.0	0.287962
5148.0	0.288065
5149.0	0.288168
5150.0	0.288271
5151.0	0.288374
5151.43457	0.288419
5152.0	0.288222
5153.0	0.287875
5154.0	0.287527
5155.0	0.28718
5156.0	0.286832
5157.0	0.286485
5158.0	0.286137
5159.0	0.28579
5160.0	0.285442
5161.0	0.285095
5161.4375	0.284943
5162.0	0.284558
5163.0	0.283873
5164.0	0.283188
5165.0	0.282503
5166.0	0.281818
5167.0	0.281133
5168.0	0.280449
5169.0	0.279788
5170.0	0.279103
5171.0	0.278418
5171.439941	0.278117
5172.0	0.277768
5173.0	0.277145
5174.0	0.276522
5175.0	0.275899
5176.0	0.275276
5177.0	0.274654
5178.0	0.274031
5179.0	0.273408
5180.0	0.272785
5181.0	0.272163
5181.442871	0.271887
5182.0	0.271763
5183.0	0.271541
5184.0	0.27132
5185.0	0.271098
5186.0	0.270876
5187.0	0.270654
5188.0	0.270433
5189.0	0.270211
5190.0	0.269989
5191.0	0.269768
5191.445312	0.269669
5192.0	0.269863
5193.0	0.270213
5194.0	0.270564
5195.0	0.270914
5196.0	0.271264
5197.0	0.271637
5198.0	0.271987
5199.0	0.272338
5200.0	0.272688
5201.0	0.273038
5201.448242	0.273195
5202.0	0.273606
5203.0	0.274352
5204.0	0.275098
5205.0	0.275843
5206.0	0.276589
5207.0	0.277334
5208.0	0.27808
5209.0	0.278825
5210.0	0.279571
5211.0	0.280316
5211.450684	0.280652
5212.0	0.281076
5213.0	0.281848
5214.0	0.282619
5215.0	0.283391
5216.0	0.284163
5217.0	0.284934
5218.0	0.285706
5219.0	0.286478
5220.0	0.287249
5221.0	0.288021
5221.453613	0.288371
5222.0	0.288612
5223.0	0.289053
5224.0	0.289495
5225.0	0.289937
5226.0	0.290378
5227.0	0.29082
5228.0	0.291261
5229.0	0.291703
5230.0	0.292169
5231.0	0.292612
5231.456055	0.292815
5232.0	0.292827
5233.0	0.292849
5234.0	0.292871
5235.0	0.292893
5236.0	0.292915
5237.0	0.292937
5238.0	0.292959
5239.0	0.292981
5240.0	0.293003
5241.0	0.293025
5241.458496	0.293035
5242.0	0.292908
5243.0	0.292672
5244.0	0.292436
5245.0	0.2922
5246.0	0.291964
5247.0	0.291728
5248.0	0.291492
5249.0	0.291256
5250.0	0.291021
5251.0	0.290785
5251.461426	0.290676
5252.0	0.290532
5253.0	0.290264
5254.0	0.289996
5255.0	0.289728
5256.0	0.28946
5257.0	0.289192
5258.0	0.288924
5259.0	0.288656
5260.0	0.288388
5261.0	0.28812
5261.463867	0.287996
5262.0	0.287897
5263.0	0.287713
5264.0	0.287529
5265.0	0.287344
5266.0	0.28716
5267.0	0.286976
5268.0	0.286791
5269.0	0.286607
5270.0	0.286447
5271.0	0.286263
5271.466797	0.286177
5272.0	0.286117
5273.0	0.286003
5274.0	0.28589
5275.0	0.285777
5276.0	0.285664
5277.0	0.285551
5278.0	0.285437
5279.0	0.285324
5280.0	0.285211
5281.0	0.285098
5281.469238	0.285045
5282.0	0.284988
5283.0	0.284881
5284.0	0.284774
5285.0	0.284666
5286.0	0.284559
5287.0	0.284452
5288.0	0.284345
5289.0	0.284238
5290.0	0.284131
5291.0	0.284024
5291.472168	0.283973
5292.0	0.283905
5293.0	0.283774
5294.0	0.283644
5295.0	0.283514
5296.0	0.283384
5297.0	0.283254
5298.0	0.283124
5299.0	0.282994
5300.0	0.282864
5301.0	0.282734
5301.474609	0.282672
5302.0	0.282622
5303.0	0.282527
5304.0	0.282431
5305.0	0.282336
5306.0	0.282241
5307.0	0.282146
5308.0	0.28205
5309.0	0.281955
5310.0	0.28186
5311.0	0.281765
5311.477539	0.281719
5312.0	0.28172
5313.0	0.281722
5314.0	0.281723
5315.0	0.281725
5316.0	0.281726
5317.0	0.281728
5318.0	0.28173
5319.0	0.281731
5320.0	0.281733
5321.0	0.281734
5321.47998	0.281735
5322.0	0.281822
5323.0	0.281989
5324.0	0.282155
5325.0	0.282322
5326.0	0.282489
5327.0	0.282656
5328.0	0.282822
5329.0	0.282989
5330.0	0.283156
5331.0	0.283322
5331.48291	0.283403
5332.0	0.283545
5333.0	0.283844
5334.0	0.284118
5335.0	0.284393
5336.0	0.284667
5337.0	0.284942
5338.0	0.285216
5339.0	0.285491
5340.0	0.285765
5341.0	0.28604
5341.485352	0.286173
5342.0	0.28634
5343.0	0.286664
5344.0	0.286988
5345.0	0.287312
5346.0	0.287636
5347.0	0.287959
5348.0	0.288283
5349.0	0.288607
5350.0	0.288931
5351.0	0.289255
5351.487793	0.289413
5352.0	0.289556
5353.0	0.289834
5354.0	0.290113
5355.0	0.290391
5356.0	0.29067
5357.0	0.290948
5358.0	0.291227
5359.0	0.291505
5360.0	0.291784
5361.0	0.292062
5361.490723	0.292198
5362.0	0.29228
5363.0	0.292439
5364.0	0.292599
5365.0	0.292758
5366.0	0.292917
5367.0	0.293077
5368.0	0.293236
5369.0	0.293396
5370.0	0.293555
5371.0	0.293714
5371.493164	0.293793
5372.0	0.29381
5373.0	0.293843
5374.0	0.293877
5375.0	0.293911
5376.0	0.293944
5377.0	0.293978
5378.0	0.294011
5379.0	0.294045
5380.0	0.294078
5381.0	0.294112
5381.496094	0.294128
5382.0	0.294079
5383.0	0.293982
5384.0	0.293884
5385.0	0.293787
5386.0	0.29369
5387.0	0.293592
5388.0	0.293495
5389.0	0.293397
5390.0	0.2933
5391.0	0.293202
5391.498535	0.293154
5392.0	0.293067
5393.0	0.292894
5394.0	0.292721
5395.0	0.292548
5396.0	0.292375
5397.0	0.292202
5398.0	0.292029
5399.0	0.291857
5400.0	0.291684
5401.0	0.291511
5401.501465	0.291424
5402.0	0.291313
5403.0	0.291091
5404.0	0.29087
5405.0	0.290648
5406.0	0.290426
5407.0	0.290205
5408.0	0.289983
5409.0	0.289761
5410.0	0.289539
5411.0	0.289318
5411.503906	0.289206
5412.0	0.289077
5413.0	0.288819
5414.0	0.28856
5415.0	0.288301
5416.0	0.288042
5417.0	0.287783
5418.0	0.287524
5419.0	0.287265
5420.0	0.287007
5421.0	0.286748
5421.506836	0.286616
5422.0	0.28649
5423.0	0.286234
5424.0	0.285977
5425.0	0.285721
5426.0	0.285465
5427.0	0.285209
5428.0	0.284953
5429.0	0.284696
5430.0	0.28444
5431.0	0.284184
5431.509277	0.284053
5432.0	0.28395
5433.0	0.28374
5434.0	0.28353
5435.0	0.283321
5436.0	0.283111
5437.0	0.282901
5438.0	0.282691
5439.0	0.282481
5440.0	0.282271
5441.0	0.282061
5441.512207	0.281954
5442.0	0.281888
5443.0	0.281752
5444.0	0.281617
5445.0	0.281482
5446.0	0.281346
5447.0	0.281211
5448.0	0.281075
5449.0	0.28094
5450.0	0.280804
5451.0	0.280669
5451.514648	0.280599
5452.0	0.280592
5453.0	0.280578
5454.0	0.280564
5455.0	0.28055
5456.0	0.280536
5457.0	0.280522
5458.0	0.280508
5459.0	0.280494
5460.0	0.280457
5461.0	0.280442
5461.517578	0.280435
5462.0	0.280495
5463.0	0.280619
5464.0	0.280743
5465.0	0.280867
5466.0	0.280991
5467.0	0.281115
5468.0	0.281239
5469.0	0.281363
5470.0	0.281487
5471.0	0.281611
5471.52002	0.281675
5472.0	0.281797
5473.0	0.28205
5474.0	0.282303
5475.0	0.282557
5476.0	0.28281
5477.0	0.283063
5478.0	0.283317
5479.0	0.28357
5480.0	0.283823
5481.0	0.284076
5481.522461	0.284209
5482.0	0.284362
5483.0	0.284684
5484.0	0.285006
5485.0	0.285328
5486.0	0.28565
5487.0	0.285971
5488.0	0.286293
5489.0	0.286615
5490.0	0.286937
5491.0	0.287258
5491.525391	0.287427
5492.0	0.287577
5493.0	0.287893
5494.0	0.288209
5495.0	0.288525
5496.0	0.288841
5497.0	0.289157
5498.0	0.289472
5499.0	0.289788
5500.0	0.290104
5501.0	0.290421
5501.527832	0.290588
5502.0	0.290695
5503.0	0.290919
5504.0	0.291144
5505.0	0.291369
5506.0	0.291593
5507.0	0.291818
5508.0	0.292042
5509.0	0.292267
5510.0	0.292492
5511.0	0.292716
5511.530762	0.292835
5512.0	0.292863
5513.0	0.292922
5514.0	0.292981
5515.0	0.293041
5516.0	0.2931
5517.0	0.293159
5518.0	0.293218
5519.0	0.293277
5520.0	0.293336
5521.0	0.293395
5521.533203	0.293414
5522.0	0.293349
5523.0	0.293234
5524.0	0.29312
5525.0	0.293005
5526.0	0.292891
5527.0	0.292777
5528.0	0.292662
5529.0	0.292548
5530.0	0.292433
5531.0	0.292319
5531.536133	0.292257
5532.0	0.292137
5533.0	0.291877
5534.0	0.291617
5535.0	0.291357
5536.0	0.291097
5537.0	0.290837
5538.0	0.290578
5539.0	0.290318
5540.0	0.290058
5541.0	0.289798
5541.538574	0.289658
5542.0	0.289509
5543.0	0.289185
5544.0	0.288862
5545.0	0.288539
5546.0	0.288216
5547.0	0.287893
5548.0	0.287569
5549.0	0.287246
5550.0	0.286923
5551.0	0.2866
5551.541504	0.286425
5552.0	0.286269
5553.0	0.285928
5554.0	0.285588
5555.0	0.285248
5556.0	0.284908
5557.0	0.284567
5558.0	0.284227
5559.0	0.283887
5560.0	0.283547
5561.0	0.283206
5561.543945	0.283021
5562.0	0.282886
5563.0	0.282566
5564.0	0.28227
5565.0	0.281973
5566.0	0.281677
5567.0	0.281381
5568.0	0.281085
5569.0	0.280788
5570.0	0.280492
5571.0	0.280196
5571.546875	0.280034
5572.0	0.27994
5573.0	0.279733
5574.0	0.279526
5575.0	0.279319
5576.0	0.279112
5577.0	0.278905
5578.0	0.278698
5579.0	0.278491
5580.0	0.278285
5581.0	0.278078
5581.549316	0.277964
5582.0	0.277923
5583.0	0.277831
5584.0	0.277739
5585.0	0.277647
5586.0	0.277556
5587.0	0.277464
5588.0	0.277372
5589.0	0.277281
5590.0	0.277189
5591.0	0.277097
5591.552246	0.277047
5592.0	0.277071
5593.0	0.277124
5594.0	0.277177
5595.0	0.277207
5596.0	0.27726
5597.0	0.277313
5598.0	0.277367
5599.0	0.27742
5600.0	0.277473
5601.0	0.277526
5601.554688	0.277556
5602.0	0.277642
5603.0	0.277837
5604.0	0.278032
5605.0	0.278227
5606.0	0.278421
5607.0	0.278616
5608.0	0.278811
5609.0	0.279005
5610.0	0.2792
5611.0	0.279395
5611.557617	0.279503
5612.0	0.279639
5613.0	0.279945
5614.0	0.280251
5615.0	0.280557
5616.0	0.280863
5617.0	0.281169
5618.0	0.281475
5619.0	0.281781
5620.0	0.282087
5621.0	0.282392
5621.560059	0.282564
5622.0	0.282719
5623.0	0.283048
5624.0	0.283402
5625.0	0.283755
5626.0	0.284108
5627.0	0.284461
5628.0	0.284814
5629.0	0.285168
5630.0	0.285521
5631.0	0.285866
5631.562988	0.286061
5632.0	0.286198
5633.0	0.286512
5634.0	0.286825
5635.0	0.287139
5636.0	0.287453
5637.0	0.287766
5638.0	0.28808
5639.0	0.288394
5640.0	0.288707
5641.0	0.289021
5641.56543	0.289198
5642.0	0.289279
5643.0	0.289465
5644.0	0.289652
5645.0	0.289838
5646.0	0.290024
5647.0	0.290211
5648.0	0.290372
5649.0	0.290558
5650.0	0.290745
5651.0	0.290931
5651.567871	0.291037
5652.0	0.291042
5653.0	0.291053
5654.0	0.291065
5655.0	0.291076
5656.0	0.291088
5657.0	0.2911
5658.0	0.291111
5659.0	0.291123
5660.0	0.291134
5661.0	0.291146
5661.570801	0.291153
5662.0	0.291092
5663.0	0.290951
5664.0	0.29081
5665.0	0.290668
5666.0	0.290527
5667.0	0.290386
5668.0	0.290245
5669.0	0.290104
5670.0	0.289963
5671.0	0.289797
5671.57373	0.289715
5672.0	0.289607
5673.0	0.289351
5674.0	0.289096
5675.0	0.288841
5676.0	0.288585
5677.0	0.28833
5678.0	0.288075
5679.0	0.28782
5680.0	0.287565
5681.0	0.287309
5681.576172	0.287162
5682.0	0.287044
5683.0	0.286767
5684.0	0.286489
5685.0	0.286211
5686.0	0.285933
5687.0	0.285655
5688.0	0.285378
5689.0	0.2851
5690.0	0.284822
5691.0	0.284544
5691.578613	0.28437
5692.0	0.284258
5693.0	0.284018
5694.0	0.283778
5695.0	0.283538
5696.0	0.283298
5697.0	0.283058
5698.0	0.282818
5699.0	0.282578
5700.0	0.282338
5701.0	0.282098
5701.581543	0.281958
5702.0	0.281887
5703.0	0.281717
5704.0	0.281547
5705.0	0.281377
5706.0	0.281207
5707.0	0.281037
5708.0	0.280867
5709.0	0.280697
5710.0	0.280527
5711.0	0.280333
5711.583984	0.280234
5712.0	0.28019
5713.0	0.280084
5714.0	0.279978
5715.0	0.279871
5716.0	0.279765
5717.0	0.279659
5718.0	0.279553
5719.0	0.279447
5720.0	0.279341
5721.0	0.279234
5721.586914	0.279172
5722.0	0.279144
5723.0	0.279075
5724.0	0.279006
5725.0	0.278937
5726.0	0.278869
5727.0	0.2788
5728.0	0.278731
5729.0	0.278639
5730.0	0.27857
5731.0	0.278501
5731.589355	0.278461
5732.0	0.278446
5733.0	0.278409
5734.0	0.278373
5735.0	0.278336
5736.0	0.2783
5737.0	0.278264
5738.0	0.278227
5739.0	0.278191
5740.0	0.278154
5741.0	0.278118
5741.592285	0.278096
5742.0	0.278093
5743.0	0.278086
5744.0	0.278079
5745.0	0.278072
5746.0	0.278064
5747.0	0.278033
5748.0	0.278026
5749.0	0.278019
5750.0	0.278012
5751.0	0.278004
5751.594727	0.278
5752.0	0.278015
5753.0	0.278052
5754.0	0.278088
5755.0	0.278125
5756.0	0.278161
5757.0	0.278198
5758.0	0.278235
5759.0	0.278271
5760.0	0.278308
5761.0	0.278344
5761.597656	0.278366
5762.0	0.278409
5763.0	0.278493
5764.0	0.278601
5765.0	0.278709
5766.0	0.278816
5767.0	0.278924
5768.0	0.279032
5769.0	0.279139
5770.0	0.279247
5771.0	0.279355
5771.600098	0.279419
5772.0	0.279498
5773.0	0.279697
5774.0	0.279895
5775.0	0.280094
5776.0	0.280292
5777.0	0.28049
5778.0	0.280688
5779.0	0.280863
5780.0	0.281061
5781.0	0.281259
5781.603027	0.281379
5782.0	0.281485
5783.0	0.281753
5784.0	0.282021
5785.0	0.282289
5786.0	0.282557
5787.0	0.282825
5788.0	0.283093
5789.0	0.283361
5790.0	0.283629
5791.0	0.283896
5791.605469	0.284058
5792.0	0.284168
5793.0	0.284447
5794.0	0.284701
5795.0	0.28498
5796.0	0.285258
5797.0	0.285536
5798.0	0.285815
5799.0	0.286093
5800.0	0.286371
5801.0	0.28665
5801.608398	0.286819
5802.0	0.286901
5803.0	0.287111
5804.0	0.28732
5805.0	0.287529
5806.0	0.287738
5807.0	0.287948
5808.0	0.288157
5809.0	0.288341
5810.0	0.288551
5811.0	0.28876
5811.61084	0.288887
5812.0	0.28891
5813.0	0.28897
5814.0	0.289029
5815.0	0.289088
5816.0	0.289147
5817.0	0.289206
5818.0	0.289266
5819.0	0.289325
5820.0	0.289384
5821.0	0.289443
5821.61377	0.28948
5822.0	0.289427
5823.0	0.289267
5824.0	0.289132
5825.0	0.288996
5826.0	0.288861
5827.0	0.288726
5828.0	0.28859
5829.0	0.288455
5830.0	0.28832
5831.0	0.288189
5831.616211	0.288108
5832.0	0.287991
5833.0	0.287686
5834.0	0.287381
5835.0	0.287076
5836.0	0.286772
5837.0	0.286442
5838.0	0.286137
5839.0	0.285833
5840.0	0.285528
5841.0	0.285223
5841.619141	0.285034
5842.0	0.284884
5843.0	0.28449
5844.0	0.284095
5845.0	0.283701
5846.0	0.283307
5847.0	0.282913
5848.0	0.282518
5849.0	0.282124
5850.0	0.281706
5851.0	0.281312
5851.621582	0.281067
5852.0	0.280924
5853.0	0.280546
5854.0	0.280168
5855.0	0.27979
5856.0	0.279412
5857.0	0.279033
5858.0	0.278655
5859.0	0.278277
5860.0	0.277899
5861.0	0.277521
5861.624512	0.277285
5862.0	0.277178
5863.0	0.27687
5864.0	0.276585
5865.0	0.2763
5866.0	0.276015
5867.0	0.27573
5868.0	0.275445
5869.0	0.275161
5870.0	0.274876
5871.0	0.274591
5871.626953	0.274413
5872.0	0.27436
5873.0	0.274218
5874.0	0.274077
5875.0	0.273935
5876.0	0.27377
5877.0	0.273629
5878.0	0.273487
5879.0	0.273346
5880.0	0.273204
5881.0	0.273063
5881.629883	0.272974
5882.0	0.272978
5883.0	0.272988
5884.0	0.272999
5885.0	0.273009
5886.0	0.27302
5887.0	0.27303
5888.0	0.273017
5889.0	0.273028
5890.0	0.273038
5891.0	0.273049
5891.632324	0.273055
5892.0	0.273096
5893.0	0.273206
5894.0	0.273317
5895.0	0.273428
5896.0	0.273538
5897.0	0.273649
5898.0	0.273759
5899.0	0.27387
5900.0	0.273957
5901.0	0.274068
5901.634766	0.274138
5902.0	0.274204
5903.0	0.274385
5904.0	0.274566
5905.0	0.274747
5906.0	0.274928
5907.0	0.275109
5908.0	0.27529
5909.0	0.275471
5910.0	0.275651
5911.0	0.275809
5911.637695	0.275924
5912.0	0.275997
5913.0	0.276198
5914.0	0.2764
5915.0	0.276601
5916.0	0.276802
5917.0	0.277003
5918.0	0.277204
5919.0	0.277405
5920.0	0.277606
5921.0	0.277807
5921.640625	0.277936
5922.0	0.278002
5923.0	0.278163
5924.0	0.278347
5925.0	0.27853
5926.0	0.278714
5927.0	0.278898
5928.0	0.279082
5929.0	0.279266
5930.0	0.27945
5931.0	0.279634
5931.643066	0.279752
5932.0	0.279811
5933.0	0.279977
5934.0	0.280118
5935.0	0.280283
5936.0	0.280449
5937.0	0.280614
5938.0	0.28078
5939.0	0.280945
5940.0	0.28111
5941.0	0.281276
5941.645508	0.281382
5942.0	0.281435
5943.0	0.281582
5944.0	0.28173
5945.0	0.281853
5946.0	0.282001
5947.0	0.282149
5948.0	0.282296
5949.0	0.282444
5950.0	0.282591
5951.0	0.282739
5951.648438	0.282834
5952.0	0.282883
5953.0	0.28302
5954.0	0.283157
5955.0	0.283295
5956.0	0.283408
5957.0	0.283546
5958.0	0.283683
5959.0	0.283821
5960.0	0.283958
5961.0	0.284095
5961.650879	0.284185
5962.0	0.284233
5963.0	0.284369
5964.0	0.284506
5965.0	0.284643
5966.0	0.284755
5967.0	0.284892
5968.0	0.285028
5969.0	0.285165
5970.0	0.285301
5971.0	0.285438
5971.653809	0.285527
5972.0	0.285566
5973.0	0.285678
5974.0	0.285791
5975.0	0.285903
5976.0	0.285991
5977.0	0.286103
5978.0	0.286215
5979.0	0.286327
5980.0	0.28644
5981.0	0.286552
5981.656738	0.286626
5982.0	0.286644
5983.0	0.286697
5984.0	0.28675
5985.0	0.286803
5986.0	0.286856
5987.0	0.286884
5988.0	0.286937
5989.0	0.28699
5990.0	0.287043
5991.0	0.287097
5991.65918	0.287132
5992.0	0.287121
5993.0	0.28709
5994.0	0.287059
5995.0	0.287027
5996.0	0.286996
5997.0	0.286941
5998.0	0.286909
5999.0	0.286878
6000.0	0.286847
6001.0	0.286838
6001.661621	0.286831
6002.0	0.286792
6003.0	0.286677
6004.0	0.286562
6005.0	0.286447
6006.0	0.286308
6007.0	0.286193
6008.0	0.286078
6009.0	0.285963
6010.0	0.285848
6011.0	0.285733
6011.664551	0.285657
6012.0	0.285581
6013.0	0.285356
6014.0	0.285132
6015.0	0.284907
6016.0	0.284658
6017.0	0.284433
6018.0	0.284208
6019.0	0.283983
6020.0	0.283758
6021.0	0.283534
6021.666992	0.283384
6022.0	0.283285
6023.0	0.282991
6024.0	0.282696
6025.0	0.282377
6026.0	0.282082
6027.0	0.281787
6028.0	0.281492
6029.0	0.281198
6030.0	0.280903
6031.0	0.280604
6031.669922	0.280405
6032.0	0.280307
6033.0	0.28001
6034.0	0.279713
6035.0	0.279392
6036.0	0.279095
6037.0	0.278797
6038.0	0.2785
6039.0	0.278203
6040.0	0.277906
6041.0	0.277609
6041.672363	0.277409
6042.0	0.277334
6043.0	0.277104
6044.0	0.276851
6045.0	0.276621
6046.0	0.276392
6047.0	0.276162
6048.0	0.275933
6049.0	0.275703
6050.0	0.275473
6051.0	0.275244
6051.675293	0.275088
6052.0	0.27505
6053.0	0.274907
6054.0	0.274788
6055.0	0.274669
6056.0	0.27455
6057.0	0.27443
6058.0	0.274311
6059.0	0.274192
6060.0	0.274073
6061.0	0.273954
6061.677734	0.273857
6062.0	0.273858
6063.0	0.273884
6064.0	0.273911
6065.0	0.273937
6066.0	0.273964
6067.0	0.27399
6068.0	0.274017
6069.0	0.274043
6070.0	0.274069
6071.0	0.274073
6071.680664	0.274091
6072.0	0.274138
6073.0	0.274287
6074.0	0.274435
6075.0	0.274584
6076.0	0.274732
6077.0	0.274881
6078.0	0.275029
6079.0	0.275178
6080.0	0.275303
6081.0	0.275452
6081.683105	0.275553
6082.0	0.275622
6083.0	0.275841
6084.0	0.276059
6085.0	0.276277
6086.0	0.276496
6087.0	0.276714
6088.0	0.276909
6089.0	0.277127
6090.0	0.277346
6091.0	0.277564
6091.686035	0.277714
6092.0	0.277782
6093.0	0.277998
6094.0	0.278213
6095.0	0.278429
6096.0	0.278645
6097.0	0.278837
6098.0	0.279053
6099.0	0.279269
6100.0	0.279485
6101.0	0.2797
6101.688477	0.279849
6102.0	0.279897
6103.0	0.280052
6104.0	0.280207
6105.0	0.280337
6106.0	0.280492
6107.0	0.280647
6108.0	0.280802
6109.0	0.280956
6110.0	0.281111
6111.0	0.281266
6111.691406	0.281373
6112.0	0.281395
6113.0	0.281464
6114.0	0.28151
6115.0	0.28158
6116.0	0.281649
6117.0	0.281719
6118.0	0.281789
6119.0	0.281858
6120.0	0.281928
6121.0	0.281998
6121.693848	0.282029
6122.0	0.282026
6123.0	0.282039
6124.0	0.282052
6125.0	0.282065
6126.0	0.282077
6127.0	0.28209
6128.0	0.282103
6129.0	0.282116
6130.0	0.282105
6131.0	0.282118
6131.696777	0.282127
6132.0	0.282125
6133.0	0.282121
6134.0	0.282116
6135.0	0.282112
6136.0	0.282108
6137.0	0.282103
6138.0	0.282075
6139.0	0.28207
6140.0	0.282066
6141.0	0.282062
6141.699219	0.282059
6142.0	0.282073
6143.0	0.282122
6144.0	0.282171
6145.0	0.282219
6146.0	0.282244
6147.0	0.282293
6148.0	0.282341
6149.0	0.28239
6150.0	0.282439
6151.0	0.282488
6151.702148	0.282522
6152.0	0.282557
6153.0	0.282677
6154.0	0.282773
6155.0	0.282893
6156.0	0.283013
6157.0	0.283133
6158.0	0.283253
6159.0	0.283374
6160.0	0.283494
6161.0	0.283614
6161.70459	0.283681
6162.0	0.283726
6163.0	0.283901
6164.0	0.284076
6165.0	0.284251
6166.0	0.284426
6167.0	0.284602
6168.0	0.284777
6169.0	0.284928
6170.0	0.285103
6171.0	0.285278
6171.70752	0.285402
6172.0	0.285454
6173.0	0.285632
6174.0	0.28581
6175.0	0.285988
6176.0	0.286166
6177.0	0.286319
6178.0	0.286497
6179.0	0.286675
6180.0	0.286853
6181.0	0.287031
6181.709961	0.287157
6182.0	0.287179
6183.0	0.287254
6184.0	0.287328
6185.0	0.287378
6186.0	0.287453
6187.0	0.287527
6188.0	0.287602
6189.0	0.287677
6190.0	0.287751
6191.0	0.287826
6191.712891	0.287861
6192.0	0.287829
6193.0	0.287743
6194.0	0.287656
6195.0	0.287569
6196.0	0.287482
6197.0	0.287395
6198.0	0.287308
6199.0	0.287221
6200.0	0.28711
6201.0	0.287023
6201.715332	0.286961
6202.0	0.286879
6203.0	0.286594
6204.0	0.286309
6205.0	0.286024
6206.0	0.285738
6207.0	0.285429
6208.0	0.285143
6209.0	0.284858
6210.0	0.284572
6211.0	0.284287
6211.718262	0.284082
6212.0	0.283962
6213.0	0.283534
6214.0	0.283083
6215.0	0.282656
6216.0	0.282229
6217.0	0.281801
6218.0	0.281374
6219.0	0.280947
6220.0	0.280519
6221.0	0.280068
6221.720703	0.27976
6222.0	0.27963
6223.0	0.279164
6224.0	0.278698
6225.0	0.278232
6226.0	0.277766
6227.0	0.2773
6228.0	0.276834
6229.0	0.276345
6230.0	0.275879
6231.0	0.275414
6231.723633	0.275078
6232.0	0.274973
6233.0	0.274593
6234.0	0.274213
6235.0	0.273833
6236.0	0.273429
6237.0	0.273049
6238.0	0.272668
6239.0	0.272288
6240.0	0.271908
6241.0	0.271527
6241.726074	0.271251
6242.0	0.271186
6243.0	0.270926
6244.0	0.270689
6245.0	0.270453
6246.0	0.270216
6247.0	0.269979
6248.0	0.269743
6249.0	0.269506
6250.0	0.269246
6251.0	0.269009
6251.729004	0.268837
6252.0	0.268829
6253.0	0.268803
6254.0	0.268776
6255.0	0.268749
6256.0	0.268722
6257.0	0.268672
6258.0	0.268645
6259.0	0.268618
6260.0	0.268591
6261.0	0.268564
6261.731445	0.268544
6262.0	0.268594
6263.0	0.268777
6264.0	0.268938
6265.0	0.269121
6266.0	0.269305
6267.0	0.269488
6268.0	0.269672
6269.0	0.269856
6270.0	0.270016
6271.0	0.2702
6271.734375	0.270335
6272.0	0.270424
6273.0	0.270758
6274.0	0.271093
6275.0	0.271428
6276.0	0.271762
6277.0	0.272074
6278.0	0.272409
6279.0	0.272744
6280.0	0.273078
6281.0	0.273413
6281.736816	0.27366
6282.0	0.27377
6283.0	0.274187
6284.0	0.274582
6285.0	0.274999
6286.0	0.275417
6287.0	0.275834
6288.0	0.276252
6289.0	0.27667
6290.0	0.277088
6291.0	0.277482
6291.739746	0.277791
6292.0	0.277895
6293.0	0.278297
6294.0	0.2787
6295.0	0.279102
6296.0	0.279504
6297.0	0.279882
6298.0	0.280284
6299.0	0.280687
6300.0	0.281089
6301.0	0.281491
6301.742188	0.28179
6302.0	0.281876
6303.0	0.282209
6304.0	0.282518
6305.0	0.282851
6306.0	0.283184
6307.0	0.283518
6308.0	0.283851
6309.0	0.284184
6310.0	0.284493
6311.0	0.284826
6311.745117	0.285075
6312.0	0.285126
6313.0	0.285329
6314.0	0.285532
6315.0	0.285734
6316.0	0.285937
6317.0	0.286115
6318.0	0.286318
6319.0	0.286521
6320.0	0.286723
6321.0	0.286926
6321.747559	0.287077
6322.0	0.2871
6323.0	0.287167
6324.0	0.287259
6325.0	0.28735
6326.0	0.287441
6327.0	0.287533
6328.0	0.287624
6329.0	0.287691
6330.0	0.287782
6331.0	0.287873
6331.750488	0.287942
6332.0	0.287944
6333.0	0.28795
6334.0	0.287956
6335.0	0.287962
6336.0	0.287943
6337.0	0.287949
6338.0	0.287955
6339.0	0.287961
6340.0	0.287967
6341.0	0.287973
6341.75293	0.287959
6342.0	0.287951
6343.0	0.287941
6344.0	0.287931
6345.0	0.287922
6346.0	0.287912
6347.0	0.287902
6348.0	0.287868
6349.0	0.287858
6350.0	0.287848
6351.0	0.287838
6351.755859	0.287831
6352.0	0.287835
6353.0	0.287851
6354.0	0.287868
6355.0	0.28786
6356.0	0.287876
6357.0	0.287892
6358.0	0.287909
6359.0	0.287925
6360.0	0.287942
6361.0	0.287933
6361.758301	0.287946
6362.0	0.287956
6363.0	0.287997
6364.0	0.288039
6365.0	0.28808
6366.0	0.288122
6367.0	0.288138
6368.0	0.28818
6369.0	0.288221
6370.0	0.288263
6371.0	0.288304
6371.76123	0.288336
6372.0	0.288349
6373.0	0.288378
6374.0	0.288432
6375.0	0.288486
6376.0	0.28854
6377.0	0.288594
6378.0	0.288649
6379.0	0.288678
6380.0	0.288732
6381.0	0.288786
6381.763672	0.288827
6382.0	0.288835
6383.0	0.288868
6384.0	0.2889
6385.0	0.288909
6386.0	0.288941
6387.0	0.288974
6388.0	0.289007
6389.0	0.28904
6390.0	0.289073
6391.0	0.28908
6391.766602	0.289105
6392.0	0.289089
6393.0	0.289021
6394.0	0.288952
6395.0	0.288884
6396.0	0.288815
6397.0	0.288722
6398.0	0.288653
6399.0	0.288585
6400.0	0.288516
6401.0	0.288448
6401.769043	0.288395
6402.0	0.288351
6403.0	0.288138
6404.0	0.28795
6405.0	0.287762
6406.0	0.287573
6407.0	0.287385
6408.0	0.287196
6409.0	0.286984
6410.0	0.286795
6411.0	0.286607
6411.771973	0.286461
6412.0	0.286392
6413.0	0.286089
6414.0	0.285786
6415.0	0.285458
6416.0	0.285155
6417.0	0.284852
6418.0	0.284549
6419.0	0.284245
6420.0	0.283918
6421.0	0.283614
6421.774414	0.283379
6422.0	0.283293
6423.0	0.28291
6424.0	0.282526
6425.0	0.282143
6426.0	0.281735
6427.0	0.281352
6428.0	0.280969
6429.0	0.280585
6430.0	0.280202
6431.0	0.279813
6431.777344	0.279492
6432.0	0.279401
6433.0	0.279015
6434.0	0.27863
6435.0	0.278244
6436.0	0.277858
6437.0	0.277472
6438.0	0.277063
6439.0	0.276677
6440.0	0.276291
6441.0	0.275905
6441.779785	0.275604
6442.0	0.275537
6443.0	0.275207
6444.0	0.2749
6445.0	0.274594
6446.0	0.274288
6447.0	0.273981
6448.0	0.273675
6449.0	0.273345
6450.0	0.273039
6451.0	0.272732
6451.782715	0.272492
6452.0	0.272457
6453.0	0.272293
6454.0	0.272128
6455.0	0.271941
6456.0	0.271777
6457.0	0.271613
6458.0	0.271448
6459.0	0.271284
6460.0	0.271097
6461.0	0.270932
6461.785156	0.270803
6462.0	0.27081
6463.0	0.270842
6464.0	0.270874
6465.0	0.270906
6466.0	0.270915
6467.0	0.270947
6468.0	0.270979
6469.0	0.271011
6470.0	0.271043
6471.0	0.271051
6471.788086	0.271076
6472.0	0.271117
6473.0	0.271312
6474.0	0.271506
6475.0	0.271701
6476.0	0.271895
6477.0	0.272066
6478.0	0.272261
6479.0	0.272455
6480.0	0.272649
6481.0	0.272843
6481.790527	0.272978
6482.0	0.273038
6483.0	0.273344
6484.0	0.27365
6485.0	0.273956
6486.0	0.274262
6487.0	0.274568
6488.0	0.27485
6489.0	0.275156
6490.0	0.275462
6491.0	0.275768
6491.793457	0.27601
6492.0	0.276085
6493.0	0.276422
6494.0	0.276784
6495.0	0.277145
6496.0	0.277506
6497.0	0.277867
6498.0	0.278228
6499.0	0.278565
6500.0	0.278927
6501.0	0.279242
6501.795898	0.279494
6502.0	0.279555
6503.0	0.279853
6504.0	0.280128
6505.0	0.280426
6506.0	0.280724
6507.0	0.281022
6508.0	0.281321
6509.0	0.281594
6510.0	0.281892
6511.0	0.28219
6511.798828	0.282427
6512.0	0.282469
6513.0	0.28268
6514.0	0.282891
6515.0	0.283078
6516.0	0.283288
6517.0	0.283499
6518.0	0.283709
6519.0	0.28392
6520.0	0.284106
6521.0	0.284316
6521.80127	0.284484
6522.0	0.284508
6523.0	0.28463
6524.0	0.284751
6525.0	0.284848
6526.0	0.28497
6527.0	0.285091
6528.0	0.285212
6529.0	0.285334
6530.0	0.285455
6531.0	0.285551
6531.804199	0.285649
6532.0	0.285657
6533.0	0.285698
6534.0	0.28574
6535.0	0.285781
6536.0	0.285798
6537.0	0.285839
6538.0	0.28588
6539.0	0.285922
6540.0	0.285963
6541.0	0.285979
6541.806641	0.286012
6542.0	0.286008
6543.0	0.285986
6544.0	0.285965
6545.0	0.285943
6546.0	0.285897
6547.0	0.285875
6548.0	0.285854
6549.0	0.285832
6550.0	0.285811
6551.0	0.285764
6551.80957	0.285747
6552.0	0.285737
6553.0	0.285685
6554.0	0.285634
6555.0	0.285583
6556.0	0.285507
6557.0	0.285455
6558.0	0.285404
6559.0	0.285353
6560.0	0.285301
6561.0	0.285225
6561.812012	0.285183
6562.0	0.285172
6563.0	0.28511
6564.0	0.285048
6565.0	0.284986
6566.0	0.284925
6567.0	0.284838
6568.0	0.284777
6569.0	0.284715
6570.0	0.284653
6571.0	0.284591
6571.814941	0.284521
6572.0	0.284504
6573.0	0.284438
6574.0	0.284372
6575.0	0.284306
6576.0	0.28424
6577.0	0.28415
6578.0	0.284084
6579.0	0.284018
6580.0	0.283952
6581.0	0.283886
6581.817383	0.283812
6582.0	0.283791
6583.0	0.283697
6584.0	0.283602
6585.0	0.283508
6586.0	0.283414
6587.0	0.283296
6588.0	0.283202
6589.0	0.283108
6590.0	0.283014
6591.0	0.28292
6591.820312	0.282823
6592.0	0.282797
6593.0	0.282677
6594.0	0.282557
6595.0	0.282437
6596.0	0.282317
6597.0	0.282172
6598.0	0.282052
6599.0	0.281932
6600.0	0.281812
6601.0	0.281692
6601.822754	0.281574
6602.0	0.281543
6603.0	0.281396
6604.0	0.281248
6605.0	0.281101
6606.0	0.280929
6607.0	0.280782
6608.0	0.280634
6609.0	0.280487
6610.0	0.28034
6611.0	0.280168
6611.825684	0.280047
6612.0	0.280019
6613.0	0.279864
6614.0	0.279708
6615.0	0.279553
6616.0	0.279373
6617.0	0.279218
6618.0	0.279063
6619.0	0.278907
6620.0	0.278752
6621.0	0.278573
6621.828125	0.278444
6622.0	0.27842
6623.0	0.278282
6624.0	0.278143
6625.0	0.278005
6626.0	0.277842
6627.0	0.277704
6628.0	0.277566
6629.0	0.277427
6630.0	0.277289
6631.0	0.277116
6631.831055	0.276992
6632.0	0.276972
6633.0	0.276857
6634.0	0.276741
6635.0	0.276625
6636.0	0.276486
6637.0	0.27637
6638.0	0.276254
6639.0	0.276139
6640.0	0.276
6641.0	0.275884
6641.833496	0.275787
6642.0	0.275775
6643.0	0.275698
6644.0	0.275621
6645.0	0.27552
6646.0	0.275443
6647.0	0.275366
6648.0	0.275289
6649.0	0.275212
6650.0	0.275112
6651.0	0.275035
6651.836426	0.27497
6652.0	0.27496
6653.0	0.274898
6654.0	0.274835
6655.0	0.274749
6656.0	0.274687
6657.0	0.274625
6658.0	0.274562
6659.0	0.274477
6660.0	0.274414
6661.0	0.274352
6661.838867	0.274299
6662.0	0.274285
6663.0	0.274194
6664.0	0.27408
6665.0	0.273989
6666.0	0.273899
6667.0	0.273808
6668.0	0.273718
6669.0	0.273603
6670.0	0.273513
6671.0	0.273422
6671.841797	0.273346
6672.0	0.273322
6673.0	0.273147
6674.0	0.272995
6675.0	0.272844
6676.0	0.272692
6677.0	0.272541
6678.0	0.272366
6679.0	0.272215
6680.0	0.272063
6681.0	0.271912
6681.844238	0.271784
6682.0	0.271756
6683.0	0.271554
6684.0	0.271375
6685.0	0.271196
6686.0	0.271017
6687.0	0.270814
6688.0	0.270636
6689.0	0.270457
6690.0	0.270278
6691.0	0.270099
6691.847168	0.269928
6692.0	0.269892
6693.0	0.269677
6694.0	0.269463
6695.0	0.269249
6696.0	0.269011
6697.0	0.268797
6698.0	0.268583
6699.0	0.268369
6700.0	0.268155
6701.0	0.267918
6701.849609	0.267736
6702.0	0.267707
6703.0	0.267515
6704.0	0.267323
6705.0	0.267109
6706.0	0.266917
6707.0	0.266725
6708.0	0.266534
6709.0	0.266342
6710.0	0.266128
6711.0	0.265937
6711.852539	0.265774
6712.0	0.265753
6713.0	0.265614
6714.0	0.265451
6715.0	0.265312
6716.0	0.265173
6717.0	0.265033
6718.0	0.264894
6719.0	0.264732
6720.0	0.264593
6721.0	0.264453
6721.85498	0.264334
6722.0	0.264327
6723.0	0.264257
6724.0	0.264209
6725.0	0.264161
6726.0	0.264114
6727.0	0.264066
6728.0	0.263995
6729.0	0.263948
6730.0	0.2639
6731.0	0.263852
6731.85791	0.263792
6732.0	0.263795
6733.0	0.263844
6734.0	0.263892
6735.0	0.263941
6736.0	0.263989
6737.0	0.264015
6738.0	0.264063
6739.0	0.264112
6740.0	0.26416
6741.0	0.264185
6741.860352	0.264227
6742.0	0.264244
6743.0	0.264366
6744.0	0.264487
6745.0	0.264609
6746.0	0.264707
6747.0	0.264828
6748.0	0.26495
6749.0	0.265071
6750.0	0.265169
6751.0	0.26529
6751.863281	0.265395
6752.0	0.265417
6753.0	0.265578
6754.0	0.265717
6755.0	0.265879
6756.0	0.26604
6757.0	0.266201
6758.0	0.266363
6759.0	0.266501
6760.0	0.266662
6761.0	0.266823
6761.865723	0.266962
6762.0	0.266981
6763.0	0.267101
6764.0	0.267243
6765.0	0.267386
6766.0	0.267528
6767.0	0.267647
6768.0	0.267789
6769.0	0.267931
6770.0	0.268073
6771.0	0.268215
6771.868652	0.268318
6772.0	0.268328
6773.0	0.268429
6774.0	0.26853
6775.0	0.268631
6776.0	0.268708
6777.0	0.268809
6778.0	0.268909
6779.0	0.269009
6780.0	0.269087
6781.0	0.269187
6781.871094	0.269274
6782.0	0.269279
6783.0	0.269318
6784.0	0.269357
6785.0	0.269373
6786.0	0.269412
6787.0	0.269451
6788.0	0.269489
6789.0	0.269505
6790.0	0.269544
6791.0	0.269583
6791.874023	0.269616
6792.0	0.269615
6793.0	0.269585
6794.0	0.269578
6795.0	0.269571
6796.0	0.269564
6797.0	0.269534
6798.0	0.269526
6799.0	0.269519
6800.0	0.269512
6801.0	0.269505
6801.876465	0.269479
6802.0	0.269471
6803.0	0.26943
6804.0	0.26939
6805.0	0.269349
6806.0	0.269285
6807.0	0.269245
6808.0	0.269204
6809.0	0.269164
6810.0	0.2691
6811.0	0.26906
6811.879395	0.269024
6812.0	0.269017
6813.0	0.26896
6814.0	0.26888
6815.0	0.268823
6816.0	0.268766
6817.0	0.268708
6818.0	0.268628
6819.0	0.268571
6820.0	0.268514
6821.0	0.268457
6821.882324	0.268407
6822.0	0.268399
6823.0	0.268315
6824.0	0.268254
6825.0	0.268192
6826.0	0.268131
6827.0	0.268047
6828.0	0.267985
6829.0	0.267924
6830.0	0.267863
6831.0	0.267784
6831.884766	0.267736
6832.0	0.267727
6833.0	0.267651
6834.0	0.267575
6835.0	0.267477
6836.0	0.267401
6837.0	0.267325
6838.0	0.267249
6839.0	0.26715
6840.0	0.267075
6841.0	0.266999
6841.887695	0.266932
6842.0	0.266923
6843.0	0.266824
6844.0	0.266748
6845.0	0.266671
6846.0	0.266595
6847.0	0.266495
6848.0	0.266419
6849.0	0.266343
6850.0	0.266267
6851.0	0.266167
6851.890137	0.266099
6852.0	0.266091
6853.0	0.266011
6854.0	0.265931
6855.0	0.265851
6856.0	0.265748
6857.0	0.265669
6858.0	0.265589
6859.0	0.265509
6860.0	0.265406
6861.0	0.265327
6861.892578	0.265255
6862.0	0.265249
6863.0	0.265189
6864.0	0.265106
6865.0	0.265045
6866.0	0.264985
6867.0	0.264925
6868.0	0.264842
6869.0	0.264782
6870.0	0.264722
6871.0	0.264662
6871.895508	0.264587
6872.0	0.264579
6873.0	0.264525
6874.0	0.26447
6875.0	0.264416
6876.0	0.264338
6877.0	0.264284
6878.0	0.264229
6879.0	0.264175
6880.0	0.264097
6881.0	0.264043
6881.898438	0.263994
6882.0	0.263992
6883.0	0.263976
6884.0	0.263936
6885.0	0.26392
6886.0	0.263904
6887.0	0.263887
6888.0	0.263848
6889.0	0.263832
6890.0	0.263815
6891.0	0.263799
6891.900879	0.263764
6892.0	0.263757
6893.0	0.263718
6894.0	0.263678
6895.0	0.263638
6896.0	0.263575
6897.0	0.263536
6898.0	0.263496
6899.0	0.263456
6900.0	0.263394
6901.0	0.263354
6901.903809	0.263318
6902.0	0.263308
6903.0	0.263206
6904.0	0.26308
6905.0	0.262978
6906.0	0.262875
6907.0	0.262773
6908.0	0.262648
6909.0	0.262546
6910.0	0.262443
6911.0	0.262318
6911.90625	0.262226
6912.0	0.262206
6913.0	0.261998
6914.0	0.261789
6915.0	0.261558
6916.0	0.26135
6917.0	0.261141
6918.0	0.260933
6919.0	0.260702
6920.0	0.260494
6921.0	0.260287
6921.90918	0.260098
6922.0	0.260064
6923.0	0.259674
6924.0	0.259306
6925.0	0.258938
6926.0	0.25857
6927.0	0.25818
6928.0	0.257813
6929.0	0.257445
6930.0	0.257078
6931.0	0.256689
6931.911621	0.256354
6932.0	0.256314
6933.0	0.25586
6934.0	0.255406
6935.0	0.25493
6936.0	0.254477
6937.0	0.254023
6938.0	0.25357
6939.0	0.253095
6940.0	0.252642
6941.0	0.252189
6941.914551	0.251755
6942.0	0.251712
6943.0	0.251225
6944.0	0.250738
6945.0	0.250252
6946.0	0.249744
6947.0	0.249258
6948.0	0.248772
6949.0	0.248286
6950.0	0.247779
6951.0	0.247293
6951.916992	0.246848
6952.0	0.246816
6953.0	0.246419
6954.0	0.246001
6955.0	0.245604
6956.0	0.245208
6957.0	0.244812
6958.0	0.244395
6959.0	0.243999
6960.0	0.243603
6961.0	0.243208
6961.919922	0.242825
6962.0	0.242806
6963.0	0.24259
6964.0	0.242374
6965.0	0.242137
6966.0	0.241922
6967.0	0.241706
6968.0	0.241491
6969.0	0.241254
6970.0	0.241039
6971.0	0.240824
6971.922363	0.240626
6972.0	0.240627
6973.0	0.240628
6974.0	0.24065
6975.0	0.240672
6976.0	0.240694
6977.0	0.240695
6978.0	0.240716
6979.0	0.240738
6980.0	0.240739
6981.0	0.240761
6981.925293	0.240781
6982.0	0.240796
6983.0	0.241008
6984.0	0.241198
6985.0	0.241409
6986.0	0.24162
6987.0	0.241831
6988.0	0.242021
6989.0	0.242232
6990.0	0.242442
6991.0	0.242653
6991.927734	0.242829
6992.0	0.242853
6993.0	0.243207
6994.0	0.243561
6995.0	0.243893
6996.0	0.244247
6997.0	0.2446
6998.0	0.244953
6999.0	0.245285
7000.0	0.245638
7001.0	0.245964
7001.930664	0.246267
7002.0	0.24629
7003.0	0.246594
7004.0	0.24692
7005.0	0.247245
7006.0	0.247549
7007.0	0.247874
7008.0	0.248199
7009.0	0.248523
7010.0	0.248826
7011.0	0.24915
7011.933105	0.249452
7012.0	0.249467
7013.0	0.249687
7014.0	0.249886
7015.0	0.250106
7016.0	0.250326
7017.0	0.250524
7018.0	0.250743
7019.0	0.250963
7020.0	0.251182
7021.0	0.251379
7021.936035	0.251584
7022.0	0.251589
7023.0	0.251662
7024.0	0.251735
7025.0	0.251785
7026.0	0.251858
7027.0	0.25193
7028.0	0.251981
7029.0	0.252053
7030.0	0.252126
7031.0	0.252189
7031.938477	0.252228
7032.0	0.252224
7033.0	0.252193
7034.0	0.252161
7035.0	0.252129
7036.0	0.252075
7037.0	0.252043
7038.0	0.252011
7039.0	0.251957
7040.0	0.251925
7041.0	0.251893
7041.941406	0.251862
7042.0	0.251851
7043.0	0.251642
7044.0	0.251455
7045.0	0.251267
7046.0	0.25108
7047.0	0.250871
7048.0	0.250684
7049.0	0.250497
7050.0	0.250288
7051.0	0.250101
7051.943848	0.249925
7052.0	0.249886
7053.0	0.249187
7054.0	0.248468
7055.0	0.24777
7056.0	0.247073
7057.0	0.246355
7058.0	0.245658
7059.0	0.244962
7060.0	0.244267
7061.0	0.243551
7061.946777	0.242893
7062.0	0.242791
7063.0	0.240874
7064.0	0.238937
7065.0	0.237022
7066.0	0.235109
7067.0	0.233196
7068.0	0.231265
7069.0	0.229356
7070.0	0.227448
7071.0	0.225521
7071.949219	0.223712
7072.0	0.22353
7073.0	0.219938
7074.0	0.216348
7075.0	0.212742
7076.0	0.209157
7077.0	0.205574
7078.0	0.201994
7079.0	0.1984
7080.0	0.194825
7081.0	0.191252
7081.952148	0.187838
7082.0	0.187615
7083.0	0.182975
7084.0	0.178339
7085.0	0.173706
7086.0	0.169061
7087.0	0.164434
7088.0	0.159811
7089.0	0.155177
7090.0	0.15056
7091.0	0.145947
7091.95459	0.141546
7092.0	0.141347
7093.0	0.136952
7094.0	0.132574
7095.0	0.128198
7096.0	0.123814
7097.0	0.119444
7098.0	0.115078
7099.0	0.110714
7100.0	0.106344
7101.0	0.101987
7101.95752	0.0978171
7102.0	0.097678
7103.0	0.0943968
7104.0	0.0911264
7105.0	0.0878582
7106.0	0.0845922
7107.0	0.0813213
7108.0	0.07806
7109.0	0.074801
7110.0	0.0715379
7111.0	0.0682835
7111.959961	0.0651615
7112.0	0.065075
7113.0	0.0629154
7114.0	0.0607521
7115.0	0.0585956
7116.0	0.0564406
7117.0	0.0542824
7118.0	0.0521305
7119.0	0.04998
7120.0	0.0478269
7121.0	0.0456796
7121.962891	0.0436133
7122.0	0.0435629
7123.0	0.0422057
7124.0	0.0408459
7125.0	0.0394907
7126.0	0.0381364
7127.0	0.0367798
7128.0	0.0354274
7129.0	0.034076
7130.0	0.0327255
7131.0	0.0313732
7131.965332	0.0300713
7132.0	0.0300414
7133.0	0.0291778
7134.0	0.0283123
7135.0	0.0274499
7136.0	0.0265881
7137.0	0.0257269
7138.0	0.0248642
7139.0	0.0240042
7140.0	0.0231448
7141.0	0.0222841
7141.968262	0.0214532
7142.0	0.021435
7143.0	0.020861
7144.0	0.0202857
7145.0	0.0197126
7146.0	0.0191399
7147.0	0.0185676
7148.0	0.017994
7149.0	0.0174225
7150.0	0.0168514
7151.0	0.0162793
7151.970703	0.0157257
7152.0	0.0157138
7153.0	0.0153083
7154.0	0.0149032
7155.0	0.014497
7156.0	0.0140924
7157.0	0.0136881
7158.0	0.0132829
7159.0	0.0128791
7160.0	0.0124756
7161.0	0.0120714
7161.973633	0.0116791
7162.0	0.0116712
7163.0	0.0113686
7164.0	0.0110662
7165.0	0.0107632
7166.0	0.0104612
7167.0	0.0101595
7168.0	0.00985716
7169.0	0.00955588
7170.0	0.00925481
7171.0	0.00895316
7171.976074	0.00865971
7172.0	0.00865415
7173.0	0.00842163
7174.0	0.00818928
7175.0	0.00795638
7176.0	0.00772436
7177.0	0.0074925
7178.0	0.00726016
7179.0	0.00702863
7180.0	0.00679726
7181.0	0.00656547
7181.979004	0.00633929
7182.0	0.00633551
7183.0	0.00615583
7184.0	0.00597628
7185.0	0.00579634
7186.0	0.00561704
7187.0	0.00543787
7188.0	0.00525835
7189.0	0.00507944
7190.0	0.00490064
7191.0	0.00472156
7191.981934	0.00454625
7192.0	0.0045438
7193.0	0.00440809
7194.0	0.00427247
7195.0	0.00413659
7196.0	0.00400117
7197.0	0.00386584
7198.0	0.00373028
7199.0	0.00359515
7200.0	0.00346011
7201.0	0.00332487
7201.984375	0.00319214
7202.0	0.00319061
7203.0	0.00309321
7204.0	0.00299561
7205.0	0.00289834
7206.0	0.00280114
7207.0	0.00270401
7208.0	0.00260672
7209.0	0.00250973
7210.0	0.0024128
7211.0	0.00231574
7211.987305	0.00222018
7212.0	0.00221933
7213.0	0.00215231
7214.0	0.00208515
7215.0	0.00201822
7216.0	0.00195134
7217.0	0.00188451
7218.0	0.00181756
7219.0	0.00175082
7220.0	0.00168413
7221.0	0.00161734
7221.989746	0.00155143
7222.0	0.00155097
7223.0	0.00150566
7224.0	0.00146026
7225.0	0.00141503
7226.0	0.00136982
7227.0	0.00132453
7228.0	0.00127939
7229.0	0.00123428
7230.0	0.0011892
7231.0	0.00114401
7231.992676	0.00109928
7232.0	0.00109906
7233.0	0.00106836
7234.0	0.00103759
7235.0	0.00100694
7236.0	0.000976316
7237.0	0.000945632
7238.0	0.000915055
7239.0	0.000884502
7240.0	0.000853897
7241.0	0.000823393
7241.995117	0.000793061
7242.0	0.000792959
7243.0	0.000772004
7244.0	0.000751133
7245.0	0.000730279
7246.0	0.00070944
7247.0	0.000688557
7248.0	0.000667752
7249.0	0.000646962
7250.0	0.000626134
7251.0	0.000605378
7251.998047	0.000584679
7252.0	0.000584652
7253.0	0.000571228
7254.0	0.000557864
7255.0	0.000544511
7256.0	0.000531122
7257.0	0.00051779
7258.0	0.000504468
7259.0	0.000491114
7260.0	0.000477813
7261.0	0.000464523
7262.0	0.000451243
7262.000488	0.000451236
7263.0	0.000440969
7264.0	0.000430744
7265.0	0.000420527
7266.0	0.000410282
7267.0	0.000400081
7268.0	0.000389888
7269.0	0.000379669
7270.0	0.000369492
7271.0	0.000359323
7272.0	0.000349132
7272.003418	0.000349097
7273.0	0.000342687
7274.0	0.000336259
7275.0	0.000329807
7276.0	0.00032339
7277.0	0.000316977
7278.0	0.000310542
7279.0	0.00030414
7280.0	0.000297742
7281.0	0.00029135
7282.0	0.000284937
7282.005859	0.0002849
7283.0	0.000279773
7284.0	0.00027462
7285.0	0.000269447
7286.0	0.000264302
7287.0	0.000259161
7288.0	0.000254001
7289.0	0.000248869
7290.0	0.00024374
7291.0	0.000238594
7292.0	0.000233473
7292.008789	0.000233428
7293.0	0.000228972
7294.0	0.000224459
7295.0	0.00021997
7296.0	0.000215485
7297.0	0.000210984
7298.0	0.000206506
7299.0	0.000202031
7300.0	0.000197542
7301.0	0.000193075
7302.0	0.00018861
7302.01123	0.00018856
7303.0	0.000185477
7304.0	0.000182346
7305.0	0.000179232
7306.0	0.000176122
7307.0	0.000172998
7308.0	0.000169893
7309.0	0.000166789
7310.0	0.000163674
7311.0	0.000160576
7312.0	0.00015748
7312.01416	0.000157436
7313.0	0.000154734
7314.0	0.000152009
7315.0	0.000149287
7316.0	0.000146553
7317.0	0.000143835
7318.0	0.000141119
7319.0	0.000138392
7320.0	0.000135681
7321.0	0.000132971
7322.0	0.000130252
7322.016602	0.000130207
7323.0	0.000128436
7324.0	0.000126637
7325.0	0.000124828
7326.0	0.000123031
7327.0	0.000121236
7328.0	0.000119432
7329.0	0.000117639
7330.0	0.000115848
7331.0	0.000114049
7332.0	0.000112261
7332.019531	0.000112226
7333.0	0.000110698
7334.0	0.000109131
7335.0	0.000107575
7336.0	0.00010602
7337.0	0.000104457
7338.0	0.000102904
7339.0	0.000101353
7340.0	9.98029e-05
7341.0	9.82454e-05
7342.0	9.66978e-05
7342.021973	9.66638e-05
7343.0	9.58497e-05
7344.0	9.50095e-05
7345.0	9.41784e-05
7346.0	9.33479e-05
7347.0	9.25099e-05
7348.0	9.16807e-05
7349.0	9.08521e-05
7350.0	9.00162e-05
7351.0	8.9189e-05
7352.0	8.83623e-05
7352.024902	8.83415e-05
7353.0	8.65588e-05
7354.0	8.47397e-05
7355.0	8.2922e-05
7356.0	8.10986e-05
7357.0	7.92838e-05
7358.0	7.74704e-05
7359.0	7.56517e-05
7360.0	7.38412e-05
7361.0	7.20321e-05
7362.0	7.02183e-05
7362.027344	7.01689e-05
7363.0	6.91584e-05
7364.0	6.81203e-05
7365.0	6.70772e-05
7366.0	6.60407e-05
7367.0	6.50051e-05
7368.0	6.39647e-05
7369.0	6.29307e-05
7370.0	6.18975e-05
7371.0	6.08598e-05
7372.0	5.98283e-05
7372.030273	5.97971e-05
