5834.0	5.83867e-05
5835.0	5.9086e-05
5836.0	5.97852e-05
5837.0	6.04793e-05
5838.0	6.11784e-05
5839.0	6.18774e-05
5840.0	6.25764e-05
5841.0	6.32753e-05
5841.619141	6.37081e-05
5842.0	6.53318e-05
5843.0	6.95949e-05
5844.0	7.38576e-05
5845.0	7.81201e-05
5846.0	8.23823e-05
5847.0	8.66441e-05
5848.0	9.09057e-05
5849.0	9.51669e-05
5850.0	9.94194e-05
5851.0	0.00010368
5851.621582	0.000106328
5852.0	0.000108581
5853.0	0.000114534
5854.0	0.000120486
5855.0	0.000126439
5856.0	0.000132391
5857.0	0.000138342
5858.0	0.000144293
5859.0	0.000150244
5860.0	0.000156194
5861.0	0.000162144
5861.624512	0.000165859
5862.0	0.000169058
5863.0	0.000177561
5864.0	0.000186077
5865.0	0.000194594
5866.0	0.000203109
5867.0	0.000211624
5868.0	0.000220139
5869.0	0.000228652
5870.0	0.000237165
5871.0	0.000245678
5871.626953	0.000251015
5872.0	0.000256323
5873.0	0.000270553
5874.0	0.000284782
5875.0	0.00029901
5876.0	0.00031321
5877.0	0.000327434
5878.0	0.000341658
5879.0	0.00035588
5880.0	0.000370102
5881.0	0.000384322
5881.629883	0.000393279
5882.0	0.000401036
5883.0	0.000421992
5884.0	0.000442948
5885.0	0.000463901
5886.0	0.000484853
5887.0	0.000505804
5888.0	0.000526708
5889.0	0.000547654
5890.0	0.000568599
5891.0	0.000589542
5891.632324	0.000602784
5892.0	0.000616143
5893.0	0.000652476
5894.0	0.000688807
5895.0	0.000725135
5896.0	0.00076146
5897.0	0.000797783
5898.0	0.000834103
5899.0	0.000870421
5900.0	0.000906659
5901.0	0.000942969
5901.634766	0.000966015
5902.0	0.000985884
5903.0	0.00104028
5904.0	0.00109468
5905.0	0.00114907
5906.0	0.00120345
5907.0	0.00125784
5908.0	0.00131222
5909.0	0.00136659
5910.0	0.00142096
5911.0	0.00147521
5911.637695	0.00150987
5912.0	0.00153932
5913.0	0.00162059
5914.0	0.00170185
5915.0	0.00178311
5916.0	0.00186436
5917.0	0.00194561
5918.0	0.00202685
5919.0	0.00210808
5920.0	0.00218931
5921.0	0.00227054
5921.640625	0.00232257
5922.0	0.00236797
5923.0	0.00249408
5924.0	0.00262038
5925.0	0.00274667
5926.0	0.00287296
5927.0	0.00299924
5928.0	0.0031255
5929.0	0.00325176
5930.0	0.00337801
5931.0	0.00350425
5931.643066	0.00358543
5932.0	0.00365119
5933.0	0.00383543
5934.0	0.0040193
5935.0	0.00420349
5936.0	0.00438767
5937.0	0.00457184
5938.0	0.00475599
5939.0	0.00494013
5940.0	0.00512426
5941.0	0.00530838
5941.645508	0.00542722
5942.0	0.00551932
5943.0	0.0057791
5944.0	0.00603886
5945.0	0.00629807
5946.0	0.00655778
5947.0	0.00681746
5948.0	0.00707714
5949.0	0.00733679
5950.0	0.00759642
5951.0	0.00785604
5951.648438	0.00802438
5952.0	0.00815047
5953.0	0.00850912
5954.0	0.00886774
5955.0	0.00922634
5956.0	0.0095841
5957.0	0.00994262
5958.0	0.0103011
5959.0	0.0106596
5960.0	0.011018
5961.0	0.0113765
5961.650879	0.0116097
5962.0	0.0117781
5963.0	0.0122604
5964.0	0.0127426
5965.0	0.0132247
5966.0	0.0137057
5967.0	0.0141878
5968.0	0.0146698
5969.0	0.0151519
5970.0	0.0156338
5971.0	0.0161158
5971.653809	0.0164309
5972.0	0.0166482
5973.0	0.0172759
5974.0	0.0179036
5975.0	0.0185313
5976.0	0.0191573
5977.0	0.0197848
5978.0	0.0204123
5979.0	0.0210397
5980.0	0.0216671
5981.0	0.0222945
5981.656738	0.0227065
5982.0	0.022971
5983.0	0.0237415
5984.0	0.024512
5985.0	0.0252825
5986.0	0.0260529
5987.0	0.026821
5988.0	0.0275912
5989.0	0.0283614
5990.0	0.0291315
5991.0	0.0299016
5991.65918	0.0304092
5992.0	0.0307177
5993.0	0.0316228
5994.0	0.0325279
5995.0	0.0334329
5996.0	0.0343379
5997.0	0.0352398
5998.0	0.0361446
5999.0	0.0370493
6000.0	0.0379539
6001.0	0.0388614
6001.661621	0.0394619
6002.0	0.0398263
6003.0	0.0409032
6004.0	0.0419802
6005.0	0.0430573
6006.0	0.0441307
6007.0	0.0452079
6008.0	0.0462851
6009.0	0.0473625
6010.0	0.04844
6011.0	0.0495175
6011.664551	0.0502337
6012.0	0.050647
6013.0	0.0518793
6014.0	0.0531117
6015.0	0.0543442
6016.0	0.0555721
6017.0	0.0568047
6018.0	0.0580375
6019.0	0.0592703
6020.0	0.0605032
6021.0	0.0617363
6021.666992	0.0625588
6022.0	0.0629964
6023.0	0.0643108
6024.0	0.0656253
6025.0	0.0669342
6026.0	0.0682488
6027.0	0.0695635
6028.0	0.0708783
6029.0	0.0721933
6030.0	0.0735083
6031.0	0.0748226
6031.669922	0.0757032
6032.0	0.0761605
6033.0	0.0775459
6034.0	0.0789315
6035.0	0.0803103
6036.0	0.0816959
6037.0	0.0830816
6038.0	0.0844674
6039.0	0.0858532
6040.0	0.0872392
6041.0	0.0886253
6041.672363	0.0895573
6042.0	0.0900384
6043.0	0.091507
6044.0	0.0929678
6045.0	0.0944364
6046.0	0.0959052
6047.0	0.097374
6048.0	0.098843
6049.0	0.100312
6050.0	0.101781
6051.0	0.10325
6051.675293	0.104243
6052.0	0.104721
6053.0	0.106184
6054.0	0.107656
6055.0	0.109128
6056.0	0.1106
6057.0	0.112072
6058.0	0.113544
6059.0	0.115017
6060.0	0.11649
6061.0	0.117962
6061.677734	0.118953
6062.0	0.119414
6063.0	0.120852
6064.0	0.12229
6065.0	0.123728
6066.0	0.125166
6067.0	0.126604
6068.0	0.128043
6069.0	0.129481
6070.0	0.13092
6071.0	0.132348
6071.680664	0.133327
6072.0	0.133774
6073.0	0.135174
6074.0	0.136574
6075.0	0.137975
6076.0	0.139375
6077.0	0.140776
6078.0	0.142176
6079.0	0.143577
6080.0	0.144965
6081.0	0.146366
6081.683105	0.147323
6082.0	0.147753
6083.0	0.14911
6084.0	0.150467
6085.0	0.151824
6086.0	0.153182
6087.0	0.154539
6088.0	0.155883
6089.0	0.157241
6090.0	0.158598
6091.0	0.159956
6091.686035	0.160887
6092.0	0.161287
6093.0	0.162558
6094.0	0.16383
6095.0	0.165102
6096.0	0.166374
6097.0	0.167631
6098.0	0.168903
6099.0	0.170175
6100.0	0.171448
6101.0	0.17272
6101.688477	0.173596
6102.0	0.173961
6103.0	0.175135
6104.0	0.176309
6105.0	0.177468
6106.0	0.178642
6107.0	0.179816
6108.0	0.18099
6109.0	0.182164
6110.0	0.183338
6111.0	0.184512
6111.691406	0.185324
6112.0	0.185662
6113.0	0.186755
6114.0	0.187832
6115.0	0.188926
6116.0	0.190019
6117.0	0.191112
6118.0	0.192206
6119.0	0.193299
6120.0	0.194393
6121.0	0.195487
6121.693848	0.196234
6122.0	0.196537
6123.0	0.197542
6124.0	0.198547
6125.0	0.199552
6126.0	0.200557
6127.0	0.201563
6128.0	0.202568
6129.0	0.203573
6130.0	0.204561
6131.0	0.205567
6131.696777	0.206268
6132.0	0.206542
6133.0	0.207447
6134.0	0.208353
6135.0	0.209258
6136.0	0.210163
6137.0	0.211069
6138.0	0.211957
6139.0	0.212862
6140.0	0.213768
6141.0	0.214673
6141.699219	0.215307
6142.0	0.215551
6143.0	0.216362
6144.0	0.217173
6145.0	0.217984
6146.0	0.218776
6147.0	0.219587
6148.0	0.220399
6149.0	0.22121
6150.0	0.222021
6151.0	0.222832
6151.702148	0.223402
6152.0	0.223621
6153.0	0.224358
6154.0	0.225075
6155.0	0.225811
6156.0	0.226547
6157.0	0.227283
6158.0	0.228019
6159.0	0.228756
6160.0	0.229492
6161.0	0.230228
6161.70459	0.230733
6162.0	0.230922
6163.0	0.23158
6164.0	0.232238
6165.0	0.232896
6166.0	0.233554
6167.0	0.234212
6168.0	0.23487
6169.0	0.235508
6170.0	0.236166
6171.0	0.236824
6171.70752	0.23729
6172.0	0.237461
6173.0	0.238046
6174.0	0.238631
6175.0	0.239217
6176.0	0.239802
6177.0	0.240367
6178.0	0.240952
6179.0	0.241537
6180.0	0.242122
6181.0	0.242708
6181.709961	0.243123
6182.0	0.243274
6183.0	0.243794
6184.0	0.244314
6185.0	0.244813
6186.0	0.245332
6187.0	0.245852
6188.0	0.246372
6189.0	0.246892
6190.0	0.247412
6191.0	0.247932
6191.712891	0.248288
6192.0	0.248417
6193.0	0.248889
6194.0	0.249361
6195.0	0.249833
6196.0	0.250305
6197.0	0.250777
6198.0	0.251249
6199.0	0.251721
6200.0	0.252171
6201.0	0.252643
6201.715332	0.252981
6202.0	0.253101
6203.0	0.253521
6204.0	0.253942
6205.0	0.254363
6206.0	0.254784
6207.0	0.255183
6208.0	0.255603
6209.0	0.256024
6210.0	0.256445
6211.0	0.256866
6211.718262	0.257168
6212.0	0.257272
6213.0	0.257639
6214.0	0.257985
6215.0	0.258352
6216.0	0.25872
6217.0	0.259087
6218.0	0.259455
6219.0	0.259822
6220.0	0.26019
6221.0	0.260535
6221.720703	0.2608
6222.0	0.260889
6223.0	0.261207
6224.0	0.261525
6225.0	0.261843
6226.0	0.262162
6227.0	0.26248
6228.0	0.262798
6229.0	0.263094
6230.0	0.263412
6231.0	0.263732
6231.723633	0.263964
6232.0	0.264042
6233.0	0.264326
6234.0	0.26461
6235.0	0.264894
6236.0	0.265155
6237.0	0.265439
6238.0	0.265723
6239.0	0.266007
6240.0	0.266291
6241.0	0.266575
6241.726074	0.266781
6242.0	0.266857
6243.0	0.267109
6244.0	0.267384
6245.0	0.267659
6246.0	0.267934
6247.0	0.268209
6248.0	0.268484
6249.0	0.268759
6250.0	0.269011
6251.0	0.269286
6251.729004	0.269487
6252.0	0.269546
6253.0	0.269765
6254.0	0.269984
6255.0	0.270203
6256.0	0.270422
6257.0	0.270618
6258.0	0.270837
6259.0	0.271056
6260.0	0.271275
6261.0	0.271494
6261.731445	0.271654
6262.0	0.27171
6263.0	0.271916
6264.0	0.272099
6265.0	0.272305
6266.0	0.272511
6267.0	0.272717
6268.0	0.272923
6269.0	0.273129
6270.0	0.273312
6271.0	0.273518
6271.734375	0.27367
6272.0	0.273718
6273.0	0.2739
6274.0	0.274082
6275.0	0.274263
6276.0	0.274445
6277.0	0.274604
6278.0	0.274786
6279.0	0.274967
6280.0	0.275149
6281.0	0.275331
6281.736816	0.275465
6282.0	0.275509
6283.0	0.275675
6284.0	0.275818
6285.0	0.275985
6286.0	0.276151
6287.0	0.276318
6288.0	0.276485
6289.0	0.276651
6290.0	0.276818
6291.0	0.276961
6291.739746	0.277084
6292.0	0.277123
6293.0	0.277272
6294.0	0.277422
6295.0	0.277572
6296.0	0.277722
6297.0	0.277848
6298.0	0.277998
6299.0	0.278147
6300.0	0.278297
6301.0	0.278447
6301.742188	0.278558
6302.0	0.278592
6303.0	0.278725
6304.0	0.278834
6305.0	0.278967
6306.0	0.279099
6307.0	0.279232
6308.0	0.279365
6309.0	0.279498
6310.0	0.279606
6311.0	0.279739
6311.745117	0.279838
6312.0	0.279867
6313.0	0.27998
6314.0	0.280093
6315.0	0.280207
6316.0	0.28032
6317.0	0.280409
6318.0	0.280523
6319.0	0.280636
6320.0	0.280749
6321.0	0.280863
6321.747559	0.280947
6322.0	0.280972
6323.0	0.281043
6324.0	0.281139
6325.0	0.281235
6326.0	0.281331
6327.0	0.281427
6328.0	0.281523
6329.0	0.281595
6330.0	0.281691
6331.0	0.281786
6331.750488	0.281858
6332.0	0.281883
6333.0	0.281984
6334.0	0.282084
6335.0	0.282185
6336.0	0.282261
6337.0	0.282362
6338.0	0.282462
6339.0	0.282563
6340.0	0.282664
6341.0	0.282764
6341.75293	0.282822
6342.0	0.282835
6343.0	0.282915
6344.0	0.282994
6345.0	0.283074
6346.0	0.283153
6347.0	0.283233
6348.0	0.283288
6349.0	0.283367
6350.0	0.283447
6351.0	0.283526
6351.755859	0.283586
6352.0	0.283605
6353.0	0.283681
6354.0	0.283757
6355.0	0.283809
6356.0	0.283885
6357.0	0.283962
6358.0	0.284038
6359.0	0.284114
6360.0	0.28419
6361.0	0.284242
6361.758301	0.2843
6362.0	0.284316
6363.0	0.284383
6364.0	0.284449
6365.0	0.284516
6366.0	0.284582
6367.0	0.284625
6368.0	0.284691
6369.0	0.284758
6370.0	0.284825
6371.0	0.284891
6371.76123	0.284942
6372.0	0.284959
6373.0	0.285007
6374.0	0.285079
6375.0	0.285152
6376.0	0.285224
6377.0	0.285296
6378.0	0.285369
6379.0	0.285417
6380.0	0.285489
6381.0	0.285561
6381.763672	0.285616
6382.0	0.285628
6383.0	0.285677
6384.0	0.285726
6385.0	0.28575
6386.0	0.285799
6387.0	0.285848
6388.0	0.285897
6389.0	0.285946
6390.0	0.285995
6391.0	0.28602
6391.766602	0.286057
6392.0	0.286071
6393.0	0.286129
6394.0	0.286187
6395.0	0.286244
6396.0	0.286302
6397.0	0.286336
6398.0	0.286394
6399.0	0.286452
6400.0	0.286509
6401.0	0.286567
6401.769043	0.286612
6402.0	0.286621
6403.0	0.286636
6404.0	0.286675
6405.0	0.286714
6406.0	0.286754
6407.0	0.286793
6408.0	0.286833
6409.0	0.286847
6410.0	0.286887
6411.0	0.286926
6411.771973	0.286956
6412.0	0.286966
6413.0	0.287008
6414.0	0.28705
6415.0	0.287068
6416.0	0.28711
6417.0	0.287152
6418.0	0.287194
6419.0	0.287237
6420.0	0.287254
6421.0	0.287296
6421.774414	0.287329
6422.0	0.287338
6423.0	0.287378
6424.0	0.287418
6425.0	0.287459
6426.0	0.287474
6427.0	0.287515
6428.0	0.287555
6429.0	0.287595
6430.0	0.287636
6431.0	0.287671
6431.777344	0.287679
6432.0	0.287679
6433.0	0.287704
6434.0	0.287728
6435.0	0.287753
6436.0	0.287778
6437.0	0.287803
6438.0	0.287803
6439.0	0.287827
6440.0	0.287852
6441.0	0.287877
6441.779785	0.287896
6442.0	0.287901
6443.0	0.287901
6444.0	0.287925
6445.0	0.28795
6446.0	0.287974
6447.0	0.287998
6448.0	0.288023
6449.0	0.288022
6450.0	0.288047
6451.0	0.288071
6451.782715	0.28809
6452.0	0.288097
6453.0	0.288128
6454.0	0.28816
6455.0	0.288166
6456.0	0.288198
6457.0	0.288229
6458.0	0.288261
6459.0	0.288292
6460.0	0.288299
6461.0	0.28833
6461.785156	0.288355
6462.0	0.288358
6463.0	0.288376
6464.0	0.288393
6465.0	0.288411
6466.0	0.288404
6467.0	0.288421
6468.0	0.288439
6469.0	0.288456
6470.0	0.288474
6471.0	0.288466
6471.788086	0.28848
6472.0	0.288483
6473.0	0.288501
6474.0	0.288518
6475.0	0.288535
6476.0	0.288553
6477.0	0.288545
6478.0	0.288563
6479.0	0.28858
6480.0	0.288597
6481.0	0.288614
6481.790527	0.288608
6482.0	0.288604
6483.0	0.288611
6484.0	0.288618
6485.0	0.288624
6486.0	0.288631
6487.0	0.288637
6488.0	0.288619
6489.0	0.288626
6490.0	0.288633
6491.0	0.288639
6491.793457	0.288644
6492.0	0.28865
6493.0	0.288656
6494.0	0.288686
6495.0	0.288716
6496.0	0.288746
6497.0	0.288776
6498.0	0.288806
6499.0	0.288811
6500.0	0.288841
6501.0	0.288824
6501.795898	0.288811
6502.0	0.288801
6503.0	0.288752
6504.0	0.288679
6505.0	0.28863
6506.0	0.288582
6507.0	0.288533
6508.0	0.288485
6509.0	0.288412
6510.0	0.288363
6511.0	0.288314
6511.798828	0.288275
6512.0	0.288268
6513.0	0.288234
6514.0	0.2882
6515.0	0.288141
6516.0	0.288107
6517.0	0.288073
6518.0	0.288039
6519.0	0.288005
6520.0	0.287947
6521.0	0.287912
6521.80127	0.287885
6522.0	0.287877
6523.0	0.287837
6524.0	0.287798
6525.0	0.287734
6526.0	0.287695
6527.0	0.287655
6528.0	0.287616
6529.0	0.287576
6530.0	0.287537
6531.0	0.287473
6531.804199	0.287441
6532.0	0.287434
6533.0	0.287397
6534.0	0.287361
6535.0	0.287325
6536.0	0.287264
6537.0	0.287227
6538.0	0.287191
6539.0	0.287155
6540.0	0.287118
6541.0	0.287057
6541.806641	0.287028
6542.0	0.28702
6543.0	0.286978
6544.0	0.286936
6545.0	0.286894
6546.0	0.286828
6547.0	0.286786
6548.0	0.286744
6549.0	0.286702
6550.0	0.28666
6551.0	0.286594
6551.80957	0.28656
6552.0	0.286551
6553.0	0.286508
6554.0	0.286465
6555.0	0.286421
6556.0	0.286354
6557.0	0.28631
6558.0	0.286267
6559.0	0.286224
6560.0	0.28618
6561.0	0.286112
6561.812012	0.286077
6562.0	0.28607
6563.0	0.286033
6564.0	0.285995
6565.0	0.285958
6566.0	0.285921
6567.0	0.285859
6568.0	0.285822
6569.0	0.285784
6570.0	0.285747
6571.0	0.285709
6571.814941	0.285659
6572.0	0.285645
6573.0	0.285593
6574.0	0.285542
6575.0	0.28549
6576.0	0.285439
6577.0	0.285363
6578.0	0.285311
6579.0	0.28526
6580.0	0.285208
6581.0	0.285157
6581.817383	0.285094
6582.0	0.285081
6583.0	0.285034
6584.0	0.284986
6585.0	0.284939
6586.0	0.284892
6587.0	0.28482
6588.0	0.284773
6589.0	0.284725
6590.0	0.284678
6591.0	0.28463
6591.820312	0.284571
6592.0	0.28456
6593.0	0.284521
6594.0	0.284481
6595.0	0.284442
6596.0	0.284403
6597.0	0.28434
6598.0	0.2843
6599.0	0.284261
6600.0	0.284222
6601.0	0.284183
6601.822754	0.28413
6602.0	0.284117
6603.0	0.28407
6604.0	0.284023
6605.0	0.283976
6606.0	0.283905
6607.0	0.283858
6608.0	0.283811
6609.0	0.283764
6610.0	0.283717
6611.0	0.283645
6611.825684	0.283607
6612.0	0.2836
6613.0	0.283561
6614.0	0.283523
6615.0	0.283485
6616.0	0.283422
6617.0	0.283383
6618.0	0.283345
6619.0	0.283306
6620.0	0.283268
6621.0	0.283205
6621.828125	0.283173
6622.0	0.283163
6623.0	0.283106
6624.0	0.283048
6625.0	0.28299
6626.0	0.282908
6627.0	0.28285
6628.0	0.282793
6629.0	0.282735
6630.0	0.282677
6631.0	0.282584
6631.831055	0.282527
6632.0	0.282517
6633.0	0.282457
6634.0	0.282397
6635.0	0.282337
6636.0	0.282253
6637.0	0.282193
6638.0	0.282133
6639.0	0.282073
6640.0	0.281989
6641.0	0.281929
6641.833496	0.281879
6642.0	0.281869
6643.0	0.281805
6644.0	0.281742
6645.0	0.281655
6646.0	0.281592
6647.0	0.281528
6648.0	0.281465
6649.0	0.281402
6650.0	0.281315
6651.0	0.281251
6651.836426	0.281198
6652.0	0.28119
6653.0	0.281138
6654.0	0.281086
6655.0	0.28101
6656.0	0.280958
6657.0	0.280906
6658.0	0.280854
6659.0	0.280778
6660.0	0.280726
6661.0	0.280673
6661.838867	0.28063
6662.0	0.28062
6663.0	0.280561
6664.0	0.280477
6665.0	0.280417
6666.0	0.280358
6667.0	0.280298
6668.0	0.280239
6669.0	0.280155
6670.0	0.280096
6671.0	0.280036
6671.841797	0.279986
6672.0	0.279974
6673.0	0.279877
6674.0	0.279804
6675.0	0.279731
6676.0	0.279658
6677.0	0.279585
6678.0	0.279488
6679.0	0.279415
6680.0	0.279342
6681.0	0.279269
6681.844238	0.279207
6682.0	0.279198
6683.0	0.279118
6684.0	0.279061
6685.0	0.279004
6686.0	0.278947
6687.0	0.278866
6688.0	0.278809
6689.0	0.278752
6690.0	0.278695
6691.0	0.278638
6691.847168	0.27857
6692.0	0.278555
6693.0	0.278481
6694.0	0.278408
6695.0	0.278334
6696.0	0.278237
6697.0	0.278163
6698.0	0.27809
6699.0	0.278017
6700.0	0.277943
6701.0	0.277846
6701.849609	0.277783
6702.0	0.277777
6703.0	0.277735
6704.0	0.277693
6705.0	0.277627
6706.0	0.277585
6707.0	0.277543
6708.0	0.2775
6709.0	0.277458
6710.0	0.277392
6711.0	0.27735
6711.852539	0.277314
6712.0	0.277304
6713.0	0.277233
6714.0	0.277138
6715.0	0.277067
6716.0	0.276996
6717.0	0.276925
6718.0	0.276854
6719.0	0.276759
6720.0	0.276688
6721.0	0.276617
6721.85498	0.276556
6722.0	0.276546
6723.0	0.276452
6724.0	0.276382
6725.0	0.276312
6726.0	0.276242
6727.0	0.276172
6728.0	0.276078
6729.0	0.276008
6730.0	0.275938
6731.0	0.275868
6731.85791	0.275788
6732.0	0.275777
6733.0	0.275723
6734.0	0.27567
6735.0	0.275617
6736.0	0.275563
6737.0	0.275486
6738.0	0.275433
6739.0	0.27538
6740.0	0.275326
6741.0	0.275249
6741.860352	0.275203
6742.0	0.275195
6743.0	0.275134
6744.0	0.275074
6745.0	0.275013
6746.0	0.274929
6747.0	0.274869
6748.0	0.274808
6749.0	0.274747
6750.0	0.274663
6751.0	0.274603
6751.863281	0.27455
6752.0	0.274542
6753.0	0.274482
6754.0	0.274398
6755.0	0.274338
6756.0	0.274278
6757.0	0.274218
6758.0	0.274157
6759.0	0.274074
6760.0	0.274014
6761.0	0.273953
6761.865723	0.273901
6762.0	0.273893
6763.0	0.273806
6764.0	0.273743
6765.0	0.27368
6766.0	0.273617
6767.0	0.27353
6768.0	0.273467
6769.0	0.273404
6770.0	0.273341
6771.0	0.273278
6771.868652	0.273203
6772.0	0.273191
6773.0	0.273128
6774.0	0.273065
6775.0	0.273002
6776.0	0.272915
6777.0	0.272852
6778.0	0.272788
6779.0	0.272725
6780.0	0.272638
6781.0	0.272575
6781.871094	0.27252
6782.0	0.272513
6783.0	0.272459
6784.0	0.272404
6785.0	0.272327
6786.0	0.272272
6787.0	0.272218
6788.0	0.272164
6789.0	0.272086
6790.0	0.272032
6791.0	0.271977
6791.874023	0.27193
6792.0	0.271921
6793.0	0.271827
6794.0	0.271756
6795.0	0.271686
6796.0	0.271615
6797.0	0.271521
6798.0	0.27145
6799.0	0.27138
6800.0	0.271309
6801.0	0.271239
6801.876465	0.271156
6802.0	0.271146
6803.0	0.271088
6804.0	0.271029
6805.0	0.27097
6806.0	0.270888
6807.0	0.270829
6808.0	0.270771
6809.0	0.270712
6810.0	0.27063
6811.0	0.270572
6811.879395	0.27052
6812.0	0.270512
6813.0	0.270446
6814.0	0.270356
6815.0	0.27029
6816.0	0.270224
6817.0	0.270158
6818.0	0.270069
6819.0	0.270003
6820.0	0.269937
6821.0	0.269871
6821.882324	0.269812
6822.0	0.269805
6823.0	0.269718
6824.0	0.269655
6825.0	0.269592
6826.0	0.269529
6827.0	0.269442
6828.0	0.269379
6829.0	0.269316
6830.0	0.269253
6831.0	0.269173
6831.884766	0.269122
6832.0	0.269115
6833.0	0.26905
6834.0	0.268986
6835.0	0.268898
6836.0	0.268834
6837.0	0.268769
6838.0	0.268705
6839.0	0.268617
6840.0	0.268552
6841.0	0.268488
6841.887695	0.268431
6842.0	0.268425
6843.0	0.268347
6844.0	0.268293
6845.0	0.268238
6846.0	0.268184
6847.0	0.268106
6848.0	0.268052
6849.0	0.267998
6850.0	0.267943
6851.0	0.267866
6851.890137	0.267817
6852.0	0.267813
6853.0	0.26777
6854.0	0.267727
6855.0	0.267684
6856.0	0.267618
6857.0	0.267575
6858.0	0.267532
6859.0	0.267489
6860.0	0.267423
6861.0	0.267381
6861.892578	0.267342
6862.0	0.267336
6863.0	0.267279
6864.0	0.267199
6865.0	0.267142
6866.0	0.267085
6867.0	0.267028
6868.0	0.266948
6869.0	0.266892
6870.0	0.266835
6871.0	0.266778
6871.895508	0.266706
6872.0	0.266698
6873.0	0.266637
6874.0	0.266577
6875.0	0.266517
6876.0	0.266433
6877.0	0.266373
6878.0	0.266313
6879.0	0.266253
6880.0	0.266169
6881.0	0.266109
6881.898438	0.266055
6882.0	0.26605
6883.0	0.266001
6884.0	0.265929
6885.0	0.26588
6886.0	0.265831
6887.0	0.265781
6888.0	0.265709
6889.0	0.26566
6890.0	0.265611
6891.0	0.265562
6891.900879	0.265497
6892.0	0.265488
6893.0	0.26542
6894.0	0.265351
6895.0	0.265282
6896.0	0.26519
6897.0	0.265122
6898.0	0.265053
6899.0	0.264984
6900.0	0.264893
6901.0	0.264824
6901.903809	0.264762
6902.0	0.264757
6903.0	0.264701
6904.0	0.264623
6905.0	0.264568
6906.0	0.264512
6907.0	0.264457
6908.0	0.264379
6909.0	0.264323
6910.0	0.264268
6911.0	0.26419
6911.90625	0.26414
6912.0	0.264135
6913.0	0.264085
6914.0	0.264034
6915.0	0.263961
6916.0	0.263911
6917.0	0.26386
6918.0	0.26381
6919.0	0.263737
6920.0	0.263687
6921.0	0.263637
6921.90918	0.263591
6922.0	0.263586
6923.0	0.263507
6924.0	0.263452
6925.0	0.263396
6926.0	0.26334
6927.0	0.263262
6928.0	0.263206
6929.0	0.26315
6930.0	0.263095
6931.0	0.263016
6931.911621	0.262965
6932.0	0.262961
6933.0	0.262908
6934.0	0.262855
6935.0	0.26278
6936.0	0.262727
6937.0	0.262675
6938.0	0.262622
6939.0	0.262547
6940.0	0.262494
6941.0	0.262442
6941.914551	0.262373
6942.0	0.262367
6943.0	0.26232
6944.0	0.262274
6945.0	0.262227
6946.0	0.262158
6947.0	0.262112
6948.0	0.262065
6949.0	0.262019
6950.0	0.26195
6951.0	0.261904
6951.916992	0.261861
6952.0	0.261856
6953.0	0.261789
6954.0	0.2617
6955.0	0.261634
6956.0	0.261568
6957.0	0.261502
6958.0	0.261413
6959.0	0.261346
6960.0	0.26128
6961.0	0.261214
6961.919922	0.261133
6962.0	0.261127
6963.0	0.261081
6964.0	0.261035
6965.0	0.260966
6966.0	0.26092
6967.0	0.260874
6968.0	0.260828
6969.0	0.260759
6970.0	0.260713
6971.0	0.260667
6971.922363	0.260625
6972.0	0.260621
6973.0	0.260544
6974.0	0.26049
6975.0	0.260436
6976.0	0.260382
6977.0	0.260305
6978.0	0.260251
6979.0	0.260197
6980.0	0.260121
6981.0	0.260067
6981.925293	0.260017
6982.0	0.260013
6983.0	0.259962
6984.0	0.259889
6985.0	0.259839
6986.0	0.259788
6987.0	0.259738
6988.0	0.259665
6989.0	0.259614
6990.0	0.259564
6991.0	0.259514
6991.927734	0.259446
6992.0	0.25944
6993.0	0.259387
6994.0	0.259335
6995.0	0.259259
6996.0	0.259206
6997.0	0.259153
6998.0	0.2591
6999.0	0.259025
7000.0	0.258972
7001.0	0.258891
7001.930664	0.258815
7002.0	0.258809
7003.0	0.258702
7004.0	0.258617
7005.0	0.258532
7006.0	0.258424
7007.0	0.258339
7008.0	0.258254
7009.0	0.25817
7010.0	0.258062
7011.0	0.257977
7011.933105	0.257898
7012.0	0.257893
7013.0	0.257811
7014.0	0.257707
7015.0	0.257625
7016.0	0.257544
7017.0	0.25744
7018.0	0.257358
7019.0	0.257277
7020.0	0.257195
7021.0	0.257092
7021.936035	0.257015
7022.0	0.25701
7023.0	0.256926
7024.0	0.256842
7025.0	0.256736
7026.0	0.256652
7027.0	0.256568
7028.0	0.256462
7029.0	0.256378
7030.0	0.256295
7031.0	0.256202
7031.938477	0.256094
7032.0	0.256087
7033.0	0.255998
7034.0	0.255908
7035.0	0.255819
7036.0	0.255707
7037.0	0.255618
7038.0	0.255529
7039.0	0.255417
7040.0	0.255328
7041.0	0.255239
7041.941406	0.255155
7042.0	0.25515
7043.0	0.255043
7044.0	0.254959
7045.0	0.254874
7046.0	0.25479
7047.0	0.254683
7048.0	0.254599
7049.0	0.254514
7050.0	0.254408
7051.0	0.254323
7051.943848	0.254244
7052.0	0.254239
7053.0	0.254151
7054.0	0.254041
7055.0	0.253953
7056.0	0.253866
7057.0	0.253756
7058.0	0.253668
7059.0	0.253581
7060.0	0.253493
7061.0	0.253383
7061.946777	0.2533
7062.0	0.253296
7063.0	0.253213
7064.0	0.253108
7065.0	0.253024
7066.0	0.252941
7067.0	0.252858
7068.0	0.252753
7069.0	0.25267
7070.0	0.252587
7071.0	0.252482
7071.949219	0.252404
7072.0	0.252399
7073.0	0.252309
7074.0	0.252219
7075.0	0.252108
7076.0	0.252018
7077.0	0.251928
7078.0	0.251838
7079.0	0.251727
7080.0	0.251637
7081.0	0.251547
7081.952148	0.251441
7082.0	0.251436
7083.0	0.251348
7084.0	0.25126
7085.0	0.251173
7086.0	0.251063
7087.0	0.250975
7088.0	0.250888
7089.0	0.250778
7090.0	0.25069
7091.0	0.250603
7091.95459	0.250519
7092.0	0.250515
7093.0	0.250406
7094.0	0.250319
7095.0	0.250231
7096.0	0.250122
7097.0	0.250035
7098.0	0.249948
7099.0	0.24986
7100.0	0.249751
7101.0	0.249664
7101.95752	0.249581
7102.0	0.249577
7103.0	0.24947
7104.0	0.249385
7105.0	0.249299
7106.0	0.249214
7107.0	0.249107
7108.0	0.249022
7109.0	0.248937
7110.0	0.24883
7111.0	0.248745
7111.959961	0.248663
7112.0	0.24866
7113.0	0.248579
7114.0	0.248477
7115.0	0.248396
7116.0	0.248315
7117.0	0.248213
7118.0	0.248133
7119.0	0.248052
7120.0	0.24795
7121.0	0.247869
7121.962891	0.247792
7122.0	0.247789
7123.0	0.247702
7124.0	0.247595
7125.0	0.247508
7126.0	0.247422
7127.0	0.247314
7128.0	0.247228
7129.0	0.247142
7130.0	0.247055
7131.0	0.246948
7131.965332	0.246865
7132.0	0.246862
7133.0	0.246777
7134.0	0.246671
7135.0	0.246586
7136.0	0.246501
7137.0	0.246416
7138.0	0.24631
7139.0	0.246226
7140.0	0.246141
7141.0	0.246035
7141.968262	0.245953
7142.0	0.24595
7143.0	0.245858
7144.0	0.245744
7145.0	0.245651
7146.0	0.245558
7147.0	0.245466
7148.0	0.245352
7149.0	0.245259
7150.0	0.245167
7151.0	0.245053
7151.970703	0.244964
7152.0	0.244961
7153.0	0.244875
7154.0	0.24479
7155.0	0.244683
7156.0	0.244597
7157.0	0.244512
7158.0	0.244405
7159.0	0.244319
7160.0	0.244234
7161.0	0.244127
7161.973633	0.244044
7162.0	0.244042
7163.0	0.243962
7164.0	0.243883
7165.0	0.243783
7166.0	0.243704
7167.0	0.243625
7168.0	0.243524
7169.0	0.243445
7170.0	0.243366
7171.0	0.243266
7171.976074	0.243189
7172.0	0.243187
7173.0	0.243103
7174.0	0.24302
7175.0	0.242916
7176.0	0.242833
7177.0	0.24275
7178.0	0.242645
7179.0	0.242562
7180.0	0.242479
7181.0	0.242375
7181.979004	0.242294
7182.0	0.242292
7183.0	0.2422
7184.0	0.242109
7185.0	0.241996
7186.0	0.241905
7187.0	0.241814
7188.0	0.241701
7189.0	0.24161
7190.0	0.241518
7191.0	0.241406
7191.981934	0.241317
7192.0	0.241315
7193.0	0.241235
7194.0	0.241155
7195.0	0.241054
7196.0	0.240974
7197.0	0.240894
7198.0	0.240793
7199.0	0.240713
7200.0	0.240633
7201.0	0.240532
7201.984375	0.240453
7202.0	0.240452
7203.0	0.240379
7204.0	0.240285
7205.0	0.240211
7206.0	0.240138
7207.0	0.240065
7208.0	0.239971
7209.0	0.239898
7210.0	0.239825
7211.0	0.239731
7211.987305	0.239658
7212.0	0.239657
7213.0	0.239568
7214.0	0.239459
7215.0	0.23937
7216.0	0.239281
7217.0	0.239192
7218.0	0.239082
7219.0	0.238993
7220.0	0.238905
7221.0	0.238795
7221.989746	0.238707
7222.0	0.238706
7223.0	0.238622
7224.0	0.238518
7225.0	0.238434
7226.0	0.23835
7227.0	0.238245
7228.0	0.238161
7229.0	0.238077
7230.0	0.237994
7231.0	0.23788
7231.992676	0.237787
7232.0	0.237787
7233.0	0.2377
7234.0	0.237593
7235.0	0.237507
7236.0	0.237421
7237.0	0.237314
7238.0	0.237228
7239.0	0.237142
7240.0	0.237035
7241.0	0.236949
7241.995117	0.236863
7242.0	0.236863
7243.0	0.236744
7244.0	0.236647
7245.0	0.236549
7246.0	0.236452
7247.0	0.236334
7248.0	0.236237
7249.0	0.236139
7250.0	0.236022
7251.0	0.235924
7251.998047	0.235827
7252.0	0.235827
7253.0	0.235721
7254.0	0.235635
7255.0	0.235549
7256.0	0.235442
7257.0	0.235357
7258.0	0.235271
7259.0	0.235164
7260.0	0.235079
7261.0	0.234993
7262.0	0.234907
7262.000488	0.234907
7263.0	0.234798
7264.0	0.234708
7265.0	0.234619
7266.0	0.23451
7267.0	0.234421
7268.0	0.234332
7269.0	0.234222
7270.0	0.234133
7271.0	0.234045
7272.0	0.233935
7272.003418	0.233935
7273.0	0.233844
7274.0	0.233753
7275.0	0.233641
7276.0	0.23355
7277.0	0.233459
7278.0	0.233348
7279.0	0.233256
7280.0	0.233165
7281.0	0.233074
7282.0	0.232963
7282.005859	0.232962
7283.0	0.232874
7284.0	0.232786
7285.0	0.232677
7286.0	0.232588
7287.0	0.2325
7288.0	0.232391
7289.0	0.232302
7290.0	0.232214
7291.0	0.232105
7292.0	0.232017
7292.008789	0.232016
7293.0	0.231926
7294.0	0.231816
7295.0	0.231725
7296.0	0.231635
7297.0	0.231525
7298.0	0.231434
7299.0	0.231344
7300.0	0.231234
7301.0	0.231144
7302.0	0.231053
7302.01123	0.231052
7303.0	0.230967
7304.0	0.230861
7305.0	0.230775
7306.0	0.230689
7307.0	0.230584
7308.0	0.230498
7309.0	0.230412
7310.0	0.230306
7311.0	0.23022
7312.0	0.230135
7312.01416	0.230133
7313.0	0.230028
7314.0	0.229941
7315.0	0.229854
7316.0	0.229747
7317.0	0.22966
7318.0	0.229573
7319.0	0.229466
7320.0	0.229379
7321.0	0.229292
7322.0	0.229186
7322.016602	0.229184
7323.0	0.229094
7324.0	0.229002
7325.0	0.22889
7326.0	0.228799
7327.0	0.228707
7328.0	0.228595
7329.0	0.228504
7330.0	0.228412
7331.0	0.228301
7332.0	0.228209
7332.019531	0.228207
7333.0	0.228117
7334.0	0.228004
7335.0	0.227912
7336.0	0.227819
7337.0	0.227707
7338.0	0.227615
7339.0	0.227522
7340.0	0.22743
7341.0	0.227318
7342.0	0.227226
7342.021973	0.227224
7343.0	0.227142
7344.0	0.227039
7345.0	0.226955
7346.0	0.226871
7347.0	0.226768
7348.0	0.226684
7349.0	0.226601
7350.0	0.226498
7351.0	0.226414
7352.0	0.226331
7352.024902	0.226328
7353.0	0.226217
7354.0	0.226123
7355.0	0.22603
7356.0	0.225916
7357.0	0.225822
7358.0	0.225728
7359.0	0.225615
7360.0	0.225521
7361.0	0.225428
7362.0	0.225314
7362.027344	0.225312
7363.0	0.225233
7364.0	0.225152
7365.0	0.225051
7366.0	0.22497
7367.0	0.224888
7368.0	0.224788
7369.0	0.224707
7370.0	0.224626
7371.0	0.224525
7372.0	0.224444
7372.030273	0.224441
7373.0	0.224363
7374.0	0.224262
7375.0	0.224181
7376.0	0.224099
7377.0	0.223999
7378.0	0.223918
7379.0	0.223836
7380.0	0.223736
7381.0	0.223655
7382.0	0.223574
7382.032715	0.223571
7383.0	0.223469
7384.0	0.223383
7385.0	0.223298
7386.0	0.223193
7387.0	0.223107
7388.0	0.223022
7389.0	0.222917
7390.0	0.222832
7391.0	0.222746
7392.0	0.222642
7392.035645	0.222639
7393.0	0.222554
7394.0	0.222466
7395.0	0.222359
7396.0	0.222271
7397.0	0.222183
7398.0	0.222076
7399.0	0.221988
7400.0	0.2219
7401.0	0.221793
7402.0	0.221706
7402.038086	0.221702
7403.0	0.221626
7404.0	0.221528
7405.0	0.221449
7406.0	0.221369
7407.0	0.221271
7408.0	0.221192
7409.0	0.221113
7410.0	0.221015
7411.0	0.220936
7412.0	0.220838
7412.041016	0.220834
7413.0	0.220748
7414.0	0.220657
7415.0	0.220548
7416.0	0.220457
7417.0	0.220367
7418.0	0.220258
7419.0	0.220167
7420.0	0.220077
7421.0	0.219968
7422.0	0.219878
7422.043457	0.219874
7423.0	0.219797
7424.0	0.219698
7425.0	0.219618
7426.0	0.219539
7427.0	0.21944
7428.0	0.21936
7429.0	0.21928
7430.0	0.219181
7431.0	0.219113
7432.0	0.219044
7432.046387	0.21904
7433.0	0.218951
7434.0	0.218876
7435.0	0.218801
7436.0	0.218707
7437.0	0.218632
7438.0	0.218557
7439.0	0.218463
7440.0	0.218389
7441.0	0.218314
7442.0	0.21822
7442.049316	0.218217
7443.0	0.218148
7444.0	0.218076
7445.0	0.217984
7446.0	0.217912
7447.0	0.21784
7448.0	0.217748
7449.0	0.217676
7450.0	0.217585
7451.0	0.217513
7452.0	0.21744
7452.051758	0.217436
7453.0	0.217353
7454.0	0.217284
7455.0	0.217215
7456.0	0.217128
7457.0	0.217059
7458.0	0.216991
7459.0	0.216903
7460.0	0.216835
7461.0	0.216766
7462.0	0.216679
7462.054688	0.216675
7463.0	0.216604
7464.0	0.216529
7465.0	0.216435
7466.0	0.21636
7467.0	0.216285
7468.0	0.216191
7469.0	0.216115
7470.0	0.21604
7471.0	0.215946
7472.0	0.215871
7472.057129	0.215866
7473.0	0.21579
7474.0	0.215728
7475.0	0.215666
7476.0	0.215585
7477.0	0.215523
7478.0	0.215461
7479.0	0.21538
7480.0	0.215318
7481.0	0.215256
7482.0	0.215176
7482.060059	0.215172
7483.0	0.215093
7484.0	0.215008
7485.0	0.214905
7486.0	0.214821
7487.0	0.214737
7488.0	0.214634
7489.0	0.214549
7490.0	0.214446
7491.0	0.214363
7492.0	0.214279
7492.0625	0.214272
7493.0	0.214188
7494.0	0.214117
7495.0	0.214047
7496.0	0.213957
7497.0	0.213886
7498.0	0.213815
7499.0	0.213726
7500.0	0.213655
7501.0	0.213577
7502.0	0.213481
7502.06543	0.213476
7503.0	0.213405
7504.0	0.21333
7505.0	0.213236
7506.0	0.213161
7507.0	0.213067
7508.0	0.212992
7509.0	0.212917
7510.0	0.212823
7511.0	0.212748
7512.0	0.212674
7512.067871	0.212667
7513.0	0.212578
7514.0	0.2125
7515.0	0.212423
7516.0	0.212327
7517.0	0.212249
7518.0	0.212172
7519.0	0.212076
7520.0	0.211998
7521.0	0.211903
7522.0	0.211825
7522.070801	0.21182
7523.0	0.211745
7524.0	0.211645
7525.0	0.211564
7526.0	0.211483
7527.0	0.211383
7528.0	0.211302
7529.0	0.211221
7530.0	0.211121
7531.0	0.21104
7532.0	0.21096
7532.073242	0.210952
7533.0	0.210867
7534.0	0.210793
7535.0	0.210701
7536.0	0.210628
7537.0	0.210554
7538.0	0.210462
7539.0	0.210389
7540.0	0.210315
7541.0	0.210223
7542.0	0.21015
7542.076172	0.210144
7543.0	0.210078
7544.0	0.209987
7545.0	0.209916
7546.0	0.209825
7547.0	0.209754
7548.0	0.209682
7549.0	0.209591
7550.0	0.20952
7551.0	0.209448
7552.0	0.209358
7552.078613	0.209352
7553.0	0.209283
7554.0	0.209207
7555.0	0.209114
7556.0	0.209038
7557.0	0.208945
7558.0	0.208869
7559.0	0.208794
7560.0	0.208701
7561.0	0.208625
7562.0	0.20855
7562.081543	0.208542
7563.0	0.208451
7564.0	0.20837
7565.0	0.208289
7566.0	0.20819
7567.0	0.208109
7568.0	0.20801
7569.0	0.207929
7570.0	0.207848
7571.0	0.207749
7572.0	0.207668
7572.083984	0.207661
7573.0	0.207589
7574.0	0.207491
7575.0	0.207412
7576.0	0.207332
7577.0	0.207235
7578.0	0.207155
7579.0	0.207058
7580.0	0.206979
7581.0	0.206899
7582.0	0.206802
7582.086914	0.206795
7583.0	0.20672
7584.0	0.206638
7585.0	0.206537
7586.0	0.206455
7587.0	0.206354
7588.0	0.206272
7589.0	0.20619
7590.0	0.20609
7591.0	0.206007
7592.0	0.205925
7592.089844	0.205916
7593.0	0.20584
7594.0	0.205774
7595.0	0.205709
7596.0	0.205625
7597.0	0.20556
7598.0	0.205476
7599.0	0.205411
7600.0	0.205345
7601.0	0.205261
7602.0	0.205196
7602.092285	0.20519
7603.0	0.205115
7604.0	0.205014
7605.0	0.204931
7606.0	0.20483
7607.0	0.204748
7608.0	0.204665
7609.0	0.204564
7610.0	0.204482
7611.0	0.204399
7612.0	0.204298
7612.095215	0.20429
7613.0	0.204224
7614.0	0.204132
7615.0	0.204058
7616.0	0.203984
7617.0	0.203893
7618.0	0.203819
7619.0	0.203745
7620.0	0.203654
7621.0	0.20358
7622.0	0.203488
7622.097656	0.203481
7623.0	0.203421
7624.0	0.203354
7625.0	0.203269
7626.0	0.203201
7627.0	0.203134
7628.0	0.203049
7629.0	0.202982
7630.0	0.202897
7631.0	0.202808
7632.0	0.202718
7632.100586	0.202707
7633.0	0.202598
7634.0	0.202495
7635.0	0.202392
7636.0	0.202271
7637.0	0.202168
7638.0	0.202047
7639.0	0.201944
7640.0	0.201841
7641.0	0.20172
7642.0	0.201617
7642.103027	0.201607
7643.0	0.201513
7644.0	0.201391
7645.0	0.201287
7646.0	0.201165
7647.0	0.20106
7648.0	0.200956
7649.0	0.200834
7650.0	0.20073
7651.0	0.200626
7652.0	0.200504
7652.105957	0.200493
7653.0	0.200415
7654.0	0.200311
7655.0	0.200224
7656.0	0.200137
7657.0	0.200032
7658.0	0.199945
7659.0	0.199841
7660.0	0.199754
7661.0	0.199667
7662.0	0.199563
7662.108398	0.199554
7663.0	0.199474
7664.0	0.199386
7665.0	0.199279
7666.0	0.199191
7667.0	0.199085
7668.0	0.198996
7669.0	0.198907
7670.0	0.198801
7671.0	0.198713
7672.0	0.198624
7672.111328	0.198613
7673.0	0.198502
7674.0	0.198396
7675.0	0.198272
7676.0	0.198166
7677.0	0.198059
7678.0	0.197935
7679.0	0.197829
7680.0	0.197705
7681.0	0.197599
7682.0	0.197493
7682.11377	0.197479
7683.0	0.197375
7684.0	0.197275
7685.0	0.197175
7686.0	0.197058
7687.0	0.196958
7688.0	0.196841
7689.0	0.196742
7690.0	0.196642
7691.0	0.196525
7692.0	0.196425
7692.116699	0.196412
7693.0	0.19631
7694.0	0.196212
7695.0	0.196114
7696.0	0.195999
7697.0	0.195901
7698.0	0.195786
7699.0	0.195689
7700.0	0.195591
7701.0	0.195476
7702.0	0.195378
7702.119141	0.195367
7703.0	0.19529
7704.0	0.195186
7705.0	0.195099
7706.0	0.194995
7707.0	0.194908
7708.0	0.194821
7709.0	0.194717
7710.0	0.19463
7711.0	0.194526
7712.0	0.194439
7712.12207	0.194428
7713.0	0.194345
7714.0	0.194233
7715.0	0.194139
7716.0	0.194027
7717.0	0.193933
7718.0	0.193838
7719.0	0.193726
7720.0	0.193632
7721.0	0.193538
7722.0	0.193426
7722.124512	0.193414
7723.0	0.193332
7724.0	0.19322
7725.0	0.193126
7726.0	0.193032
7727.0	0.19292
7728.0	0.192826
7729.0	0.192715
7730.0	0.19262
7731.0	0.192526
7732.0	0.192415
7732.127441	0.192403
7733.0	0.192325
7734.0	0.192218
7735.0	0.192129
7736.0	0.192039
7737.0	0.191933
7738.0	0.191843
7739.0	0.191737
7740.0	0.191648
7741.0	0.191558
7742.0	0.191452
7742.129883	0.19144
7743.0	0.191353
7744.0	0.191235
7745.0	0.191134
7746.0	0.191033
7747.0	0.190916
7748.0	0.190815
7749.0	0.190697
7750.0	0.190597
7751.0	0.190496
7752.0	0.190379
7752.132812	0.190365
7753.0	0.190289
7754.0	0.190185
7755.0	0.190098
7756.0	0.19001
7757.0	0.189906
7758.0	0.189819
7759.0	0.189731
7760.0	0.189627
7761.0	0.18954
7762.0	0.189436
7762.135254	0.189424
7763.0	0.18934
7764.0	0.189242
7765.0	0.189128
7766.0	0.189031
7767.0	0.188916
7768.0	0.188819
7769.0	0.188722
7770.0	0.188608
7771.0	0.18851
7772.0	0.188397
7772.138184	0.188383
7773.0	0.188309
7774.0	0.188224
7775.0	0.188121
7776.0	0.188036
7777.0	0.187933
7778.0	0.187848
7779.0	0.187762
7780.0	0.18766
7781.0	0.187574
7782.0	0.187472
7782.140625	0.18746
7783.0	0.187376
7784.0	0.187279
7785.0	0.187165
7786.0	0.187068
7787.0	0.186954
7788.0	0.186856
7789.0	0.186743
7790.0	0.186645
7791.0	0.186548
7792.0	0.186434
7792.143555	0.18642
7793.0	0.18634
7794.0	0.18623
7795.0	0.186136
7796.0	0.186042
7797.0	0.185932
7798.0	0.185838
7799.0	0.185728
7800.0	0.185635
7801.0	0.185541
7802.0	0.185431
7802.145996	0.185417
7803.0	0.185336
7804.0	0.185225
7805.0	0.18513
7806.0	0.185035
7807.0	0.184924
7808.0	0.184829
7809.0	0.184718
7810.0	0.184623
7811.0	0.184528
7812.0	0.184417
7812.148926	0.184403
7813.0	0.184329
7814.0	0.184225
7815.0	0.184138
7816.0	0.184051
7817.0	0.183948
7818.0	0.183861
7819.0	0.183757
7820.0	0.18367
7821.0	0.183583
7822.0	0.18348
7822.151367	0.183467
7823.0	0.183388
7824.0	0.183279
7825.0	0.183187
7826.0	0.183078
7827.0	0.182986
7828.0	0.182893
7829.0	0.182785
7830.0	0.182692
7831.0	0.182601
7832.0	0.182526
7832.154297	0.182514
7833.0	0.182457
7834.0	0.182372
7835.0	0.182304
7836.0	0.18222
7837.0	0.182152
7838.0	0.182084
7839.0	0.182
7840.0	0.181932
7841.0	0.181848
7842.0	0.18178
7842.157227	0.181767
7843.0	0.181678
7844.0	0.181589
7845.0	0.1815
7846.0	0.181394
7847.0	0.181305
7848.0	0.1812
7849.0	0.181111
7850.0	0.181022
7851.0	0.180917
7852.0	0.180828
7852.159668	0.180811
7853.0	0.180742
7854.0	0.180676
7855.0	0.18061
7856.0	0.180527
7857.0	0.180461
7858.0	0.180379
7859.0	0.180313
7860.0	0.18023
7861.0	0.180164
7862.0	0.180098
7862.162598	0.180085
7863.0	0.180002
7864.0	0.17992
7865.0	0.179822
7866.0	0.17974
7867.0	0.179657
7868.0	0.179559
7869.0	0.179477
7870.0	0.179379
7871.0	0.179297
7872.0	0.179199
7872.165039	0.179185
7873.0	0.179124
7874.0	0.179052
7875.0	0.178964
7876.0	0.178891
7877.0	0.178803
7878.0	0.178731
7879.0	0.178658
7880.0	0.17857
7881.0	0.178498
7882.0	0.178409
7882.167969	0.178397
7883.0	0.178335
7884.0	0.178245
7885.0	0.178171
7886.0	0.178096
7887.0	0.178006
7888.0	0.177931
7889.0	0.177841
7890.0	0.177767
7891.0	0.177677
7892.0	0.177602
7892.17041	0.17759
7893.0	0.177531
7894.0	0.177444
7895.0	0.177373
7896.0	0.177286
7897.0	0.177216
7898.0	0.177145
7899.0	0.177058
7900.0	0.176987
7901.0	0.176901
7902.0	0.17683
7902.17334	0.176815
7903.0	0.176751
7904.0	0.176689
7905.0	0.176627
7906.0	0.176549
7907.0	0.176487
7908.0	0.176409
7909.0	0.176347
7910.0	0.176269
7911.0	0.176207
7912.0	0.176145
7912.175781	0.176132
7913.0	0.176054
7914.0	0.175975
7915.0	0.175881
7916.0	0.175802
7917.0	0.175723
7918.0	0.175629
7919.0	0.17555
7920.0	0.175456
7921.0	0.175377
7922.0	0.175283
7922.178711	0.175269
7923.0	0.175215
7924.0	0.17515
7925.0	0.175069
7926.0	0.175004
7927.0	0.174923
7928.0	0.174857
7929.0	0.174776
7930.0	0.174711
7931.0	0.174646
7932.0	0.174565
7932.181152	0.174553
7933.0	0.174485
7934.0	0.174387
7935.0	0.174304
7936.0	0.174206
7937.0	0.174123
7938.0	0.17404
7939.0	0.173942
7940.0	0.173859
7941.0	0.173761
7942.0	0.173679
7942.184082	0.173661
7943.0	0.173589
7944.0	0.173517
7945.0	0.173445
7946.0	0.173357
7947.0	0.173285
7948.0	0.173197
7949.0	0.173125
7950.0	0.173037
7951.0	0.172965
7952.0	0.172893
7952.186523	0.172876
7953.0	0.172808
7954.0	0.172739
7955.0	0.172656
7956.0	0.172587
7957.0	0.172503
7958.0	0.172435
7959.0	0.172366
7960.0	0.172282
7961.0	0.172214
7962.0	0.17213
7962.189453	0.172117
7963.0	0.172056
7964.0	0.171967
7965.0	0.171892
7966.0	0.171817
7967.0	0.171727
7968.0	0.171653
7969.0	0.171563
7970.0	0.171489
7971.0	0.171399
7972.0	0.171325
7972.191895	0.171308
7973.0	0.171242
7974.0	0.171176
7975.0	0.171109
7976.0	0.171028
7977.0	0.170962
7978.0	0.17088
7979.0	0.170814
7980.0	0.170733
7981.0	0.170668
7982.0	0.170603
7982.194824	0.170588
7983.0	0.170521
7984.0	0.170454
7985.0	0.170372
7986.0	0.170305
7987.0	0.170222
7988.0	0.170155
7989.0	0.170088
7990.0	0.170006
7991.0	0.169942
7992.0	0.169862
7992.197754	0.16985
7993.0	0.169797
7994.0	0.169716
7995.0	0.169651
7996.0	0.16957
7997.0	0.169504
7998.0	0.169439
7999.0	0.169358
8000.0	0.169292
8001.0	0.169196
8002.0	0.169115
8002.200195	0.169096
8003.0	0.169008
8004.0	0.168912
8005.0	0.168802
8006.0	0.168706
8007.0	0.168611
8008.0	0.168501
8009.0	0.168405
8010.0	0.168295
8011.0	0.168202
8012.0	0.168093
8012.203125	0.168075
8013.0	0.168016
8014.0	0.167942
8015.0	0.167854
8016.0	0.16778
8017.0	0.167691
8018.0	0.167618
8019.0	0.167529
8020.0	0.167455
8021.0	0.167368
8022.0	0.167295
8022.205566	0.167281
8023.0	0.167215
8024.0	0.167118
8025.0	0.167036
8026.0	0.166939
8027.0	0.166856
8028.0	0.166759
8029.0	0.166677
8030.0	0.16658
8031.0	0.1665
8032.0	0.16642
8032.208496	0.166401
8033.0	0.166336
8034.0	0.166268
8035.0	0.166186
8036.0	0.166119
8037.0	0.166037
8038.0	0.165969
8039.0	0.165887
8040.0	0.16582
8041.0	0.165753
8042.0	0.165671
8042.210938	0.165657
8043.0	0.165595
8044.0	0.165502
8045.0	0.165425
8046.0	0.165332
8047.0	0.165254
8048.0	0.165162
8049.0	0.165084
8050.0	0.165006
8051.0	0.164914
8052.0	0.164836
8052.213867	0.164816
8053.0	0.164736
8054.0	0.164648
8055.0	0.164545
8056.0	0.164457
8057.0	0.164355
8058.0	0.164267
8059.0	0.164179
8060.0	0.164077
8061.0	0.163989
8062.0	0.163887
8062.216309	0.163868
8063.0	0.163816
8064.0	0.163734
8065.0	0.163667
8066.0	0.163585
8067.0	0.163518
8068.0	0.163437
8069.0	0.16337
8070.0	0.163303
8071.0	0.163221
8072.0	0.163154
8072.219238	0.163136
8073.0	0.163069
8074.0	0.162998
8075.0	0.162912
8076.0	0.16284
8077.0	0.162754
8078.0	0.162683
8079.0	0.162611
8080.0	0.162525
8081.0	0.162454
8082.0	0.162368
8082.22168	0.162352
8083.0	0.162294
8084.0	0.162205
8085.0	0.16213
8086.0	0.162041
8087.0	0.161966
8088.0	0.161877
8089.0	0.161803
8090.0	0.161728
8091.0	0.161639
8092.0	0.161564
8092.224609	0.161544
8093.0	0.161467
8094.0	0.161382
8095.0	0.161282
8096.0	0.161197
8097.0	0.161097
8098.0	0.161012
8099.0	0.160913
8100.0	0.160828
8101.0	0.160743
8102.0	0.160643
8102.227539	0.160624
8103.0	0.160576
8104.0	0.160499
8105.0	0.160437
8106.0	0.16036
8107.0	0.160298
8108.0	0.160221
8109.0	0.160159
8110.0	0.160082
8111.0	0.16002
8112.0	0.159957
8112.22998	0.159939
8113.0	0.159866
8114.0	0.159785
8115.0	0.159689
8116.0	0.159608
8117.0	0.159512
8118.0	0.159431
8119.0	0.159336
8120.0	0.159255
8121.0	0.159159
8122.0	0.159078
8122.23291	0.159056
8123.0	0.158981
8124.0	0.158897
8125.0	0.158814
8126.0	0.158716
8127.0	0.158633
8128.0	0.158535
8129.0	0.158451
8130.0	0.158354
8131.0	0.15827
8132.0	0.158173
8132.235352	0.158153
8133.0	0.158093
8134.0	0.158001
8135.0	0.157923
8136.0	0.157831
8137.0	0.157753
8138.0	0.157674
8139.0	0.157582
8140.0	0.157504
8141.0	0.157412
8142.0	0.157334
8142.238281	0.157312
8143.0	0.157249
8144.0	0.15718
8145.0	0.157098
8146.0	0.157029
8147.0	0.156946
8148.0	0.156878
8149.0	0.156795
8150.0	0.156726
8151.0	0.156658
8152.0	0.156575
8152.240723	0.156558
8153.0	0.156501
8154.0	0.156411
8155.0	0.156335
8156.0	0.156245
8157.0	0.156169
8158.0	0.156079
8159.0	0.156004
8160.0	0.155914
8161.0	0.155838
8162.0	0.155748
8162.243652	0.15573
8163.0	0.155675
8164.0	0.155588
8165.0	0.155515
8166.0	0.155442
8167.0	0.155355
8168.0	0.155282
8169.0	0.155195
8170.0	0.155122
8171.0	0.155036
8172.0	0.154963
8172.246094	0.154941
8173.0	0.154876
8174.0	0.154804
8175.0	0.154717
8176.0	0.154644
8177.0	0.154558
8178.0	0.154485
8179.0	0.154399
8180.0	0.154326
8181.0	0.154254
8182.0	0.154167
8182.249023	0.154149
8183.0	0.154085
8184.0	0.153986
8185.0	0.153901
8186.0	0.153802
8187.0	0.153717
8188.0	0.153618
8189.0	0.153533
8190.0	0.153434
8191.0	0.153348
8192.0	0.15325
8192.251953	0.153228
8193.0	0.153175
8194.0	0.153089
8195.0	0.153018
8196.0	0.152932
8197.0	0.152861
8198.0	0.152789
8199.0	0.152704
8200.0	0.152632
8201.0	0.152549
8202.0	0.152479
8202.253906	0.152458
8203.0	0.152401
8204.0	0.152338
8205.0	0.152261
8206.0	0.152198
8207.0	0.152121
8208.0	0.152058
8209.0	0.151981
8210.0	0.151918
8211.0	0.151841
8212.0	0.151778
8212.256836	0.151758
8213.0	0.151687
8214.0	0.151604
8215.0	0.151509
8216.0	0.151427
8217.0	0.151344
8218.0	0.151249
8219.0	0.151167
8220.0	0.151071
8221.0	0.150989
8222.0	0.150893
8222.259766	0.150872
8223.0	0.150816
8224.0	0.150728
8225.0	0.150653
8226.0	0.150564
8227.0	0.150489
8228.0	0.150401
8229.0	0.150326
8230.0	0.150237
8231.0	0.150171
8232.0	0.150091
8232.262695	0.150074
8233.0	0.150038
8234.0	0.149977
8235.0	0.149928
8236.0	0.149867
8237.0	0.149818
8238.0	0.14977
8239.0	0.149708
8240.0	0.14966
8241.0	0.149598
8242.0	0.14955
8242.264648	0.149534
8243.0	0.149466
8244.0	0.149387
8245.0	0.149295
8246.0	0.149217
8247.0	0.149125
8248.0	0.149046
8249.0	0.148954
8250.0	0.148876
8251.0	0.148784
8252.0	0.148705
8252.267578	0.14868
8253.0	0.148628
8254.0	0.148569
8255.0	0.148497
8256.0	0.148438
8257.0	0.148366
8258.0	0.148307
8259.0	0.148235
8260.0	0.148177
8261.0	0.148105
8262.0	0.148046
8262.270508	0.14803
8263.0	0.147982
8264.0	0.147902
8265.0	0.147836
8266.0	0.147756
8267.0	0.14769
8268.0	0.147611
8269.0	0.147544
8270.0	0.147465
8271.0	0.147399
8272.0	0.147319
8272.273438	0.147301
8273.0	0.147257
8274.0	0.147184
8275.0	0.147124
8276.0	0.147051
8277.0	0.146991
8278.0	0.146918
8279.0	0.146858
8280.0	0.146785
8281.0	0.146725
8282.0	0.146652
8282.276367	0.146635
8283.0	0.146589
8284.0	0.146513
8285.0	0.146449
8286.0	0.146372
8287.0	0.146309
8288.0	0.146232
8289.0	0.146168
8290.0	0.146092
8291.0	0.146028
8292.0	0.145951
8292.27832	0.145934
8293.0	0.145887
8294.0	0.14581
8295.0	0.145745
8296.0	0.145668
8297.0	0.145604
8298.0	0.145526
8299.0	0.145462
8300.0	0.145398
8301.0	0.14532
8302.0	0.145256
8302.28125	0.145234
8303.0	0.145178
8304.0	0.145113
8305.0	0.145034
8306.0	0.144969
8307.0	0.14489
8308.0	0.144825
8309.0	0.144746
8310.0	0.144681
8311.0	0.144603
8312.0	0.144537
8312.28418	0.144515
8313.0	0.144467
8314.0	0.144412
8315.0	0.144344
8316.0	0.14429
8317.0	0.144222
8318.0	0.144167
8319.0	0.1441
8320.0	0.144045
8321.0	0.143977
8322.0	0.143922
8322.287109	0.143903
8323.0	0.143848
8324.0	0.143784
8325.0	0.143706
8326.0	0.143642
8327.0	0.143565
8328.0	0.1435
8329.0	0.143423
8330.0	0.143358
8331.0	0.143281
8332.0	0.143217
8332.289062	0.143195
8333.0	0.143132
8334.0	0.143057
8335.0	0.14297
8336.0	0.142895
8337.0	0.142807
8338.0	0.142732
8339.0	0.142645
8340.0	0.14257
8341.0	0.142482
8342.0	0.142408
8342.291992	0.142382
8343.0	0.14233
8344.0	0.14227
8345.0	0.142197
8346.0	0.142137
8347.0	0.142064
8348.0	0.142004
8349.0	0.141931
8350.0	0.141871
8351.0	0.141798
8352.0	0.141738
8352.294922	0.141716
8353.0	0.141653
8354.0	0.141576
8355.0	0.141486
8356.0	0.14141
8357.0	0.14132
8358.0	0.141243
8359.0	0.141153
8360.0	0.141076
8361.0	0.140987
8362.0	0.14091
8362.297852	0.140883
8363.0	0.140837
8364.0	0.140784
8365.0	0.140718
8366.0	0.140665
8367.0	0.140599
8368.0	0.140546
8369.0	0.14048
8370.0	0.140427
8371.0	0.140361
8372.0	0.140308
8372.299805	0.140289
8373.0	0.140234
8374.0	0.140169
8375.0	0.140091
8376.0	0.140025
8377.0	0.139947
8378.0	0.139882
8379.0	0.139804
8380.0	0.139739
8381.0	0.139661
8382.0	0.139596
8382.302734	0.139572
8383.0	0.139515
8384.0	0.139447
8385.0	0.139366
8386.0	0.139298
8387.0	0.139217
8388.0	0.139149
8389.0	0.139068
8390.0	0.138999
8391.0	0.138918
8392.0	0.13885
8392.305664	0.138825
8393.0	0.138771
8394.0	0.138706
8395.0	0.138628
8396.0	0.138563
8397.0	0.138486
8398.0	0.13842
8399.0	0.138343
8400.0	0.138278
8401.0	0.13821
8402.0	0.138154
8402.308594	0.138134
8403.0	0.138092
8404.0	0.138046
8405.0	0.137986
8406.0	0.137939
8407.0	0.13788
8408.0	0.137833
8409.0	0.137773
8410.0	0.137726
8411.0	0.137667
8412.0	0.137619
8412.310547	0.137601
8413.0	0.137555
8414.0	0.1375
8415.0	0.137433
8416.0	0.137378
8417.0	0.137311
8418.0	0.137256
8419.0	0.137188
8420.0	0.137134
8421.0	0.137066
8422.0	0.137012
8422.313477	0.13699
8423.0	0.136947
8424.0	0.136896
8425.0	0.136833
8426.0	0.136783
8427.0	0.136719
8428.0	0.136669
8429.0	0.136606
8430.0	0.136555
8431.0	0.136504
8432.0	0.136454
8432.316406	0.136442
8433.0	0.136405
8434.0	0.136338
8435.0	0.136285
8436.0	0.136218
8437.0	0.136164
8438.0	0.136098
8439.0	0.136044
8440.0	0.135978
8441.0	0.135924
8442.0	0.135858
8442.319336	0.13584
8443.0	0.135815
8444.0	0.135764
8445.0	0.135726
8446.0	0.135676
8447.0	0.135638
8448.0	0.135587
8449.0	0.135549
8450.0	0.135499
8451.0	0.13546
8452.0	0.13541
8452.322266	0.135398
8453.0	0.135363
8454.0	0.135301
8455.0	0.13525
8456.0	0.135187
8457.0	0.135137
8458.0	0.135074
8459.0	0.135023
8460.0	0.13496
8461.0	0.13491
8462.0	0.134847
8462.324219	0.13483
8463.0	0.134811
8464.0	0.13477
8465.0	0.134741
8466.0	0.1347
8467.0	0.134659
8468.0	0.13463
8469.0	0.134589
8470.0	0.13456
8471.0	0.134518
8472.0	0.134489
8472.327148	0.134476
8473.0	0.134436
8474.0	0.134388
8475.0	0.134328
8476.0	0.134281
8477.0	0.134221
8478.0	0.134173
8479.0	0.134113
8480.0	0.134065
8481.0	0.134006
8482.0	0.133958
8482.330078	0.133938
8483.0	0.1339
8484.0	0.133855
8485.0	0.133797
8486.0	0.133752
8487.0	0.133695
8488.0	0.133649
8489.0	0.133592
8490.0	0.133547
8491.0	0.133489
8492.0	0.133432
8492.333008	0.133417
8493.0	0.13339
8494.0	0.133337
8495.0	0.133295
8496.0	0.133242
8497.0	0.133201
8498.0	0.133148
8499.0	0.133106
8500.0	0.133053
8501.0	0.132995
8502.0	0.132926
8502.334961	0.132906
8503.0	0.132864
8504.0	0.132788
8505.0	0.132724
8506.0	0.132648
8507.0	0.132584
8508.0	0.132507
8509.0	0.132443
8510.0	0.132367
8511.0	0.132303
8512.0	0.132227
8512.337891	0.132206
8513.0	0.132172
8514.0	0.132108
8515.0	0.132045
8516.0	0.131993
8517.0	0.13193
8518.0	0.131878
8519.0	0.131815
8520.0	0.131763
8521.0	0.131699
8522.0	0.131648
8522.34082	0.131626
8523.0	0.131569
8524.0	0.131495
8525.0	0.131409
8526.0	0.131335
8527.0	0.131248
8528.0	0.131174
8529.0	0.131088
8530.0	0.131013
8531.0	0.130927
8532.0	0.130841
8532.34375	0.130815
8533.0	0.130777
8534.0	0.130707
8535.0	0.130648
8536.0	0.130578
8537.0	0.130519
8538.0	0.130449
8539.0	0.13039
8540.0	0.13032
8541.0	0.130261
8542.0	0.13019
8542.34668	0.13017
8543.0	0.130133
8544.0	0.130065
8545.0	0.130009
8546.0	0.129941
8547.0	0.129885
8548.0	0.129817
8549.0	0.129749
8550.0	0.129693
8551.0	0.129624
8552.0	0.129568
8552.348633	0.129544
8553.0	0.129501
8554.0	0.129445
8555.0	0.129378
8556.0	0.129322
8557.0	0.129255
8558.0	0.1292
8559.0	0.129132
8560.0	0.129077
8561.0	0.129009
8562.0	0.128953
8562.351562	0.12893
8563.0	0.128878
8564.0	0.128809
8565.0	0.128729
8566.0	0.128649
8567.0	0.12858
8568.0	0.1285
8569.0	0.128431
8570.0	0.128351
8571.0	0.128283
8572.0	0.128202
8572.354492	0.128178
8573.0	0.128139
8574.0	0.128067
8575.0	0.128006
8576.0	0.127934
8577.0	0.127874
8578.0	0.127802
8579.0	0.127729
8580.0	0.127669
8581.0	0.127597
8582.0	0.127536
8582.357422	0.12751
8583.0	0.127464
8584.0	0.127403
8585.0	0.127331
8586.0	0.12727
8587.0	0.127198
8588.0	0.127138
8589.0	0.127065
8590.0	0.127005
8591.0	0.126932
8592.0	0.12686
8592.359375	0.126838
8593.0	0.1268
8594.0	0.12673
8595.0	0.126671
8596.0	0.1266
8597.0	0.126541
8598.0	0.12647
8599.0	0.126411
8600.0	0.12634
8601.0	0.126281
8602.0	0.12621
8602.362305	0.126189
8603.0	0.126159
8604.0	0.1261
8605.0	0.126041
8606.0	0.125994
8607.0	0.125935
8608.0	0.125888
8609.0	0.125829
8610.0	0.125781
8611.0	0.125722
8612.0	0.125675
8612.365234	0.125653
8613.0	0.125599
8614.0	0.125524
8615.0	0.125437
8616.0	0.125363
8617.0	0.125276
8618.0	0.12519
8619.0	0.125115
8620.0	0.125029
8621.0	0.124954
8622.0	0.124867
8622.368164	0.12484
8623.0	0.124801
8624.0	0.124728
8625.0	0.124667
8626.0	0.124594
8627.0	0.124533
8628.0	0.12446
8629.0	0.124387
8630.0	0.124325
8631.0	0.124278
8632.0	0.124241
8632.370117	0.124223
8633.0	0.124192
8634.0	0.124155
8635.0	0.124106
8636.0	0.124068
8637.0	0.124019
8638.0	0.123982
8639.0	0.123932
8640.0	0.123883
8641.0	0.123845
8642.0	0.123796
8642.373047	0.123782
8643.0	0.12376
8644.0	0.123714
8645.0	0.12368
8646.0	0.123634
8647.0	0.123599
8648.0	0.123553
8649.0	0.123519
8650.0	0.123473
8651.0	0.123426
8652.0	0.123391
8652.375977	0.123374
8653.0	0.123342
8654.0	0.123303
8655.0	0.123252
8656.0	0.123212
8657.0	0.123161
8658.0	0.123122
8659.0	0.12307
8660.0	0.123031
8661.0	0.122979
8662.0	0.122928
8662.378906	0.122913
8663.0	0.122882
8664.0	0.122821
8665.0	0.122771
8666.0	0.12271
8667.0	0.12266
8668.0	0.122599
8669.0	0.122549
8670.0	0.122487
8671.0	0.122426
8672.0	0.122376
8672.381836	0.122352
8673.0	0.122329
8674.0	0.122302
8675.0	0.122264
8676.0	0.122237
8677.0	0.122198
8678.0	0.122171
8679.0	0.122133
8680.0	0.122094
8681.0	0.122067
8682.0	0.122028
8682.383789	0.122018
8683.0	0.121992
8684.0	0.121938
8685.0	0.121895
8686.0	0.121841
8687.0	0.121798
8688.0	0.121744
8689.0	0.12169
8690.0	0.121647
8691.0	0.121593
8692.0	0.12155
8692.386719	0.121529
8693.0	0.121488
8694.0	0.121432
8695.0	0.121366
8696.0	0.12131
8697.0	0.121243
8698.0	0.121177
8699.0	0.121121
8700.0	0.121054
8701.0	0.120998
8702.0	0.120931
8702.389648	0.12091
8703.0	0.120894
8704.0	0.120858
8705.0	0.120832
8706.0	0.120796
8707.0	0.120759
8708.0	0.120734
8709.0	0.120697
8710.0	0.120671
8711.0	0.120634
8712.0	0.120608
8712.392578	0.120594
8713.0	0.120563
8714.0	0.120524
8715.0	0.120474
8716.0	0.120423
8717.0	0.120384
8718.0	0.120333
8719.0	0.120294
8720.0	0.120243
8721.0	0.120203
8722.0	0.120153
8722.394531	0.120137
8723.0	0.120101
8724.0	0.12003
8725.0	0.119959
8726.0	0.119899
8727.0	0.119828
8728.0	0.119768
8729.0	0.119696
8730.0	0.119636
8731.0	0.119565
8732.0	0.119494
8732.397461	0.11947
8733.0	0.119445
8734.0	0.119393
8735.0	0.119352
8736.0	0.1193
8737.0	0.119259
8738.0	0.119207
8739.0	0.119165
8740.0	0.119113
8741.0	0.119061
8742.0	0.119019
8742.400391	0.118998
8743.0	0.118962
8744.0	0.118913
8745.0	0.118854
8746.0	0.118805
8747.0	0.118745
8748.0	0.118685
8749.0	0.118635
8750.0	0.118575
8751.0	0.118526
8752.0	0.118466
8752.40332	0.118446
8753.0	0.118419
8754.0	0.118362
8755.0	0.118317
8756.0	0.11826
8757.0	0.118204
8758.0	0.118158
8759.0	0.118102
8760.0	0.118056
8761.0	0.117999
8762.0	0.117953
8762.405273	0.11793
8763.0	0.117909
8764.0	0.117875
8765.0	0.117851
8766.0	0.117816
8767.0	0.117792
8768.0	0.117757
8769.0	0.117732
8770.0	0.117697
8771.0	0.117662
8772.0	0.117637
8772.408203	0.117623
8773.0	0.117582
8774.0	0.117523
8775.0	0.117454
8776.0	0.117395
8777.0	0.117325
8778.0	0.117256
8779.0	0.117197
8780.0	0.117127
8781.0	0.117068
8782.0	0.116998
8782.411133	0.116974
8783.0	0.116945
8784.0	0.116886
8785.0	0.116826
8786.0	0.116777
8787.0	0.116717
8788.0	0.116668
8789.0	0.116609
8790.0	0.116559
8791.0	0.116499
8792.0	0.116439
8792.414062	0.116419
8793.0	0.116403
8794.0	0.116364
8795.0	0.116336
8796.0	0.116298
8797.0	0.11627
8798.0	0.116231
8799.0	0.116192
8800.0	0.116163
8801.0	0.116109
8802.0	0.116066
8802.416016	0.116043
8803.0	0.11599
8804.0	0.115909
8805.0	0.115817
8806.0	0.115726
8807.0	0.115645
8808.0	0.115553
8809.0	0.115473
8810.0	0.115381
8811.0	0.1153
8812.0	0.115208
8812.418945	0.11517
8813.0	0.115133
8814.0	0.11508
8815.0	0.115015
8816.0	0.114962
8817.0	0.114898
8818.0	0.114844
8819.0	0.11478
8820.0	0.114716
8821.0	0.114662
8822.0	0.114598
8822.421875	0.114575
8823.0	0.114534
8824.0	0.114452
8825.0	0.11437
8826.0	0.114299
8827.0	0.114217
8828.0	0.114146
8829.0	0.114064
8830.0	0.113992
8831.0	0.113929
8832.0	0.113865
8832.424805	0.113843
8833.0	0.113834
8834.0	0.113807
8835.0	0.11379
8836.0	0.113763
8837.0	0.113747
8838.0	0.113719
8839.0	0.113692
8840.0	0.113675
8841.0	0.113648
8842.0	0.113631
8842.427734	0.113619
8843.0	0.11357
8844.0	0.113485
8845.0	0.11341
8846.0	0.113324
8847.0	0.113249
8848.0	0.113164
8849.0	0.113089
8850.0	0.113003
8851.0	0.112918
8852.0	0.112843
8852.429688	0.112806
8853.0	0.112778
8854.0	0.112739
8855.0	0.112689
8856.0	0.11265
8857.0	0.1126
8858.0	0.11255
8859.0	0.112511
8860.0	0.112461
8861.0	0.112421
8862.0	0.112371
8862.432617	0.112349
8863.0	0.11231
8864.0	0.112251
8865.0	0.112182
8866.0	0.112123
8867.0	0.112053
8868.0	0.111984
8869.0	0.111925
8870.0	0.111855
8871.0	0.111796
8872.0	0.111727
8872.435547	0.111701
8873.0	0.111686
8874.0	0.111648
8875.0	0.111611
8876.0	0.111584
8877.0	0.111546
8878.0	0.111519
8879.0	0.111481
8880.0	0.111443
8881.0	0.111415
8882.0	0.111377
8882.438477	0.111365
8883.0	0.111332
8884.0	0.111261
8885.0	0.111201
8886.0	0.111131
8887.0	0.11106
8888.0	0.111
8889.0	0.11093
8890.0	0.110869
8891.0	0.110799
8892.0	0.110728
8892.44043	0.110701
8893.0	0.110678
8894.0	0.110625
8895.0	0.110583
8896.0	0.11053
8897.0	0.110477
8898.0	0.110434
8899.0	0.110381
8900.0	0.110338
8901.0	0.110285
8902.0	0.110242
8902.443359	0.110219
8903.0	0.11019
8904.0	0.110138
8905.0	0.110097
8906.0	0.110045
8907.0	0.110003
8908.0	0.109951
8909.0	0.109899
8910.0	0.109857
8911.0	0.109805
8912.0	0.109763
8912.446289	0.10974
8913.0	0.109706
8914.0	0.109645
8915.0	0.109594
8916.0	0.109533
8917.0	0.109482
8918.0	0.109421
8919.0	0.10936
8920.0	0.109309
8921.0	0.109247
8922.0	0.109196
8922.449219	0.109168
8923.0	0.109124
8924.0	0.109044
8925.0	0.108975
8926.0	0.108895
8927.0	0.108825
8928.0	0.108745
8929.0	0.108676
8930.0	0.108596
8931.0	0.108516
8932.0	0.108446
8932.452148	0.108409
8933.0	0.108387
8934.0	0.108356
8935.0	0.108315
8936.0	0.108273
8937.0	0.108242
8938.0	0.1082
8939.0	0.108169
8940.0	0.108127
8941.0	0.108085
8942.0	0.108054
8942.454102	0.108035
8943.0	0.107988
8944.0	0.107911
8945.0	0.107825
8946.0	0.107739
8947.0	0.107662
8948.0	0.107576
8949.0	0.1075
8950.0	0.107413
8951.0	0.107327
8952.0	0.10725
8952.457031	0.107211
8953.0	0.107201
8954.0	0.107193
8955.0	0.107175
8956.0	0.107157
8957.0	0.107149
8958.0	0.107131
8959.0	0.107123
8960.0	0.107104
8961.0	0.107086
8962.0	0.107077
8962.459961	0.107068
8963.0	0.107017
8964.0	0.106932
8965.0	0.106837
8966.0	0.106742
8967.0	0.106656
8968.0	0.106561
8969.0	0.106476
8970.0	0.106381
8971.0	0.106286
8972.0	0.1062
8972.462891	0.106156
8973.0	0.106129
8974.0	0.106089
8975.0	0.106039
8976.0	0.105989
8977.0	0.105949
8978.0	0.105898
8979.0	0.105858
8980.0	0.105807
8981.0	0.105757
8982.0	0.105716
8982.464844	0.105693
8983.0	0.105649
8984.0	0.105577
8985.0	0.105495
8986.0	0.105412
8987.0	0.10534
8988.0	0.105258
8989.0	0.105175
8990.0	0.105103
8991.0	0.10502
8992.0	0.104948
8992.467773	0.104909
8993.0	0.104871
8994.0	0.104799
8995.0	0.104737
8996.0	0.104665
8997.0	0.104602
8998.0	0.10453
8999.0	0.104458
9000.0	0.104396
9001.0	0.10431
9002.0	0.104234
9002.470703	0.104193
9003.0	0.104157
9004.0	0.104087
9005.0	0.104027
9006.0	0.103958
9007.0	0.103898
9008.0	0.103828
9009.0	0.103758
9010.0	0.103698
9011.0	0.103629
9012.0	0.103569
9012.473633	0.103536
9013.0	0.103493
9014.0	0.103411
9015.0	0.103339
9016.0	0.103257
9017.0	0.103175
9018.0	0.103103
9019.0	0.103021
9020.0	0.102949
9021.0	0.102867
9022.0	0.102786
9022.476562	0.102751
9023.0	0.102714
9024.0	0.102632
9025.0	0.10256
9026.0	0.102479
9027.0	0.102397
9028.0	0.102325
9029.0	0.102243
9030.0	0.102171
9031.0	0.102096
9032.0	0.102021
9032.478516	0.101989
9033.0	0.101957
9034.0	0.101884
9035.0	0.101811
9036.0	0.101748
9037.0	0.101675
9038.0	0.101612
9039.0	0.101539
9040.0	0.101466
9041.0	0.101403
9042.0	0.10133
9042.481445	0.1013
9043.0	0.101266
9044.0	0.101191
9045.0	0.101117
9046.0	0.101052
9047.0	0.100977
9048.0	0.100902
9049.0	0.100837
9050.0	0.100762
9051.0	0.100696
9052.0	0.100621
9052.484375	0.100585
9053.0	0.100547
9054.0	0.100482
9055.0	0.100407
9056.0	0.100342
9057.0	0.100267
9058.0	0.100193
9059.0	0.100128
9060.0	0.100053
9061.0	0.0999781
9062.0	0.0999128
9062.487305	0.0998764
9063.0	0.0998391
9064.0	0.0997757
9065.0	0.0997028
9066.0	0.0996298
9067.0	0.0995662
9068.0	0.0994932
9069.0	0.0994294
9070.0	0.0993563
9071.0	0.0992832
9072.0	0.0992194
9072.489258	0.0991836
9073.0	0.0991451
9074.0	0.0990696
9075.0	0.0990033
9076.0	0.0989277
9077.0	0.0988614
9078.0	0.0987857
9079.0	0.0987099
9080.0	0.0986434
9081.0	0.0985676
9082.0	0.0984918
9082.492188	0.098459
9083.0	0.0984252
9084.0	0.0983494
9085.0	0.0982827
9086.0	0.0982068
9087.0	0.0981308
9088.0	0.098064
9089.0	0.0979879
9090.0	0.0979209
9091.0	0.0978449
9092.0	0.0977687
9092.495117	0.0977356
9093.0	0.0977005
9094.0	0.0976218
9095.0	0.0975431
9096.0	0.0974735
9097.0	0.0973947
9098.0	0.097325
9099.0	0.0972461
9100.0	0.0971671
9101.0	0.0970973
9102.0	0.0970183
9102.498047	0.096979
9103.0	0.0969413
9104.0	0.0968755
9105.0	0.0968004
9106.0	0.0967343
9107.0	0.0966591
9108.0	0.0965839
9109.0	0.0965177
9110.0	0.0964423
9111.0	0.096367
9112.0	0.0963008
9112.5	0.0962631
9113.0	0.0962253
9114.0	0.0961588
9115.0	0.0960831
9116.0	0.0960074
9117.0	0.0959406
9118.0	0.0958648
9119.0	0.0957889
9120.0	0.095722
9121.0	0.0956461
9122.0	0.0955791
9122.50293	0.0955409
9123.0	0.0955043
9124.0	0.0954305
9125.0	0.0953656
9126.0	0.0952917
9127.0	0.0952177
9128.0	0.0951526
9129.0	0.0950785
9130.0	0.0950044
9131.0	0.0949392
9132.0	0.0948651
9132.505859	0.094832
9133.0	0.0947978
9134.0	0.0947195
9135.0	0.0946411
9136.0	0.0945716
9137.0	0.0944931
9138.0	0.0944146
9139.0	0.0943449
9140.0	0.0942662
9141.0	0.0941966
9142.0	0.0941179
9142.508789	0.0940779
9143.0	0.0940385
9144.0	0.093967
9145.0	0.0938867
9146.0	0.0938063
9147.0	0.0937347
9148.0	0.0936542
9149.0	0.0935825
9150.0	0.0935019
9151.0	0.0934213
9152.0	0.0933496
9152.510742	0.0933084
9153.0	0.0932717
9154.0	0.0931967
9155.0	0.0931305
9156.0	0.0930555
9157.0	0.0929803
9158.0	0.0929139
9159.0	0.0928386
9160.0	0.0927721
9161.0	0.0926968
9162.0	0.0926214
9162.513672	0.0925872
9163.0	0.0925534
9164.0	0.0924751
9165.0	0.0923968
9166.0	0.0923272
9167.0	0.0922488
9168.0	0.0921703
9169.0	0.0921005
9170.0	0.0920219
9171.0	0.0919521
9172.0	0.0918734
9172.516602	0.0918328
9173.0	0.0917933
9174.0	0.0917201
9175.0	0.0916382
9176.0	0.0915562
9177.0	0.0914828
9178.0	0.0914007
9179.0	0.0913186
9180.0	0.0912451
9181.0	0.091163
9182.0	0.0910894
9182.519531	0.0910467
9183.0	0.0910095
9184.0	0.0909321
9185.0	0.0908633
9186.0	0.0907858
9187.0	0.0907082
9188.0	0.0906392
9189.0	0.0905615
9190.0	0.0904838
9191.0	0.0904147
9192.0	0.0903369
9192.522461	0.0903007
9193.0	0.0902659
9194.0	0.0901844
9195.0	0.0901028
9196.0	0.0900297
9197.0	0.089948
9198.0	0.0898663
9199.0	0.089793
9200.0	0.0897111
9201.0	0.0896235
9202.0	0.0895444
9202.524414	0.0894984
9203.0	0.089459
9204.0	0.0893762
9205.0	0.0893018
9206.0	0.0892188
9207.0	0.0891443
9208.0	0.0890613
9209.0	0.0889782
9210.0	0.0889035
9211.0	0.0888204
9212.0	0.0887372
9212.527344	0.0886978
9213.0	0.088658
9214.0	0.0885653
9215.0	0.0884726
9216.0	0.0883882
9217.0	0.0882955
9218.0	0.0882027
9219.0	0.0881182
9220.0	0.0880253
9221.0	0.0879408
9222.0	0.0878479
9222.530273	0.0877987
9223.0	0.0877613
9224.0	0.08769
9225.0	0.0876102
9226.0	0.0875305
9227.0	0.0874589
9228.0	0.087379
9229.0	0.0872991
9230.0	0.0872273
9231.0	0.0871511
9232.0	0.0870748
9232.533203	0.0870385
9233.0	0.0870011
9234.0	0.0869126
9235.0	0.0868323
9236.0	0.0867438
9237.0	0.0866551
9238.0	0.0865747
9239.0	0.086486
9240.0	0.0863973
9241.0	0.0863167
9242.0	0.086228
9242.535156	0.0861804
9243.0	0.0861406
9244.0	0.0860632
9245.0	0.0859774
9246.0	0.0858917
9247.0	0.085814
9248.0	0.0857282
9249.0	0.0856423
9250.0	0.0855644
9251.0	0.0854785
9252.0	0.0854006
9252.538086	0.0853543
9253.0	0.0853167
9254.0	0.0852355
9255.0	0.0851622
9256.0	0.0850808
9257.0	0.0849994
9258.0	0.084926
9259.0	0.0848444
9260.0	0.0847627
9261.0	0.0846892
9262.0	0.0846074
9262.541016	0.0845632
9263.0	0.0845226
9264.0	0.0844422
9265.0	0.0843538
9266.0	0.0842652
9267.0	0.0841847
9268.0	0.0840961
9269.0	0.0840074
9270.0	0.0839267
9271.0	0.0838379
9272.0	0.0837492
9272.543945	0.0837052
9273.0	0.0836714
9274.0	0.0835893
9275.0	0.083515
9276.0	0.0834327
9277.0	0.0833504
9278.0	0.083276
9279.0	0.0831935
9280.0	0.083111
9281.0	0.0830364
9282.0	0.0829538
9282.546875	0.0829086
9283.0	0.0828706
9284.0	0.0827947
9285.0	0.0827109
9286.0	0.082627
9287.0	0.0825509
9288.0	0.0824668
9289.0	0.0823828
9290.0	0.0823065
9291.0	0.0822223
9292.0	0.0821381
9292.548828	0.0820961
9293.0	0.08206
9294.0	0.0819721
9295.0	0.0818841
9296.0	0.0818039
9297.0	0.0817158
9298.0	0.0816276
9299.0	0.0815472
9300.0	0.081459
9301.0	0.0813707
9302.0	0.0812902
9302.551758	0.0812414
9303.0	0.0812008
9304.0	0.0811101
9305.0	0.0810272
9306.0	0.0809364
9307.0	0.0808534
9308.0	0.0807625
9309.0	0.0806716
9310.0	0.0805884
9311.0	0.0804974
9312.0	0.0804064
9312.554688	0.0803602
9313.0	0.0803258
9314.0	0.0802409
9315.0	0.0801559
9316.0	0.0800785
9317.0	0.0799933
9318.0	0.0799082
9319.0	0.0798305
9320.0	0.0797452
9321.0	0.0796599
9322.0	0.0795821
9322.557617	0.0795344
9323.0	0.0794963
9324.0	0.07941
9325.0	0.0793312
9326.0	0.0792447
9327.0	0.0791582
9328.0	0.0790793
9329.0	0.0789926
9330.0	0.078906
9331.0	0.0788268
9332.0	0.07874
9332.55957	0.0786915
9333.0	0.0786513
9334.0	0.0785675
9335.0	0.0784761
9336.0	0.0783847
9337.0	0.0783007
9338.0	0.0782091
9339.0	0.0781176
9340.0	0.0780334
9341.0	0.0779417
9342.0	0.07785
9342.5625	0.0778026
9343.0	0.0777663
9344.0	0.0776759
9345.0	0.0775854
9346.0	0.0775023
9347.0	0.0774117
9348.0	0.0773211
9349.0	0.0772378
9350.0	0.077147
9351.0	0.0770562
9352.0	0.0769728
9352.56543	0.0769214
9353.0	0.0768823
9354.0	0.0767923
9355.0	0.0767096
9356.0	0.0766195
9357.0	0.0765293
9358.0	0.0764464
9359.0	0.0763561
9360.0	0.0762658
9361.0	0.0761827
9362.0	0.0760923
9362.568359	0.0760408
9363.0	0.0760015
9364.0	0.0759175
9365.0	0.0758261
9366.0	0.0757347
9367.0	0.0756506
9368.0	0.0755591
9369.0	0.0754675
9370.0	0.0753831
9371.0	0.0752914
9372.0	0.0751997
9372.570312	0.0751515
9373.0	0.0751161
9374.0	0.0750264
9375.0	0.0749367
9376.0	0.0748541
9377.0	0.0747643
9378.0	0.0746744
9379.0	0.0745916
9380.0	0.0745016
9381.0	0.0744115
9382.0	0.0743286
9382.573242	0.0742769
9383.0	0.0742378
9384.0	0.0741462
9385.0	0.0740616
9386.0	0.0739699
9387.0	0.0738781
9388.0	0.0737933
9389.0	0.0737014
9390.0	0.0736095
9391.0	0.0735245
9392.0	0.0734325
9392.576172	0.0733794
9393.0	0.0733419
9394.0	0.0732605
9395.0	0.0731719
9396.0	0.0730833
9397.0	0.0730016
9398.0	0.0729129
9399.0	0.0728241
9400.0	0.0727422
9401.0	0.0726457
9402.0	0.0725491
9402.579102	0.0724971
9403.0	0.0724567
9404.0	0.0723537
9405.0	0.0722507
9406.0	0.0721476
9407.0	0.0720515
9408.0	0.0719484
9409.0	0.0718453
9410.0	0.071749
9411.0	0.0716458
9412.0	0.0715426
9412.582031	0.0714865
9413.0	0.071448
9414.0	0.0713492
9415.0	0.0712503
9416.0	0.0711583
9417.0	0.0710593
9418.0	0.0709603
9419.0	0.0708681
9420.0	0.070769
9421.0	0.0706699
9422.0	0.0705775
9422.583984	0.0705196
9423.0	0.0704771
9424.0	0.0703749
9425.0	0.0702794
9426.0	0.0701771
9427.0	0.0700748
9428.0	0.0699792
9429.0	0.0698768
9430.0	0.0697744
9431.0	0.0696832
9432.0	0.0695853
9432.586914	0.0695278
9433.0	0.069488
9434.0	0.0693916
9435.0	0.0693018
9436.0	0.0692053
9437.0	0.0691087
9438.0	0.0690188
9439.0	0.0689221
9440.0	0.0688254
9441.0	0.0687352
9442.0	0.0686384
9442.589844	0.0685813
9443.0	0.0685409
9444.0	0.0684491
9445.0	0.0683507
9446.0	0.0682521
9447.0	0.0681602
9448.0	0.0680616
9449.0	0.0679629
9450.0	0.0678708
9451.0	0.067772
9452.0	0.0676732
9452.592773	0.0676185
9453.0	0.0675809
9454.0	0.0674819
9455.0	0.0673829
9456.0	0.0672839
9457.0	0.0671913
9458.0	0.0670922
9459.0	0.066993
9460.0	0.0669002
9461.0	0.066801
9462.0	0.0667016
9462.594727	0.0666464
9463.0	0.0666096
9464.0	0.0665124
9465.0	0.0664152
9466.0	0.0663244
9467.0	0.066227
9468.0	0.0661297
9469.0	0.0660386
9470.0	0.0659411
9471.0	0.0658436
9472.0	0.0657523
9472.597656	0.065694
9473.0	0.0656538
9474.0	0.0655541
9475.0	0.0654542
9476.0	0.0653606
9477.0	0.0652607
9478.0	0.0651607
9479.0	0.065067
9480.0	0.0649669
9481.0	0.0648667
9482.0	0.0647728
9482.600586	0.0647126
9483.0	0.0646728
9484.0	0.064573
9485.0	0.0644794
9486.0	0.0643795
9487.0	0.0642796
9488.0	0.0641858
9489.0	0.0640858
9490.0	0.0639857
9491.0	0.0638856
9492.0	0.0637916
9492.603516	0.0637311
9493.0	0.0636923
9494.0	0.0635944
9495.0	0.0635025
9496.0	0.0634045
9497.0	0.0633064
9498.0	0.0632144
9499.0	0.0631161
9500.0	0.0630179
9501.0	0.0629649
9502.0	0.0629058
9502.606445	0.06287
9503.0	0.0628456
9504.0	0.0627835
9505.0	0.0627275
9506.0	0.0626654
9507.0	0.0626033
9508.0	0.0625472
9509.0	0.062485
9510.0	0.0624227
9511.0	0.0623665
9512.0	0.0623042
9512.608398	0.0622662
9513.0	0.0622421
9514.0	0.0621863
9515.0	0.0621245
9516.0	0.0620627
9517.0	0.0620009
9518.0	0.061945
9519.0	0.0618831
9520.0	0.0618211
9521.0	0.0617651
9522.0	0.0617031
9522.611328	0.0616652
9523.0	0.0616407
9524.0	0.0615835
9525.0	0.0615204
9526.0	0.0614572
9527.0	0.0614
9528.0	0.0613368
9529.0	0.0612735
9530.0	0.0612102
9531.0	0.0611528
9532.0	0.0610895
9532.614258	0.0610505
9533.0	0.0610275
9534.0	0.0609739
9535.0	0.0609143
9536.0	0.0608546
9537.0	0.0608009
9538.0	0.0607411
9539.0	0.0606814
9540.0	0.0606216
9541.0	0.0605676
9542.0	0.0605077
9542.617188	0.0604707
9543.0	0.0604459
9544.0	0.0603871
9545.0	0.0603223
9546.0	0.0602575
9547.0	0.0601985
9548.0	0.0601337
9549.0	0.0600688
9550.0	0.0600039
9551.0	0.0599448
9552.0	0.0598798
9552.619141	0.0598395
9553.0	0.0598164
9554.0	0.0597612
9555.0	0.0597003
9556.0	0.0596393
9557.0	0.0595841
9558.0	0.059523
9559.0	0.0594619
9560.0	0.0594008
9561.0	0.0593453
9562.0	0.0592841
9562.62207	0.059246
9563.0	0.0592222
9564.0	0.0591651
9565.0	0.0591021
9566.0	0.0590391
9567.0	0.0589818
9568.0	0.0589187
9569.0	0.0588557
9570.0	0.0587925
9571.0	0.058735
9572.0	0.0586718
9572.625	0.0586323
9573.0	0.0586076
9574.0	0.0585474
9575.0	0.0584814
9576.0	0.0584155
9577.0	0.0583551
9578.0	0.0582891
9579.0	0.0582231
9580.0	0.058157
9581.0	0.0580965
9582.0	0.0580304
9582.62793	0.0579888
9583.0	0.0579657
9584.0	0.0579092
9585.0	0.057847
9586.0	0.0577848
9587.0	0.0577225
9588.0	0.0576658
9589.0	0.0576035
9590.0	0.0575411
9591.0	0.0574842
9592.0	0.0574217
9592.630859	0.0573823
9593.0	0.0573586
9594.0	0.0572999
9595.0	0.0572356
9596.0	0.0571713
9597.0	0.057107
9598.0	0.0570481
9599.0	0.0569837
9600.0	0.0569193
9601.0	0.0568582
9602.0	0.0567916
9602.632812	0.0567494
9603.0	0.0567246
9604.0	0.0566572
9605.0	0.0565953
9606.0	0.0565279
9607.0	0.0564604
9608.0	0.0563984
9609.0	0.0563309
9610.0	0.0562634
9611.0	0.0561958
9612.0	0.0561336
9612.635742	0.0560906
9613.0	0.0560664
9614.0	0.0560001
9615.0	0.0559393
9616.0	0.0558729
9617.0	0.0558065
9618.0	0.0557401
9619.0	0.0556791
9620.0	0.0556126
9621.0	0.0555461
9622.0	0.0554849
9622.638672	0.0554424
9623.0	0.0554177
9624.0	0.0553493
9625.0	0.0552862
9626.0	0.0552178
9627.0	0.0551493
9628.0	0.0550808
9629.0	0.0550177
9630.0	0.0549491
9631.0	0.0548804
9632.0	0.0548169
9632.641602	0.0547728
9633.0	0.0547495
9634.0	0.0546846
9635.0	0.0546196
9636.0	0.0545599
9637.0	0.0544949
9638.0	0.0544298
9639.0	0.05437
9640.0	0.0543049
9641.0	0.0542397
9642.0	0.0541744
9642.643555	0.0541358
9643.0	0.0541118
9644.0	0.0540391
9645.0	0.0539664
9646.0	0.053899
9647.0	0.0538263
9648.0	0.0537536
9649.0	0.0536808
9650.0	0.0536133
9651.0	0.0535405
9652.0	0.0534677
9652.646484	0.053424
9653.0	0.0534022
9654.0	0.0533353
9655.0	0.0532683
9656.0	0.0532013
9657.0	0.0531395
9658.0	0.0530725
9659.0	0.0530054
9660.0	0.0529383
9661.0	0.0528763
9662.0	0.052809
9662.649414	0.0527654
9663.0	0.0527415
9664.0	0.0526788
9665.0	0.0526108
9666.0	0.0525428
9667.0	0.0524748
9668.0	0.0524119
9669.0	0.0523438
9670.0	0.0522757
9671.0	0.0522126
9672.0	0.0521444
9672.652344	0.0520999
9673.0	0.0520752
9674.0	0.0520042
9675.0	0.0519382
9676.0	0.0518671
9677.0	0.051796
9678.0	0.05173
9679.0	0.0516589
9680.0	0.0515877
9681.0	0.0515165
9682.0	0.0514503
9682.655273	0.0514036
9683.0	0.0513797
9684.0	0.0513105
9685.0	0.0512414
9686.0	0.0511771
9687.0	0.0511079
9688.0	0.0510386
9689.0	0.0509743
9690.0	0.0509049
9691.0	0.0508355
9692.0	0.0507661
9692.657227	0.0507237
9693.0	0.0507015
9694.0	0.0506317
9695.0	0.050562
9696.0	0.0504971
9697.0	0.0504273
9698.0	0.0503574
9699.0	0.0502875
9700.0	0.0502225
9701.0	0.0501525
9702.0	0.0500825
9702.660156	0.0500363
9703.0	0.050013
9704.0	0.0499496
9705.0	0.0498812
9706.0	0.0498128
9707.0	0.0497493
9708.0	0.0496808
9709.0	0.0496123
9710.0	0.0495438
9711.0	0.04948
9712.0	0.0494114
9712.663086	0.0493658
9713.0	0.0493418
9714.0	0.0492704
9715.0	0.0492038
9716.0	0.0491324
9717.0	0.0490609
9718.0	0.0489942
9719.0	0.0489227
9720.0	0.0488511
9721.0	0.0487795
9722.0	0.0487127
9722.666016	0.0486649
9723.0	0.0486411
9724.0	0.0485697
9725.0	0.0484984
9726.0	0.0484317
9727.0	0.0483603
9728.0	0.0482888
9729.0	0.0482221
9730.0	0.0481505
9731.0	0.048079
9732.0	0.0480074
9732.667969	0.0479627
9733.0	0.047941
9734.0	0.047871
9735.0	0.047801
9736.0	0.0477309
9737.0	0.0476655
9738.0	0.0475954
9739.0	0.0475252
9740.0	0.047455
9741.0	0.0473894
9742.0	0.0473191
9742.670898	0.047272
9743.0	0.0472486
9744.0	0.0471823
9745.0	0.0471113
9746.0	0.0470403
9747.0	0.0469693
9748.0	0.0469029
9749.0	0.0468318
9750.0	0.0467607
9751.0	0.0466895
9752.0	0.0466229
9752.673828	0.0465749
9753.0	0.0465512
9754.0	0.0464788
9755.0	0.0464063
9756.0	0.0463383
9757.0	0.0462657
9758.0	0.0461932
9759.0	0.0461251
9760.0	0.0460525
9761.0	0.0459798
9762.0	0.0459071
9762.676758	0.0458609
9763.0	0.0458391
9764.0	0.045767
9765.0	0.0456949
9766.0	0.0456228
9767.0	0.0455552
9768.0	0.045483
9769.0	0.0454109
9770.0	0.0453386
9771.0	0.0452708
9772.0	0.0451985
9772.679688	0.0451493
9773.0	0.0451261
9774.0	0.0450578
9775.0	0.044985
9776.0	0.0449122
9777.0	0.0448394
9778.0	0.044771
9779.0	0.0446982
9780.0	0.0446253
9781.0	0.0445524
9782.0	0.0444838
9782.681641	0.0444341
9783.0	0.0444113
9784.0	0.0443397
9785.0	0.0442681
9786.0	0.0442008
9787.0	0.0441291
9788.0	0.0440574
9789.0	0.0439857
9790.0	0.0439183
9791.0	0.0438464
9792.0	0.0437746
9792.68457	0.0437254
9793.0	0.0437024
9794.0	0.043634
9795.0	0.0435612
9796.0	0.0434884
9797.0	0.0434156
9798.0	0.043347
9799.0	0.0432741
9800.0	0.0432012
9801.0	0.04313
9802.0	0.0430545
9802.6875	0.0430026
9803.0	0.042979
9804.0	0.0429034
9805.0	0.0428321
9806.0	0.0427565
9807.0	0.0426809
9808.0	0.0426053
9809.0	0.0425339
9810.0	0.0424582
9811.0	0.0423825
9812.0	0.0423068
9812.69043	0.0422574
9813.0	0.0422351
9814.0	0.042159
9815.0	0.0420829
9816.0	0.0420068
9817.0	0.0419349
9818.0	0.0418587
9819.0	0.0417826
9820.0	0.0417064
9821.0	0.0416343
9822.0	0.0415581
9822.692383	0.0415053
9823.0	0.0414819
9824.0	0.041406
9825.0	0.0413341
9826.0	0.0412581
9827.0	0.0411821
9828.0	0.0411061
9829.0	0.0410342
9830.0	0.0409582
9831.0	0.0408837
9832.0	0.0408091
9832.695312	0.0407601
9833.0	0.0407386
9834.0	0.0406638
9835.0	0.040589
9836.0	0.0405141
9837.0	0.0404433
9838.0	0.0403684
9839.0	0.0402935
9840.0	0.0402186
9841.0	0.0401476
9842.0	0.0400726
9842.698242	0.0400202
9843.0	0.0399974
9844.0	0.0399219
9845.0	0.0398503
9846.0	0.0397748
9847.0	0.0396992
9848.0	0.0396236
9849.0	0.0395519
9850.0	0.0394762
9851.0	0.0394005
9852.0	0.0393248
9852.701172	0.0392744
9853.0	0.0392534
9854.0	0.0391792
9855.0	0.039105
9856.0	0.0390308
9857.0	0.0389604
9858.0	0.0388862
9859.0	0.0388119
9860.0	0.0387376
9861.0	0.038667
9862.0	0.0385926
9862.703125	0.0385403
9863.0	0.0385177
9864.0	0.0384417
9865.0	0.0383694
9866.0	0.0382934
9867.0	0.0382173
9868.0	0.0381412
9869.0	0.0380689
9870.0	0.0379927
9871.0	0.0379165
9872.0	0.0378403
9872.706055	0.0377891
9873.0	0.0377683
9874.0	0.0376937
9875.0	0.0376191
9876.0	0.0375445
9877.0	0.0374736
9878.0	0.0373989
9879.0	0.0373242
9880.0	0.0372495
9881.0	0.0371784
9882.0	0.0371036
9882.708984	0.0370505
9883.0	0.0370282
9884.0	0.0369513
9885.0	0.036878
9886.0	0.0368011
9887.0	0.0367241
9888.0	0.0366472
9889.0	0.0365738
9890.0	0.0364968
9891.0	0.0364198
9892.0	0.0363427
9892.711914	0.0362904
9893.0	0.0362697
9894.0	0.0361942
9895.0	0.0361186
9896.0	0.0360431
9897.0	0.0359711
9898.0	0.0358956
9899.0	0.03582
9900.0	0.0357443
9901.0	0.0356687
9902.0	0.0355965
9902.714844	0.0355423
9903.0	0.0355204
9904.0	0.0354433
9905.0	0.0353663
9906.0	0.0352927
9907.0	0.0352156
9908.0	0.0351385
9909.0	0.0350614
9910.0	0.0349878
9911.0	0.0349106
9912.0	0.0348333
9912.716797	0.034778
9913.0	0.034756
9914.0	0.034682
9915.0	0.0346045
9916.0	0.034527
9917.0	0.0344495
9918.0	0.0343754
9919.0	0.0342978
9920.0	0.0342203
9921.0	0.0341426
9922.0	0.0340684
9922.719727	0.0340125
9923.0	0.033991
9924.0	0.0339143
9925.0	0.0338375
9926.0	0.0337608
9927.0	0.0336874
9928.0	0.0336106
9929.0	0.0335338
9930.0	0.033457
9931.0	0.0333834
9932.0	0.0333065
9932.722656	0.0332509
9933.0	0.0332293
9934.0	0.0331514
9935.0	0.0330768
9936.0	0.0329989
9937.0	0.0329209
9938.0	0.032843
9939.0	0.0327683
9940.0	0.0326903
9941.0	0.0326123
9942.0	0.0325342
9942.725586	0.0324775
9943.0	0.0324566
9944.0	0.0323836
9945.0	0.0323073
9946.0	0.0322311
9947.0	0.0321547
9948.0	0.0320816
9949.0	0.0320052
9950.0	0.0319289
9951.0	0.0318524
9952.0	0.0317791
9952.727539	0.0317234
9953.0	0.0317021
9954.0	0.031624
9955.0	0.0315458
9956.0	0.0314708
9957.0	0.0313926
9958.0	0.0313144
9959.0	0.0312362
9960.0	0.031158
9961.0	0.0310828
9962.0	0.0310045
9962.730469	0.0309472
9963.0	0.0309264
9964.0	0.030849
9965.0	0.0307747
9966.0	0.0306974
9967.0	0.0306199
9968.0	0.0305425
9969.0	0.0304681
9970.0	0.0303907
9971.0	0.0303131
9972.0	0.0302356
9972.733398	0.0301787
9973.0	0.0301578
9974.0	0.0300828
9975.0	0.0300047
9976.0	0.0299266
9977.0	0.0298484
9978.0	0.0297733
9979.0	0.0296951
9980.0	0.0296169
9981.0	0.0295387
9982.0	0.0294604
9982.736328	0.0294049
9983.0	0.0293851
9984.0	0.0293069
9985.0	0.0292286
9986.0	0.0291504
9987.0	0.029075
9988.0	0.0289967
9989.0	0.0289184
9990.0	0.0288401
9991.0	0.0287646
9992.0	0.0286861
9992.739258	0.0286282
9993.0	0.0286078
9994.0	0.0285295
9995.0	0.0284512
9996.0	0.0283758
9997.0	0.0282974
9998.0	0.0282191
9999.0	0.0281408
10000.0	0.0280652
10001.0	0.0279984
10002.0	0.0279315
10002.741211	0.027882
10003.0	0.0278646
10004.0	0.0277974
10005.0	0.0277329
10006.0	0.0276657
10007.0	0.0275985
10008.0	0.0275313
10009.0	0.0274668
10010.0	0.0273996
10011.0	0.0273323
10012.0	0.0272651
10012.744141	0.027215
10013.0	0.0271975
10014.0	0.0271319
10015.0	0.0270635
10016.0	0.0269951
10017.0	0.0269268
10018.0	0.0268611
10019.0	0.0267928
10020.0	0.0267244
10021.0	0.026656
10022.0	0.0265877
10022.74707	0.0265386
10023.0	0.0265221
10024.0	0.0264545
10025.0	0.0263869
10026.0	0.0263193
10027.0	0.0262543
10028.0	0.0261866
10029.0	0.026119
10030.0	0.0260514
10031.0	0.0259838
10032.0	0.0259187
10032.75	0.025868
10033.0	0.0258513
10034.0	0.0257847
10035.0	0.0257181
10036.0	0.025654
10037.0	0.0255874
10038.0	0.0255208
10039.0	0.0254542
10040.0	0.0253875
10041.0	0.0253234
10042.0	0.0252567
10042.751953	0.0252066
10043.0	0.02519
10044.0	0.0251231
10045.0	0.0250563
10046.0	0.0249919
10047.0	0.024925
10048.0	0.0248582
10049.0	0.0247913
10050.0	0.0247269
10051.0	0.02466
10052.0	0.0245931
10052.754883	0.0245426
10053.0	0.0245258
10054.0	0.0244574
10055.0	0.0243914
10056.0	0.024323
10057.0	0.0242546
10058.0	0.0241861
10059.0	0.0241177
10060.0	0.0240518
10061.0	0.0239833
10062.0	0.0239149
10062.757812	0.0238631
10063.0	0.0238469
10064.0	0.0237823
10065.0	0.0237153
10066.0	0.0236483
10067.0	0.0235813
10068.0	0.0235143
10069.0	0.0234497
10070.0	0.0233827
10071.0	0.0233157
10072.0	0.0232487
10072.759766	0.0231977
10073.0	0.0231816
10074.0	0.0231167
10075.0	0.0230495
10076.0	0.0229823
10077.0	0.022915
10078.0	0.0228501
10079.0	0.0227829
10080.0	0.0227157
10081.0	0.0226484
10082.0	0.0225812
10082.762695	0.0225316
10083.0	0.022516
10084.0	0.0224479
10085.0	0.0223798
10086.0	0.0223118
10087.0	0.0222437
10088.0	0.0221779
10089.0	0.0221098
10090.0	0.0220418
10091.0	0.0219737
10092.0	0.0219056
10092.765625	0.0218552
10093.0	0.0218399
10094.0	0.0217723
10095.0	0.0217047
10096.0	0.0216371
10097.0	0.0215717
10098.0	0.0215041
10099.0	0.0214365
10100.0	0.0213689
10101.0	0.0213013
10102.0	0.0212359
10102.768555	0.0211839
10103.0	0.0211682
10104.0	0.0211001
10105.0	0.0210321
10106.0	0.020964
10107.0	0.0208981
10108.0	0.0208301
10109.0	0.020762
10110.0	0.020694
10111.0	0.020626
10112.0	0.02056
10112.771484	0.0205075
10113.0	0.0204921
10114.0	0.0204247
10115.0	0.0203574
10116.0	0.02029
10117.0	0.0202247
10118.0	0.0201573
10119.0	0.0200899
10120.0	0.0200225
10121.0	0.0199551
10122.0	0.0198897
10122.774414	0.0198375
10123.0	0.0198224
10124.0	0.0197552
10125.0	0.019688
10126.0	0.0196209
10127.0	0.0195557
10128.0	0.0194885
10129.0	0.0194213
10130.0	0.0193542
10131.0	0.0192889
10132.0	0.0192217
10132.777344	0.0191695
10133.0	0.0191546
10134.0	0.0190879
10135.0	0.0190212
10136.0	0.0189564
10137.0	0.0188897
10138.0	0.018823
10139.0	0.0187563
10140.0	0.0186896
10141.0	0.0186247
10142.0	0.018558
10142.779297	0.018506
10143.0	0.0184909
10144.0	0.0184227
10145.0	0.0183545
10146.0	0.0182881
10147.0	0.0182199
10148.0	0.0181517
10149.0	0.0180835
10150.0	0.0180153
10151.0	0.017949
10152.0	0.0178808
10152.782227	0.0178275
10153.0	0.0178127
10154.0	0.0177451
10155.0	0.0176774
10156.0	0.0176116
10157.0	0.0175439
10158.0	0.0174763
10159.0	0.0174087
10160.0	0.017341
10161.0	0.0172752
10162.0	0.0172075
10162.785156	0.0171544
10163.0	0.01714
10164.0	0.017073
10165.0	0.0170059
10166.0	0.0169388
10167.0	0.0168735
10168.0	0.0168064
10169.0	0.0167394
10170.0	0.0166723
10171.0	0.0166053
10172.0	0.0165399
10172.788086	0.016487
10173.0	0.0164726
10174.0	0.0164046
10175.0	0.0163366
10176.0	0.0162686
10177.0	0.0162022
10178.0	0.0161342
10179.0	0.0160663
10180.0	0.0159983
10181.0	0.0159303
10182.0	0.015864
10182.790039	0.0158103
10183.0	0.0157962
10184.0	0.0157289
10185.0	0.0156617
10186.0	0.0155945
10187.0	0.0155288
10188.0	0.0154616
10189.0	0.0153944
10190.0	0.0153272
10191.0	0.01526
10192.0	0.0151943
10192.792969	0.0151409
10193.0	0.0151269
10194.0	0.0150591
10195.0	0.0149912
10196.0	0.0149234
10197.0	0.0148556
10198.0	0.0147893
10199.0	0.0147214
10200.0	0.0146536
10201.0	0.0146154
10202.0	0.0145771
10202.795898	0.0145478
10203.0	0.0145405
10204.0	0.0145032
10205.0	0.0144658
10206.0	0.0144285
10207.0	0.0143912
10208.0	0.0143553
10209.0	0.014318
10210.0	0.0142806
10211.0	0.0142433
10212.0	0.0142059
10212.797852	0.0141773
10213.0	0.0141698
10214.0	0.0141314
10215.0	0.014093
10216.0	0.0140546
10217.0	0.0140162
10218.0	0.0139778
10219.0	0.0139408
10220.0	0.0139024
10221.0	0.013864
10222.0	0.0138257
10222.800781	0.0137949
10223.0	0.0137874
10224.0	0.0137508
10225.0	0.0137129
10226.0	0.013675
10227.0	0.013637
10228.0	0.0135991
10229.0	0.0135626
10230.0	0.0135246
10231.0	0.0134867
10232.0	0.0134488
10232.803711	0.0134183
10233.0	0.0134109
10234.0	0.0133733
10235.0	0.013337
10236.0	0.0132994
10237.0	0.0132618
10238.0	0.0132242
10239.0	0.0131866
10240.0	0.0131503
10241.0	0.0131127
10242.0	0.013075
10242.806641	0.0130447
10243.0	0.0130374
10244.0	0.0129994
10245.0	0.0129615
10246.0	0.012925
10247.0	0.0128871
10248.0	0.0128492
10249.0	0.0128113
10250.0	0.0127734
10251.0	0.0127368
10252.0	0.0126989
10252.808594	0.0126683
10253.0	0.012661
10254.0	0.0126233
10255.0	0.0125856
10256.0	0.0125478
10257.0	0.0125114
10258.0	0.0124737
10259.0	0.012436
10260.0	0.0123982
10261.0	0.0123605
10262.0	0.0123241
10262.811523	0.0122935
10263.0	0.0122863
10264.0	0.0122484
10265.0	0.0122104
10266.0	0.0121725
10267.0	0.0121345
10268.0	0.0120978
10269.0	0.0120599
10270.0	0.012022
10271.0	0.0119841
10272.0	0.0119461
10272.81543	0.0119162
10273.0	0.0119094
10274.0	0.0118714
10275.0	0.0118334
10276.0	0.0117954
10277.0	0.0117574
10278.0	0.0117194
10279.0	0.0116826
10280.0	0.0116446
10281.0	0.0116066
10282.0	0.0115687
10282.817383	0.0115376
10283.0	0.0115308
10284.0	0.0114944
10285.0	0.011457
10286.0	0.0114195
10287.0	0.011382
10288.0	0.0113445
10289.0	0.011307
10290.0	0.0112707
10291.0	0.0112332
10292.0	0.0111957
10292.820312	0.011165
10293.0	0.0111581
10294.0	0.0111197
10295.0	0.0110813
10296.0	0.011044
10297.0	0.0110057
10298.0	0.0109673
10299.0	0.0109289
10300.0	0.0108906
10301.0	0.0108522
10302.0	0.010815
10302.823242	0.0107834
10303.0	0.0107769
10304.0	0.0107397
10305.0	0.0107026
10306.0	0.0106655
10307.0	0.0106294
10308.0	0.0105923
10309.0	0.0105552
10310.0	0.010518
10311.0	0.0104809
10312.0	0.0104438
10312.826172	0.010414
10313.0	0.0104076
10314.0	0.0103701
10315.0	0.0103325
10316.0	0.0102949
10317.0	0.0102574
10318.0	0.0102198
10319.0	0.0101833
10320.0	0.0101458
10321.0	0.0101082
10322.0	0.0100707
10322.828125	0.0100396
10323.0	0.010033
10324.0	0.00999499
10325.0	0.00995799
10326.0	0.00991997
10327.0	0.00988195
10328.0	0.00984395
10329.0	0.00980595
10330.0	0.00976796
10331.0	0.00973097
10332.0	0.00969298
10332.831055	0.00966141
10333.0	0.00965504
10334.0	0.00961732
10335.0	0.00957961
10336.0	0.0095419
10337.0	0.00950518
10338.0	0.00946748
10339.0	0.00942978
10340.0	0.00939209
10341.0	0.0093544
10342.0	0.00931672
10342.833984	0.00928609
10343.0	0.00928001
10344.0	0.00924243
10345.0	0.00920486
10346.0	0.00916729
10347.0	0.00912972
10348.0	0.00909216
10349.0	0.00905554
10350.0	0.00901798
10351.0	0.00898043
10352.0	0.00894287
10352.835938	0.00891149
10353.0	0.0089053
10354.0	0.00886762
10355.0	0.00883085
10356.0	0.00879318
10357.0	0.00875551
10358.0	0.00871784
10359.0	0.00868018
10360.0	0.00864253
10361.0	0.00860577
10362.0	0.00856811
10362.838867	0.00853653
10363.0	0.00853055
10364.0	0.0084934
10365.0	0.00845626
10366.0	0.00841912
10367.0	0.00838284
10368.0	0.0083457
10369.0	0.00830855
10370.0	0.00827141
10371.0	0.00823427
10372.0	0.00819712
10372.841797	0.00816657
10373.0	0.00816071
10374.0	0.00812283
10375.0	0.00808497
10376.0	0.00804711
10377.0	0.00800925
10378.0	0.00797141
10379.0	0.0079344
10380.0	0.00789657
10381.0	0.00785874
10382.0	0.00782093
10382.84375	0.00778902
10383.0	0.00778316
10384.0	0.0077456
10385.0	0.00770805
10386.0	0.0076713
10387.0	0.00763377
10388.0	0.00759623
10389.0	0.0075587
10390.0	0.00752118
10391.0	0.00748366
10392.0	0.00744691
10392.84668	0.00741515
10393.0	0.00740943
10394.0	0.00737211
10395.0	0.0073348
10396.0	0.0072975
10397.0	0.00726019
10398.0	0.00722364
10399.0	0.00718634
10400.0	0.00714905
10401.0	0.00712988
10402.0	0.00711071
10402.849609	0.00709443
10403.0	0.00709152
10404.0	0.00707217
10405.0	0.00705355
10406.0	0.0070342
10407.0	0.00701485
10408.0	0.00699551
10409.0	0.00697617
10410.0	0.00695684
10411.0	0.00693822
10412.0	0.00691888
10412.852539	0.0069024
10413.0	0.00689954
10414.0	0.0068801
10415.0	0.00686067
10416.0	0.00684125
10417.0	0.00682253
10418.0	0.00680311
10419.0	0.0067837
10420.0	0.00676428
10421.0	0.00674487
10422.0	0.00672546
10422.855469	0.00670886
10423.0	0.00670606
10424.0	0.0066874
10425.0	0.00666804
10426.0	0.00664868
10427.0	0.00662933
10428.0	0.00660998
10429.0	0.00659064
10430.0	0.00657198
10431.0	0.00655263
10432.0	0.0065333
10432.858398	0.0065167
10433.0	0.00651401
10434.0	0.00649506
10435.0	0.00647611
10436.0	0.00645716
10437.0	0.00643888
10438.0	0.00641993
10439.0	0.00640098
10440.0	0.00638203
10441.0	0.00636308
10442.0	0.00634414
10442.861328	0.00632782
10443.0	0.00632513
10444.0	0.00630638
10445.0	0.00628698
10446.0	0.00626759
10447.0	0.0062482
10448.0	0.00622882
10449.0	0.00620943
10450.0	0.0061907
10451.0	0.00617132
10452.0	0.00615195
10452.863281	0.00613523
10453.0	0.00613259
10454.0	0.00611331
10455.0	0.00609404
10456.0	0.00607477
10457.0	0.00605614
10458.0	0.00603688
10459.0	0.00601762
10460.0	0.00599836
10461.0	0.00597911
10462.0	0.00595985
10462.866211	0.00594318
10463.0	0.00594066
10464.0	0.00592241
10465.0	0.00590354
10466.0	0.00588467
10467.0	0.0058658
10468.0	0.00584694
10469.0	0.00582807
10470.0	0.00580921
10471.0	0.00579095
10472.0	0.00577209
10472.869141	0.00575569
10473.0	0.00575317
10474.0	0.00573392
10475.0	0.00571468
10476.0	0.00569543
10477.0	0.00567619
10478.0	0.00565755
10479.0	0.00563832
10480.0	0.00561909
10481.0	0.00559986
10482.0	0.00558063
10482.87207	0.00556387
10483.0	0.00556142
10484.0	0.00554228
10485.0	0.00552371
10486.0	0.00550457
10487.0	0.00548543
10488.0	0.0054663
10489.0	0.00544717
10490.0	0.00542804
10491.0	0.00540891
10492.0	0.00539035
10492.874023	0.00537364
10493.0	0.00537124
10494.0	0.00535214
10495.0	0.00533305
10496.0	0.00531397
10497.0	0.00529489
10498.0	0.00527581
10499.0	0.00525728
10500.0	0.0052382
10501.0	0.00521913
10502.0	0.00520006
10502.876953	0.00518334
10503.0	0.00518101
10504.0	0.00516206
10505.0	0.00514311
10506.0	0.0051247
10507.0	0.00510576
10508.0	0.00508682
10509.0	0.00506788
10510.0	0.00504895
10511.0	0.00503001
10512.0	0.00501108
10512.879883	0.00499488
10513.0	0.00499264
10514.0	0.00497346
10515.0	0.00495429
10516.0	0.00493512
10517.0	0.00491596
10518.0	0.00489679
10519.0	0.00487764
10520.0	0.00485899
10521.0	0.00483984
10522.0	0.0048207
10522.881836	0.00480382
10523.0	0.00480158
10524.0	0.00478268
10525.0	0.00476378
10526.0	0.00474489
10527.0	0.00472599
10528.0	0.0047076
10529.0	0.00468871
10530.0	0.00466982
10531.0	0.00465093
10532.0	0.00463205
10532.884766	0.00461534
10533.0	0.00461313
10534.0	0.00459392
10535.0	0.00457519
10536.0	0.00455599
10537.0	0.0045368
10538.0	0.00451761
10539.0	0.00449842
10540.0	0.00447924
10541.0	0.00446006
10542.0	0.00444089
10542.887695	0.00442429
10543.0	0.00442223
10544.0	0.00440346
10545.0	0.00438468
10546.0	0.00436591
10547.0	0.00434715
10548.0	0.00432838
10549.0	0.00430961
10550.0	0.0042913
10551.0	0.00427254
10552.0	0.00425377
10552.890625	0.00423707
10553.0	0.00423499
10554.0	0.00421604
10555.0	0.00419709
10556.0	0.00417815
10557.0	0.00415921
10558.0	0.00414071
10559.0	0.00412177
10560.0	0.00410284
10561.0	0.00408391
10562.0	0.00406499
10562.892578	0.0040481
10563.0	0.00404606
10564.0	0.00402709
10565.0	0.00400812
10566.0	0.00398957
10567.0	0.00397061
10568.0	0.00395165
10569.0	0.00393269
10570.0	0.00391374
10571.0	0.0038948
10572.0	0.00387585
10572.896484	0.00385924
10573.0	0.00385733
10574.0	0.00383855
10575.0	0.00381978
10576.0	0.003801
10577.0	0.00378223
10578.0	0.00376346
10579.0	0.00374469
10580.0	0.00372593
10581.0	0.00370756
10582.0	0.0036888
10582.899414	0.00367192
10583.0	0.00367002
10584.0	0.0036511
10585.0	0.00363218
10586.0	0.00361326
10587.0	0.00359435
10588.0	0.00357545
10589.0	0.00355692
10590.0	0.00353802
10591.0	0.00351913
10592.0	0.00350024
10592.901367	0.00348321
10593.0	0.00348137
10594.0	0.00346265
10595.0	0.00344393
10596.0	0.00342521
10597.0	0.00340686
10598.0	0.00338815
10599.0	0.00336944
10600.0	0.00335073
10601.0	0.003343
10602.0	0.00333527
10602.904297	0.00332828
10603.0	0.00332753
10604.0	0.00331961
10605.0	0.00331204
10606.0	0.00330412
10607.0	0.00329621
10608.0	0.0032883
10609.0	0.00328039
10610.0	0.00327248
10611.0	0.00326457
10612.0	0.00325667
10612.907227	0.00324981
10613.0	0.00324914
10614.0	0.00324157
10615.0	0.00323399
10616.0	0.00322642
10617.0	0.00321885
10618.0	0.00321128
10619.0	0.0032037
10620.0	0.00319613
10621.0	0.00318856
10622.0	0.00318133
10622.910156	0.00317444
10623.0	0.00317374
10624.0	0.00316597
10625.0	0.00315821
10626.0	0.00315044
10627.0	0.00314268
10628.0	0.00313491
10629.0	0.00312715
10630.0	0.00311972
10631.0	0.00311196
10632.0	0.00310421
10632.912109	0.00309713
10633.0	0.00309644
10634.0	0.00308851
10635.0	0.00308059
10636.0	0.00307267
10637.0	0.00306475
10638.0	0.00305683
10639.0	0.00304924
10640.0	0.00304133
10641.0	0.00303342
10642.0	0.00302552
10642.915039	0.00301828
10643.0	0.00301763
10644.0	0.00300993
10645.0	0.00300222
10646.0	0.00299452
10647.0	0.00298714
10648.0	0.00297944
10649.0	0.00297175
10650.0	0.00296405
10651.0	0.00295636
10652.0	0.00294867
10652.917969	0.00294161
10653.0	0.00294097
10654.0	0.00293322
10655.0	0.00292547
10656.0	0.00291803
10657.0	0.00291028
10658.0	0.00290254
10659.0	0.00289479
10660.0	0.00288705
10661.0	0.00287931
10662.0	0.00287157
10662.919922	0.00286445
10663.0	0.00286385
10664.0	0.00285626
10665.0	0.00284898
10666.0	0.00284139
10667.0	0.00283381
10668.0	0.00282622
10669.0	0.00281864
10670.0	0.00281106
10671.0	0.00280348
10672.0	0.0027959
10672.922852	0.00278891
10673.0	0.0027883
10674.0	0.00278073
10675.0	0.00277286
10676.0	0.002765
10677.0	0.00275714
10678.0	0.00274929
10679.0	0.00274144
10680.0	0.00273358
10681.0	0.00272574
10682.0	0.00271789
10682.925781	0.00271089
10683.0	0.00271035
10684.0	0.0027027
10685.0	0.00269506
10686.0	0.00268742
10687.0	0.00267978
10688.0	0.00267214
10689.0	0.00266451
10690.0	0.00265687
10691.0	0.00264924
10692.0	0.00264189
10692.928711	0.0026348
10693.0	0.00263426
10694.0	0.00262663
10695.0	0.002619
10696.0	0.00261138
10697.0	0.00260376
10698.0	0.00259613
10699.0	0.00258851
10700.0	0.0025809
10701.0	0.00257355
10702.0	0.00256594
10702.930664	0.00255885
10703.0	0.00255832
10704.0	0.00255064
10705.0	0.00254297
10706.0	0.00253529
10707.0	0.00252762
10708.0	0.00251995
10709.0	0.00251229
10710.0	0.00250462
10711.0	0.00249722
10712.0	0.00248956
10712.933594	0.00248241
10713.0	0.0024819
10714.0	0.00247417
10715.0	0.00246644
10716.0	0.00245872
10717.0	0.002451
10718.0	0.00244328
10719.0	0.00243556
10720.0	0.00242811
10721.0	0.00242039
10722.0	0.00241268
10722.936523	0.00240546
10723.0	0.00240498
10724.0	0.00239738
10725.0	0.00238978
10726.0	0.00238219
10727.0	0.00237459
10728.0	0.002367
10729.0	0.00235941
10730.0	0.00235207
10731.0	0.00234448
10732.0	0.00233689
10732.939453	0.00232977
10733.0	0.00232931
10734.0	0.00232172
10735.0	0.00231414
10736.0	0.00230656
10737.0	0.00229898
10738.0	0.00229141
10739.0	0.00228383
10740.0	0.0022765
10741.0	0.00226893
10742.0	0.00226135
10742.942383	0.00225422
10743.0	0.00225378
10744.0	0.00224613
10745.0	0.00223848
10746.0	0.00223084
10747.0	0.0022232
10748.0	0.00221556
10749.0	0.00220792
10750.0	0.00220052
10751.0	0.00219288
10752.0	0.00218525
10752.945312	0.00217803
10753.0	0.00217762
10754.0	0.00217009
10755.0	0.00216256
10756.0	0.00215503
10757.0	0.0021475
10758.0	0.00213998
10759.0	0.00213245
10760.0	0.00212515
10761.0	0.00211763
10762.0	0.00211011
10762.948242	0.00210298
10763.0	0.00210259
10764.0	0.00209502
10765.0	0.00208745
10766.0	0.00207989
10767.0	0.00207233
10768.0	0.00206477
10769.0	0.00205721
10770.0	0.00204965
10771.0	0.00204232
10772.0	0.00203477
10772.950195	0.00202759
10773.0	0.00202721
10774.0	0.0020196
10775.0	0.00201198
10776.0	0.00200437
10777.0	0.00199676
10778.0	0.00198916
10779.0	0.00198155
10780.0	0.00197395
10781.0	0.00196656
10782.0	0.00195897
10782.953125	0.00195173
10783.0	0.00195138
10784.0	0.00194388
10785.0	0.00193638
10786.0	0.00192888
10787.0	0.00192138
10788.0	0.00191388
10789.0	0.00190639
10790.0	0.0018989
10791.0	0.00189141
10792.0	0.00188412
10792.956055	0.00187696
10793.0	0.00187663
10794.0	0.00186911
10795.0	0.00186158
10796.0	0.00185406
10797.0	0.00184654
10798.0	0.00183902
10799.0	0.00183151
10800.0	0.00182399
10801.0	0.00181829
10802.0	0.0018126
10802.958008	0.00180733
10803.0	0.0018071
10804.0	0.00180144
10805.0	0.00179579
10806.0	0.00179013
10807.0	0.00178448
10808.0	0.00177883
10809.0	0.00177318
10810.0	0.00176753
10811.0	0.00176188
10812.0	0.00175624
10812.960938	0.00175081
10813.0	0.00175059
10814.0	0.00174487
10815.0	0.00173933
10816.0	0.00173361
10817.0	0.0017279
10818.0	0.00172218
10819.0	0.00171647
10820.0	0.00171075
10821.0	0.00170504
10822.0	0.00169934
10822.963867	0.00169384
10823.0	0.00169363
10824.0	0.00168796
10825.0	0.00168229
10826.0	0.0016768
10827.0	0.00167113
10828.0	0.00166547
10829.0	0.0016598
10830.0	0.00165414
10831.0	0.00164847
10832.0	0.00164281
10832.966797	0.00163734
10833.0	0.00163716
10834.0	0.00163153
10835.0	0.00162591
10836.0	0.00162029
10837.0	0.00161467
10838.0	0.00160923
10839.0	0.00160361
10840.0	0.001598
10841.0	0.00159238
10842.0	0.00158677
10842.96875	0.00158133
10843.0	0.00158116
10844.0	0.00157556
10845.0	0.00156996
10846.0	0.00156436
10847.0	0.00155877
10848.0	0.00155318
10849.0	0.00154758
10850.0	0.00154216
10851.0	0.00153657
10852.0	0.00153098
10852.97168	0.00152555
10853.0	0.00152538
10854.0	0.00151969
10855.0	0.00151401
10856.0	0.00150832
10857.0	0.00150264
10858.0	0.00149696
10859.0	0.00149128
10860.0	0.0014856
10861.0	0.00147992
10862.0	0.00147425
10862.974609	0.00146887
10863.0	0.00146873
10864.0	0.0014631
10865.0	0.00145746
10866.0	0.00145183
10867.0	0.0014462
10868.0	0.00144057
10869.0	0.00143494
10870.0	0.00142931
10871.0	0.00142369
10872.0	0.00141806
10872.976562	0.00141257
10873.0	0.00141244
10874.0	0.00140688
10875.0	0.00140132
10876.0	0.00139591
10877.0	0.00139035
10878.0	0.00138479
10879.0	0.00137924
10880.0	0.00137368
10881.0	0.00136812
10882.0	0.00136257
10882.980469	0.00135713
10883.0	0.00135702
10884.0	0.00135147
10885.0	0.00134592
10886.0	0.00134037
10887.0	0.00133482
10888.0	0.00132927
10889.0	0.00132387
10890.0	0.00131832
10891.0	0.00131278
10892.0	0.00130724
10892.983398	0.00130179
10893.0	0.00130169
10894.0	0.0012961
10895.0	0.00129051
10896.0	0.00128491
10897.0	0.00127932
10898.0	0.00127374
10899.0	0.00126815
10900.0	0.00126256
10901.0	0.00125698
10902.0	0.00125153
10902.986328	0.00124603
10903.0	0.00124595
10904.0	0.00124045
10905.0	0.00123495
10906.0	0.00122944
10907.0	0.00122394
10908.0	0.00121844
10909.0	0.00121294
10910.0	0.00120744
10911.0	0.00120194
10912.0	0.00119645
10912.988281	0.00119102
10913.0	0.00119095
10914.0	0.00118536
10915.0	0.00117977
10916.0	0.00117431
10917.0	0.00116872
10918.0	0.00116313
10919.0	0.00115755
10920.0	0.00115196
10921.0	0.00114638
10922.0	0.00114081
10922.991211	0.00113528
10923.0	0.00113523
10924.0	0.00112969
10925.0	0.00112416
10926.0	0.00111862
10927.0	0.00111309
10928.0	0.00110755
10929.0	0.00110202
10930.0	0.00109649
10931.0	0.00109108
10932.0	0.00108556
10932.994141	0.00108006
10933.0	0.00108003
10934.0	0.00107453
10935.0	0.00106902
10936.0	0.00106352
10937.0	0.00105802
10938.0	0.00105252
10939.0	0.00104702
10940.0	0.00104152
10941.0	0.00103603
10942.0	0.00103053
10942.996094	0.00102506
10943.0	0.00102504
10944.0	0.0010195
10945.0	0.00101397
10946.0	0.00100855
10947.0	0.00100302
10948.0	0.000997493
10949.0	0.000991966
10950.0	0.000986442
10951.0	0.000980919
10952.0	0.000975398
10952.999023	0.000969884
10953.0	0.000969879
10954.0	0.000964395
10955.0	0.000958912
10956.0	0.000953431
10957.0	0.000947951
10958.0	0.000942472
10959.0	0.000936995
10960.0	0.000931518
10961.0	0.000926145
10962.0	0.000920671
10963.0	0.000915199
10963.001953	0.000915188
10964.0	0.000909738
10965.0	0.000904279
10966.0	0.00089882
10967.0	0.000893363
10968.0	0.000887906
10969.0	0.000882451
10970.0	0.000876997
10971.0	0.000871545
10972.0	0.000866093
10973.0	0.000860643
10973.004883	0.000860617
10974.0	0.000855151
10975.0	0.000849661
10976.0	0.000844172
10977.0	0.000838685
10978.0	0.00083329
10979.0	0.000827806
10980.0	0.000822323
10981.0	0.000816842
10982.0	0.000811363
10983.0	0.000805885
10983.006836	0.000805848
10984.0	0.000800444
10985.0	0.000795004
10986.0	0.000789566
10987.0	0.000784128
10988.0	0.000778692
10989.0	0.000773257
10990.0	0.000767823
10991.0	0.000762375
10992.0	0.000756928
10993.0	0.000751483
10993.009766	0.00075143
10994.0	0.000746017
10995.0	0.000740634
10996.0	0.000735171
10997.0	0.00072971
10998.0	0.00072425
10999.0	0.000718792
11000.0	0.000713335
11003.012695	0.00070225
