3843.690186	4.95319e-05
3843.890137	3.90634e-05
3844.090332	4.47433e-05
3844.290283	6.09026e-05
3844.490479	0.000102609
3844.69043	7.90414e-05
3844.890381	0.000109406
3845.090576	0.000133663
3845.290527	0.000124507
3845.490479	0.000172148
3845.690674	0.000183751
3845.890625	0.000179405
3846.09082	0.000211336
3846.290771	0.000238686
3846.490967	0.000294681
3846.690918	0.000252961
3846.891113	0.000326247
3847.091064	0.000386868
3847.291016	0.000395449
3847.491211	0.00051297
3847.691162	0.000503849
3847.891113	0.000519451
3848.091309	0.000631783
3848.29126	0.000727073
3848.491455	0.00083574
3848.691406	0.000938088
3848.891602	0.00101725
3849.091553	0.00115491
3849.291504	0.00132939
3849.491699	0.00152977
3849.69165	0.0016934
3849.891846	0.00191228
3850.0	0.00205132
3850.091797	0.00216933
3850.291992	0.00246411
3850.491943	0.00282428
3850.691895	0.0031957
3850.89209	0.00351964
3851.092041	0.00405238
3851.291992	0.00455806
3851.492188	0.00540288
3851.692139	0.00601519
3851.892334	0.00669148
3852.092285	0.00749998
3852.29248	0.00855439
3852.492432	0.0100755
3852.692383	0.0115907
3852.892578	0.0130432
3853.092529	0.0146769
3853.29248	0.0167726
3853.492676	0.0195292
3853.692627	0.0227453
3853.892822	0.0250212
3854.093018	0.027989
3854.292969	0.0311475
3854.49292	0.0344211
3854.693115	0.0393986
3854.893066	0.0441885
3855.093018	0.0484763
3855.293213	0.0525171
3855.493164	0.0580902
3855.693359	0.0643293
3855.893311	0.0692512
3856.093506	0.0740924
3856.293457	0.0783262
3856.493408	0.0825388
3856.693604	0.0878912
3856.893555	0.0948487
3857.093506	0.0985023
3857.293701	0.102387
3857.493652	0.107782
3857.693848	0.111211
3857.893799	0.11565
3858.093994	0.119279
3858.293945	0.121756
3858.493896	0.124761
3858.694092	0.126686
3858.894043	0.12961
3859.094238	0.132499
3859.294189	0.133693
3859.494385	0.136283
3859.694336	0.137187
3859.894287	0.138094
3860.0	0.139233
3860.094482	0.14025
3860.294434	0.141446
3860.494385	0.143276
3860.69458	0.143435
3860.894531	0.14512
3861.094727	0.145746
3861.294678	0.146383
3861.494873	0.147847
3861.694824	0.148634
3861.89502	0.149149
3862.094971	0.150054
3862.294922	0.151993
3862.495117	0.152064
3862.695068	0.152299
3862.89502	0.152941
3863.095215	0.153657
3863.295166	0.154275
3863.495361	0.155323
3863.695312	0.154943
3863.895508	0.155727
3864.095459	0.156598
3864.29541	0.156875
3864.495605	0.156558
3864.695557	0.157274
3864.895752	0.157798
3865.095703	0.157345
3865.295898	0.157852
3865.49585	0.158323
3865.695801	0.158071
3865.895996	0.158185
3866.095947	0.158668
3866.295898	0.159033
3866.496094	0.158806
3866.696045	0.158218
3866.89624	0.15809
3867.096191	0.158155
3867.296387	0.158271
3867.496338	0.157994
3867.696289	0.158767
3867.896484	0.158201
3868.096436	0.158395
3868.296387	0.158432
3868.496582	0.15928
3868.696777	0.158395
3868.896729	0.158231
3869.09668	0.158677
3869.296875	0.158909
3869.496826	0.158449
3869.697021	0.158868
3869.896973	0.158471
3870.0	0.158518
3870.096924	0.158564
3870.297119	0.158136
3870.49707	0.158036
3870.697266	0.158024
3870.897217	0.157919
3871.097412	0.157626
3871.297363	0.157878
3871.497314	0.157773
3871.69751	0.158248
3871.897461	0.157678
3872.097412	0.157507
3872.297607	0.157717
3872.497559	0.156959
3872.697754	0.157278
3872.897705	0.156965
3873.0979	0.15652
3873.297852	0.157822
3873.497803	0.157209
3873.697998	0.156621
3873.897949	0.157089
3874.098145	0.156873
3874.298096	0.155931
3874.498291	0.156201
3874.698242	0.156324
3874.898193	0.15584
3875.098389	0.155791
3875.29834	0.156628
3875.498291	0.155645
3875.698486	0.155839
3875.898438	0.155376
3876.098633	0.155401
3876.298584	0.155579
3876.498779	0.154699
3876.69873	0.15477
3876.898682	0.154799
3877.098877	0.154768
3877.298828	0.154188
3877.498779	0.154749
3877.698975	0.153024
3877.898926	0.153797
3878.099121	0.153415
3878.299316	0.152953
3878.499268	0.152899
3878.699219	0.152364
3878.899414	0.152318
3879.099365	0.152168
3879.299316	0.152107
3879.499512	0.151971
3879.699463	0.150646
3879.899658	0.151197
3880.0	0.150776
3880.099609	0.150356
3880.299805	0.150846
3880.499756	0.149655
3880.699707	0.149606
3880.899902	0.149516
3881.099854	0.149304
3881.299805	0.148429
3881.5	0.147911
3881.699951	0.146998
3881.900146	0.146708
3882.100098	0.146269
3882.300293	0.146079
3882.500244	0.146652
3882.700195	0.145702
3882.900391	0.144605
3883.100342	0.144784
3883.300537	0.144508
3883.500488	0.144594
3883.700684	0.144159
3883.900635	0.144194
3884.100586	0.143077
3884.300781	0.143164
3884.500732	0.14314
3884.700684	0.142831
3884.900879	0.142259
3885.10083	0.142443
3885.301025	0.141812
3885.500977	0.141837
3885.701172	0.141714
3885.901123	0.141283
3886.101318	0.140635
3886.30127	0.140801
3886.501221	0.140642
3886.701416	0.140198
3886.901367	0.140381
3887.101318	0.13925
3887.301514	0.138356
3887.501465	0.138338
3887.70166	0.137843
3887.901611	0.135764
3888.101807	0.134134
3888.301758	0.132783
3888.501709	0.131402
3888.701904	0.129458
3888.901855	0.127214
3889.102051	0.12458
3889.302002	0.121211
3889.502197	0.117738
3889.702148	0.114599
3889.9021	0.111184
3890.0	0.108862
3890.102295	0.106436
3890.302246	0.101625
3890.502197	0.0952856
3890.702393	0.0906944
3890.902344	0.0862349
3891.102539	0.0815908
3891.30249	0.0755949
3891.502686	0.0674677
3891.702637	0.0630283
3891.902588	0.0576681
3892.102783	0.0524152
3892.302734	0.0471794
3892.502686	0.0422391
3892.702881	0.0377263
3892.903076	0.0342599
3893.103027	0.0309694
3893.302979	0.027744
3893.503174	0.02462
3893.703125	0.0209676
3893.90332	0.0186103
3894.103271	0.016514
3894.303223	0.0146262
3894.503418	0.0123829
3894.703369	0.0104257
3894.903564	0.00926397
3895.103516	0.00820976
3895.303711	0.00735217
3895.503662	0.00654254
3895.703613	0.00579528
3895.903809	0.00493061
3896.10376	0.00443352
3896.303711	0.00391268
3896.503906	0.00345836
3896.703857	0.00307397
3896.904053	0.00266719
3897.104004	0.00242675
3897.304199	0.00209459
3897.50415	0.00192498
3897.704102	0.00174633
3897.904297	0.00153925
3898.104248	0.0013195
3898.304443	0.00121734
3898.504395	0.00108338
3898.70459	0.000956596
3898.904541	0.000827534
3899.104492	0.000760441
3899.304688	0.000688599
3899.504639	0.000610427
3899.70459	0.00058456
3899.904785	0.00050275
3900.0	0.00048022
3900.104736	0.000455439
3900.304932	0.000415114
3900.504883	0.000377712
3900.705078	0.000338269
3900.905029	0.000281664
3901.10498	0.000267028
3901.305176	0.00025284
3901.505127	0.000225101
3901.705078	0.000194194
3901.905273	0.000170281
3902.105225	0.000170528
3902.30542	0.000164451
3902.505615	0.000162665
3902.705566	0.00010326
3902.905518	9.89796e-05
3903.105713	0.000107581
3903.305664	0.000115732
3903.505615	6.01339e-05
3903.705811	5.81068e-05
3903.905762	3.2562e-05
3904.105957	9.58894e-05
3904.305908	4.65937e-05
3904.706055	5.24879e-05
