1990.0	0.000242751
1991.0	0.000242429
1992.0	0.000242078
1993.0	0.000241744
1994.0	0.000241382
1995.0	0.000241036
1996.0	0.000240662
1997.0	0.000240305
1998.0	0.000239941
1999.0	0.000239549
2000.0	0.000239173
2000.648193	0.000238582
2001.0	0.00023965
2002.0	0.000242712
2003.0	0.000245758
2004.0	0.000248833
2005.0	0.000251915
2006.0	0.000254979
2007.0	0.000258073
2008.0	0.00026115
2009.0	0.000264257
2010.0	0.000267346
2010.649902	0.000269372
2011.0	0.000270599
2012.0	0.000274107
2013.0	0.000277597
2014.0	0.00028112
2015.0	0.000284624
2016.0	0.000288162
2017.0	0.00029168
2018.0	0.000295232
2019.0	0.000298791
2020.0	0.00030233
2020.651733	0.000304658
2021.0	0.000305968
2022.0	0.000309709
2023.0	0.000313485
2024.0	0.00031724
2025.0	0.000321032
2026.0	0.000324832
2027.0	0.000328609
2028.0	0.000332424
2029.0	0.000336216
2030.0	0.000340047
2030.653442	0.000342532
2031.0	0.000343951
2032.0	0.000348082
2033.0	0.000352189
2034.0	0.000356337
2035.0	0.000360493
2036.0	0.000364624
2037.0	0.000368797
2038.0	0.000372944
2039.0	0.000377133
2040.0	0.000381296
2040.655273	0.00038405
2041.0	0.000386058
2042.0	0.000391891
2043.0	0.000397699
2044.0	0.000403555
2045.0	0.000409386
2046.0	0.000415266
2047.0	0.000421119
2048.0	0.000427023
2049.0	0.000432938
2050.0	0.000438825
2050.656982	0.000442784
2051.0	0.00044499
2052.0	0.00045139
2053.0	0.000457846
2054.0	0.000464275
2055.0	0.000470761
2056.0	0.00047722
2057.0	0.000483737
2058.0	0.000490269
2059.0	0.000496772
2060.0	0.000503335
2060.658936	0.000507634
2061.0	0.000509759
2062.0	0.000516045
2063.0	0.000522298
2064.0	0.000528613
2065.0	0.000534943
2066.0	0.000541238
2067.0	0.000547596
2068.0	0.000553919
2069.0	0.000560307
2070.0	0.000566657
2070.660889	0.000570892
2071.0	0.000573474
2072.0	0.000581048
2073.0	0.000588691
2074.0	0.000596353
2075.0	0.000603977
2076.0	0.000611673
2077.0	0.00061933
2078.0	0.000627061
2079.0	0.000634751
2080.0	0.000642517
2080.662842	0.00064763
2081.0	0.000650352
2082.0	0.000658498
2083.0	0.000666662
2084.0	0.000674783
2085.0	0.000682984
2086.0	0.000691139
2087.0	0.000699376
2088.0	0.000707567
2089.0	0.00071584
2090.0	0.000724065
2090.664795	0.000729582
2091.0	0.000732825
2092.0	0.000742515
2093.0	0.000752158
2094.0	0.00076189
2095.0	0.000771574
2096.0	0.000781349
2097.0	0.000791074
2098.0	0.000800892
2099.0	0.000810732
2100.0	0.000820519
2100.666748	0.000828282
2101.0	0.000832332
2102.0	0.000844451
2103.0	0.000856715
2104.0	0.000868969
2105.0	0.00088137
2106.0	0.00089376
2107.0	0.0009063
2108.0	0.000918825
2109.0	0.000931504
2110.0	0.000944254
2110.668701	0.000952751
2111.0	0.00095718
2112.0	0.000970689
2113.0	0.000984181
2114.0	0.000997838
2115.0	0.00101148
2116.0	0.00102528
2117.0	0.00103907
2118.0	0.00105303
2119.0	0.00106706
2120.0	0.00108107
2120.670654	0.00109056
2121.0	0.00109537
2122.0	0.00110993
2123.0	0.00112466
2124.0	0.00113937
2125.0	0.00115427
2126.0	0.00116913
2127.0	0.00118418
2128.0	0.00119932
2129.0	0.00121442
2130.0	0.00122971
2130.672607	0.00123995
2131.0	0.00124516
2132.0	0.00126125
2133.0	0.00127731
2134.0	0.00129357
2135.0	0.0013098
2136.0	0.00132623
2137.0	0.00134262
2138.0	0.00135922
2139.0	0.00137591
2140.0	0.00139256
2140.674561	0.00140391
2141.0	0.00140952
2142.0	0.00142671
2143.0	0.00144412
2144.0	0.00146148
2145.0	0.00147907
2146.0	0.00149661
2147.0	0.00151438
2148.0	0.00153224
2149.0	0.00155004
2150.0	0.00156808
2150.676514	0.00158022
2151.0	0.00158665
2152.0	0.00160672
2153.0	0.00162675
2154.0	0.00164703
2155.0	0.00166726
2156.0	0.00168775
2157.0	0.00170818
2158.0	0.00172888
2159.0	0.00174967
2160.0	0.00177042
2160.678711	0.00178464
2161.0	0.00179165
2162.0	0.00181339
2163.0	0.00183541
2164.0	0.00185736
2165.0	0.00187959
2166.0	0.00190176
2167.0	0.00192422
2168.0	0.00194661
2169.0	0.00196929
2170.0	0.00199208
2170.680664	0.0020075
2171.0	0.0020154
2172.0	0.0020404
2173.0	0.00206533
2174.0	0.00209057
2175.0	0.00211575
2176.0	0.00214125
2177.0	0.00216667
2178.0	0.00219241
2179.0	0.00221808
2180.0	0.00224408
2180.682861	0.00226173
2181.0	0.0022709
2182.0	0.00230012
2183.0	0.00232949
2184.0	0.00235878
2185.0	0.00238844
2186.0	0.00241802
2187.0	0.00244796
2188.0	0.00247783
2189.0	0.00250807
2190.0	0.00253822
2190.684814	0.00255907
2191.0	0.0025693
2192.0	0.00260165
2193.0	0.00263439
2194.0	0.00266705
2195.0	0.0027001
2196.0	0.00273332
2197.0	0.00276644
2198.0	0.00279998
2199.0	0.00283342
2200.0	0.00286727
2200.687012	0.00289102
2201.0	0.00290321
2202.0	0.00294253
2203.0	0.00298179
2204.0	0.00302152
2205.0	0.00306119
2206.0	0.00310134
2207.0	0.00314141
2208.0	0.00318197
2209.0	0.00322275
2210.0	0.00326344
2210.688965	0.00329174
2211.0	0.00330574
2212.0	0.00335061
2213.0	0.00339602
2214.0	0.00344135
2215.0	0.00348723
2216.0	0.00353302
2217.0	0.00357936
2218.0	0.00362561
2219.0	0.00367243
2220.0	0.00371914
2220.691162	0.00375173
2221.0	0.00376867
2222.0	0.00382371
2223.0	0.00387867
2224.0	0.00393427
2225.0	0.00398979
2226.0	0.00404595
2227.0	0.00410203
2228.0	0.00415877
2229.0	0.00421541
2230.0	0.00427272
2230.693115	0.00431068
2231.0	0.00433017
2232.0	0.00439425
2233.0	0.00445819
2234.0	0.00452281
2235.0	0.00458728
2236.0	0.00465243
2237.0	0.00471786
2238.0	0.00478312
2239.0	0.00484909
2240.0	0.00491488
2240.695312	0.004961
2241.0	0.00498462
2242.0	0.00506191
2243.0	0.00513997
2244.0	0.00521789
2245.0	0.0052966
2246.0	0.00537514
2247.0	0.0054545
2248.0	0.00553367
2249.0	0.00561367
2250.0	0.00569348
2250.69751	0.00574958
2251.0	0.00577765
2252.0	0.00587015
2253.0	0.00596356
2254.0	0.00605736
2255.0	0.00615097
2256.0	0.00624552
2257.0	0.00633987
2258.0	0.00643518
2259.0	0.00653027
2260.0	0.00662634
2260.699707	0.00669322
2261.0	0.00672693
2262.0	0.00684011
2263.0	0.0069531
2264.0	0.00706717
2265.0	0.00718105
2266.0	0.00729602
2267.0	0.00741078
2268.0	0.00752666
2269.0	0.0076423
2270.0	0.00775909
2270.701904	0.00784118
2271.0	0.00788303
2272.0	0.00802307
2273.0	0.00816437
2274.0	0.00830548
2275.0	0.00844789
2276.0	0.00859008
2277.0	0.00873359
2278.0	0.00887686
2279.0	0.00902148
2280.0	0.00916583
2280.704102	0.0092682
2281.0	0.00931853
2282.0	0.00948818
2283.0	0.00965934
2284.0	0.00983027
2285.0	0.0100027
2286.0	0.0101749
2287.0	0.0103487
2288.0	0.0105222
2289.0	0.0106973
2290.0	0.0108721
2290.706299	0.0109964
2291.0	0.0110583
2292.0	0.0112697
2293.0	0.0114808
2294.0	0.0116938
2295.0	0.0119065
2296.0	0.012121
2297.0	0.0123352
2298.0	0.0125514
2299.0	0.0127672
2300.0	0.0129849
2300.708496	0.0131333
2301.0	0.0132076
2302.0	0.013464
2303.0	0.0137199
2304.0	0.0139777
2305.0	0.014235
2306.0	0.0144942
2307.0	0.0147528
2308.0	0.0150134
2309.0	0.0152733
2310.0	0.0155353
2310.710449	0.0157207
2311.0	0.0158115
2312.0	0.0161271
2313.0	0.0164421
2314.0	0.0167594
2315.0	0.0170776
2316.0	0.0173951
2317.0	0.017715
2318.0	0.018034
2319.0	0.0183556
2320.0	0.0186763
2320.712891	0.0189064
2321.0	0.019019
2322.0	0.0194101
2323.0	0.0198039
2324.0	0.020197
2325.0	0.0205929
2326.0	0.020988
2327.0	0.021386
2328.0	0.021783
2329.0	0.0221831
2330.0	0.0225821
2330.715088	0.0228692
2331.0	0.0230065
2332.0	0.0234868
2333.0	0.0239705
2334.0	0.0244533
2335.0	0.0249395
2336.0	0.0254246
2337.0	0.0259133
2338.0	0.0264009
2339.0	0.026892
2340.0	0.027382
2340.717285	0.0277356
2341.0	0.0279033
2342.0	0.0284948
2343.0	0.0290903
2344.0	0.0296847
2345.0	0.0302833
2346.0	0.0308834
2347.0	0.0314821
2348.0	0.0320852
2349.0	0.0326869
2350.0	0.033293
2350.719482	0.0337274
2351.0	0.0339258
2352.0	0.0346372
2353.0	0.0353472
2354.0	0.0360621
2355.0	0.0367755
2356.0	0.0374939
2357.0	0.0382107
2358.0	0.0389326
2359.0	0.0396528
2360.0	0.0403783
2360.72168	0.0408998
2361.0	0.0411366
2362.0	0.0419924
2363.0	0.0428464
2364.0	0.0437063
2365.0	0.0445643
2366.0	0.0454283
2367.0	0.0462903
2368.0	0.0471586
2369.0	0.0480246
2370.0	0.048897
2370.723877	0.0495261
2371.0	0.0498018
2372.0	0.0508063
2373.0	0.0518085
2374.0	0.0528177
2375.0	0.0538246
2376.0	0.0548386
2377.0	0.05585
2378.0	0.0568689
2379.0	0.0578849
2380.0	0.0589086
2380.726074	0.0596489
2381.0	0.0599602
2382.0	0.061104
2383.0	0.0622448
2384.0	0.0633939
2385.0	0.0645398
2386.0	0.0656942
2387.0	0.0668453
2388.0	0.0680051
2389.0	0.0691613
2390.0	0.0703265
2390.728516	0.0711718
2391.0	0.0715126
2392.0	0.0727766
2393.0	0.0740369
2394.0	0.0753066
2395.0	0.0765724
2396.0	0.077848
2397.0	0.0791265
2398.0	0.0804007
2399.0	0.081685
2400.0	0.0829648
2400.730713	0.0838281
2401.0	0.0841614
2402.0	0.0853914
2403.0	0.0866288
2404.0	0.087858
2405.0	0.0890949
2406.0	0.0903235
2407.0	0.0915599
2408.0	0.0927877
2409.0	0.0940237
2410.0	0.0952508
2410.73291	0.0961557
2411.0	0.0964839
2412.0	0.0977035
2413.0	0.0989318
2414.0	0.100151
2415.0	0.101378
2416.0	0.102597
2417.0	0.103824
2418.0	0.105041
2419.0	0.106268
2420.0	0.107484
2420.735107	0.108385
2421.0	0.108693
2422.0	0.109843
2423.0	0.111004
2424.0	0.112154
2425.0	0.113314
2426.0	0.114463
2427.0	0.115622
2428.0	0.116771
2429.0	0.117929
2430.0	0.119077
2430.737549	0.119918
2431.0	0.120185
2432.0	0.121189
2433.0	0.122204
2434.0	0.123207
2435.0	0.12422
2436.0	0.125222
2437.0	0.126235
2438.0	0.127235
2439.0	0.128247
2440.0	0.129246
2440.739746	0.129993
2441.0	0.130216
2442.0	0.131062
2443.0	0.131919
2444.0	0.132763
2445.0	0.133619
2446.0	0.134463
2447.0	0.135318
2448.0	0.13616
2449.0	0.137014
2450.0	0.137855
2450.742188	0.138488
2451.0	0.138658
2452.0	0.139304
2453.0	0.139962
2454.0	0.140607
2455.0	0.141264
2456.0	0.141908
2457.0	0.142565
2458.0	0.143208
2459.0	0.143851
2460.0	0.144506
2460.744385	0.144984
2461.0	0.145104
2462.0	0.145587
2463.0	0.146056
2464.0	0.146538
2465.0	0.147007
2466.0	0.147489
2467.0	0.147957
2468.0	0.148438
2469.0	0.148905
2470.0	0.149385
2470.746582	0.149734
2471.0	0.14981
2472.0	0.150125
2473.0	0.150426
2474.0	0.150741
2475.0	0.151042
2476.0	0.151356
2477.0	0.151656
2478.0	0.15197
2479.0	0.15227
2480.0	0.152583
2480.749023	0.152807
2481.0	0.152848
2482.0	0.153024
2483.0	0.153186
2484.0	0.153362
2485.0	0.153524
2486.0	0.1537
2487.0	0.153862
2488.0	0.154037
2489.0	0.154199
2490.0	0.154374
2490.751221	0.154495
2491.0	0.154509
2492.0	0.154582
2493.0	0.15464
2494.0	0.154712
2495.0	0.15477
2496.0	0.154842
2497.0	0.1549
2498.0	0.154971
2499.0	0.155029
2500.0	0.155101
2500.753662	0.155104
2501.0	0.155083
2502.0	0.155014
2503.0	0.15493
2504.0	0.15486
2505.0	0.154777
2506.0	0.154707
2507.0	0.154623
2508.0	0.154553
2509.0	0.154469
2510.0	0.154399
2510.756104	0.154336
2511.0	0.154304
2512.0	0.154174
2513.0	0.154057
2514.0	0.153927
2515.0	0.153811
2516.0	0.153681
2517.0	0.153565
2518.0	0.153434
2519.0	0.153318
2520.0	0.153188
2520.758301	0.1531
2521.0	0.153065
2522.0	0.152908
2523.0	0.152765
2524.0	0.152607
2525.0	0.152464
2526.0	0.152307
2527.0	0.152163
2528.0	0.152006
2529.0	0.151863
2530.0	0.151706
2530.760498	0.151597
2531.0	0.151554
2532.0	0.15136
2533.0	0.151181
2534.0	0.150987
2535.0	0.150807
2536.0	0.150614
2537.0	0.150434
2538.0	0.150241
2539.0	0.150062
2540.0	0.149869
2540.762939	0.149722
2541.0	0.149675
2542.0	0.149487
2543.0	0.149287
2544.0	0.1491
2545.0	0.148899
2546.0	0.148713
2547.0	0.148512
2548.0	0.148326
2549.0	0.148126
2550.0	0.147939
2550.765381	0.147787
2551.0	0.147739
2552.0	0.147551
2553.0	0.147349
2554.0	0.147161
2555.0	0.14696
2556.0	0.146772
2557.0	0.14657
2558.0	0.146383
2559.0	0.146182
2560.0	0.145994
2560.767578	0.14584
2561.0	0.145795
2562.0	0.145613
2563.0	0.145419
2564.0	0.145237
2565.0	0.145043
2566.0	0.144848
2567.0	0.144667
2568.0	0.144473
2569.0	0.144292
2570.0	0.144098
2570.77002	0.143959
2571.0	0.143915
2572.0	0.143712
2573.0	0.143523
2574.0	0.14332
2575.0	0.143131
2576.0	0.142929
2577.0	0.14274
2578.0	0.142538
2579.0	0.142349
2580.0	0.142147
2580.772461	0.142001
2581.0	0.14196
2582.0	0.141767
2583.0	0.141586
2584.0	0.141393
2585.0	0.1412
2586.0	0.14102
2587.0	0.140827
2588.0	0.140646
2589.0	0.140454
2590.0	0.140274
2590.774902	0.140125
2591.0	0.140086
2592.0	0.139926
2593.0	0.139753
2594.0	0.139593
2595.0	0.139421
2596.0	0.139261
2597.0	0.139089
2598.0	0.138929
2599.0	0.138757
2600.0	0.138598
2600.7771	0.138412
2601.0	0.138358
2602.0	0.138129
2603.0	0.137887
2604.0	0.137646
2605.0	0.137417
2606.0	0.137176
2607.0	0.136947
2608.0	0.136706
2609.0	0.136478
2610.0	0.136237
2610.779541	0.136059
2611.0	0.136014
2612.0	0.135799
2613.0	0.135596
2614.0	0.135381
2615.0	0.135178
2616.0	0.134963
2617.0	0.13476
2618.0	0.134545
2619.0	0.13433
2620.0	0.134127
2620.781982	0.133959
2621.0	0.133911
2622.0	0.133699
2623.0	0.133476
2624.0	0.133265
2625.0	0.133042
2626.0	0.132831
2627.0	0.132608
2628.0	0.132397
2629.0	0.132174
2630.0	0.131964
2630.78418	0.131794
2631.0	0.13175
2632.0	0.131555
2633.0	0.131348
2634.0	0.131142
2635.0	0.130947
2636.0	0.13074
2637.0	0.130546
2638.0	0.13034
2639.0	0.130145
2640.0	0.129939
2640.786621	0.129786
2641.0	0.129747
2642.0	0.129555
2643.0	0.129374
2644.0	0.129181
2645.0	0.129001
2646.0	0.128808
2647.0	0.128627
2648.0	0.128435
2649.0	0.128243
2650.0	0.128062
2650.789062	0.12791
2651.0	0.127871
2652.0	0.127699
2653.0	0.127516
2654.0	0.127343
2655.0	0.12716
2656.0	0.126988
2657.0	0.126804
2658.0	0.126632
2659.0	0.126448
2660.0	0.126276
2660.791504	0.126131
2661.0	0.12609
2662.0	0.125895
2663.0	0.125711
2664.0	0.125516
2665.0	0.125332
2666.0	0.125137
2667.0	0.124954
2668.0	0.124759
2669.0	0.124575
2670.0	0.12438
2670.793701	0.124234
2671.0	0.124199
2672.0	0.124018
2673.0	0.123837
2674.0	0.123668
2675.0	0.123487
2676.0	0.123317
2677.0	0.123136
2678.0	0.122966
2679.0	0.122785
2680.0	0.122614
2680.796143	0.12247
2681.0	0.122434
2682.0	0.122264
2683.0	0.122084
2684.0	0.121915
2685.0	0.121734
2686.0	0.121554
2687.0	0.121385
2688.0	0.121204
2689.0	0.121035
2690.0	0.120855
2690.798584	0.120719
2691.0	0.120683
2692.0	0.120495
2693.0	0.120317
2694.0	0.120128
2695.0	0.11995
2696.0	0.119761
2697.0	0.119572
2698.0	0.119394
2699.0	0.119206
2700.0	0.119028
2700.801025	0.118994
2701.0	0.118986
2702.0	0.118957
2703.0	0.118917
2704.0	0.118888
2705.0	0.118849
2706.0	0.11882
2707.0	0.11878
2708.0	0.11874
2709.0	0.118711
2710.0	0.118671
2710.803467	0.118648
2711.0	0.118641
2712.0	0.118598
2713.0	0.118565
2714.0	0.118522
2715.0	0.118489
2716.0	0.118445
2717.0	0.118412
2718.0	0.118369
2719.0	0.118325
2720.0	0.118292
2720.805908	0.118257
2721.0	0.118247
2722.0	0.118208
2723.0	0.118158
2724.0	0.118119
2725.0	0.118069
2726.0	0.118029
2727.0	0.11798
2728.0	0.11793
2729.0	0.11789
2730.0	0.11784
2730.80835	0.117809
2731.0	0.1178
2732.0	0.117742
2733.0	0.117696
2734.0	0.117639
2735.0	0.117592
2736.0	0.117535
2737.0	0.117478
2738.0	0.117431
2739.0	0.117374
2740.0	0.117328
2740.810791	0.117282
2741.0	0.11727
2742.0	0.117222
2743.0	0.117163
2744.0	0.117115
2745.0	0.117056
2746.0	0.117007
2747.0	0.116948
2748.0	0.116889
2749.0	0.116841
2750.0	0.116782
2750.812988	0.116743
2751.0	0.116731
2752.0	0.116656
2753.0	0.116592
2754.0	0.116518
2755.0	0.116454
2756.0	0.11638
2757.0	0.116306
2758.0	0.116242
2759.0	0.116168
2760.0	0.116104
2760.815674	0.116043
2761.0	0.116028
2762.0	0.115954
2763.0	0.11587
2764.0	0.115796
2765.0	0.115712
2766.0	0.115628
2767.0	0.115554
2768.0	0.11547
2769.0	0.115396
2770.0	0.115312
2770.818115	0.115252
2771.0	0.115238
2772.0	0.115153
2773.0	0.115079
2774.0	0.114994
2775.0	0.114909
2776.0	0.114834
2777.0	0.114749
2778.0	0.114674
2779.0	0.11459
2780.0	0.114515
2780.820312	0.114445
2781.0	0.114427
2782.0	0.114323
2783.0	0.11423
2784.0	0.114127
2785.0	0.114033
2786.0	0.11393
2787.0	0.113837
2788.0	0.113734
2789.0	0.11364
2790.0	0.113537
2790.822998	0.113452
2791.0	0.113433
2792.0	0.113338
2793.0	0.113232
2794.0	0.113137
2795.0	0.113032
2796.0	0.112936
2797.0	0.112831
2798.0	0.112735
2799.0	0.11263
2800.0	0.112525
2800.825195	0.112493
2801.0	0.112485
2802.0	0.112427
2803.0	0.11238
2804.0	0.112322
2805.0	0.112275
2806.0	0.112217
2807.0	0.112159
2808.0	0.112111
2809.0	0.112053
2810.0	0.112005
2810.827881	0.111957
2811.0	0.111945
2812.0	0.111886
2813.0	0.111816
2814.0	0.111746
2815.0	0.111686
2816.0	0.111616
2817.0	0.111556
2818.0	0.111485
2819.0	0.111425
2820.0	0.111355
2820.830078	0.111304
2821.0	0.111293
2822.0	0.111219
2823.0	0.111144
2824.0	0.111079
2825.0	0.111004
2826.0	0.110939
2827.0	0.110863
2828.0	0.110798
2829.0	0.110723
2830.0	0.110647
2830.83252	0.110583
2831.0	0.11057
2832.0	0.11048
2833.0	0.110401
2834.0	0.110311
2835.0	0.110231
2836.0	0.110142
2837.0	0.110052
2838.0	0.109972
2839.0	0.109882
2840.0	0.109802
2840.835205	0.109726
2841.0	0.109711
2842.0	0.109628
2843.0	0.109534
2844.0	0.109441
2845.0	0.109357
2846.0	0.109264
2847.0	0.10918
2848.0	0.109086
2849.0	0.109002
2850.0	0.108909
2850.837646	0.10883
2851.0	0.108813
2852.0	0.108715
2853.0	0.108608
2854.0	0.10851
2855.0	0.108403
2856.0	0.108305
2857.0	0.108198
2858.0	0.10809
2859.0	0.107992
2860.0	0.107884
2860.840088	0.107802
2861.0	0.107788
2862.0	0.107689
2863.0	0.1076
2864.0	0.107501
2865.0	0.107402
2866.0	0.107312
2867.0	0.107213
2868.0	0.107124
2869.0	0.107024
2870.0	0.106935
2870.842529	0.106851
2871.0	0.106834
2872.0	0.106727
2873.0	0.106629
2874.0	0.106522
2875.0	0.106424
2876.0	0.106316
2877.0	0.106218
2878.0	0.106111
2879.0	0.106003
2880.0	0.105904
2880.844971	0.105813
2881.0	0.105797
2882.0	0.105698
2883.0	0.10559
2884.0	0.105492
2885.0	0.105384
2886.0	0.105276
2887.0	0.105177
2888.0	0.105068
2889.0	0.104969
2890.0	0.104861
2890.847412	0.104769
2891.0	0.104752
2892.0	0.104647
2893.0	0.104532
2894.0	0.104427
2895.0	0.104312
2896.0	0.104207
2897.0	0.104092
2898.0	0.103977
2899.0	0.103872
2900.0	0.103757
2900.849854	0.103703
2901.0	0.103694
2902.0	0.103624
2903.0	0.103564
2904.0	0.103494
2905.0	0.103424
2906.0	0.103363
2907.0	0.103293
2908.0	0.103231
2909.0	0.10316
2910.0	0.103089
2910.852295	0.103037
2911.0	0.103027
2912.0	0.102952
2913.0	0.102886
2914.0	0.102811
2915.0	0.102744
2916.0	0.102668
2917.0	0.102593
2918.0	0.102526
2919.0	0.102449
2920.0	0.102382
2920.854736	0.102316
2921.0	0.102306
2922.0	0.102235
2923.0	0.102173
2924.0	0.102102
2925.0	0.10204
2926.0	0.101968
2927.0	0.101906
2928.0	0.101834
2929.0	0.101761
2930.0	0.101698
2930.857422	0.101636
2931.0	0.101623
2932.0	0.101542
2933.0	0.101452
2934.0	0.101362
2935.0	0.101281
2936.0	0.10119
2937.0	0.101108
2938.0	0.101017
2939.0	0.100935
2940.0	0.100843
2940.859863	0.100764
2941.0	0.100753
2942.0	0.100679
2943.0	0.100596
2944.0	0.100522
2945.0	0.100439
2946.0	0.100356
2947.0	0.100281
2948.0	0.100197
2949.0	0.100122
2950.0	0.100038
2950.862305	0.099965
2951.0	0.0999525
2952.0	0.0998708
2953.0	0.09978
2954.0	0.0996978
2955.0	0.0996066
2956.0	0.099524
2957.0	0.0994324
2958.0	0.0993406
2959.0	0.0992574
2960.0	0.0991652
2960.864746	0.0990928
2961.0	0.0990808
2962.0	0.0989835
2963.0	0.098886
2964.0	0.098797
2965.0	0.098699
2966.0	0.0986095
2967.0	0.0985111
2968.0	0.0984125
2969.0	0.0983224
2970.0	0.0982234
2970.867188	0.0981448
2971.0	0.0981329
2972.0	0.098034
2973.0	0.0979349
2974.0	0.0978443
2975.0	0.0977448
2976.0	0.0976538
2977.0	0.0975538
2978.0	0.0974623
2979.0	0.097362
2980.0	0.0972614
2980.869629	0.0971813
2981.0	0.0971683
2982.0	0.09706
2983.0	0.0969602
2984.0	0.0968515
2985.0	0.0967425
2986.0	0.096642
2987.0	0.0965326
2988.0	0.0964316
2989.0	0.0963218
2990.0	0.0962118
2990.872314	0.096123
2991.0	0.0961104
2992.0	0.096003
2993.0	0.0959038
2994.0	0.095796
2995.0	0.0956879
2996.0	0.0955881
2997.0	0.0954796
2998.0	0.0953794
2999.0	0.0952705
3000.0	0.0951613
3000.874756	0.0950189
3001.0	0.0949979
3002.0	0.0948214
3003.0	0.0946534
3004.0	0.0944769
3005.0	0.0943004
3006.0	0.0941323
3007.0	0.0939559
3008.0	0.0937877
3009.0	0.0936113
3010.0	0.0934348
3010.877197	0.0932872
3011.0	0.093265
3012.0	0.093076
3013.0	0.0928953
3014.0	0.0927063
3015.0	0.0925173
3016.0	0.0923365
3017.0	0.0921475
3018.0	0.0919666
3019.0	0.0917776
3020.0	0.0915886
3020.879639	0.0914294
3021.0	0.0914075
3022.0	0.0912179
3023.0	0.0910362
3024.0	0.0908465
3025.0	0.0906568
3026.0	0.0904751
3027.0	0.0902854
3028.0	0.0901037
3029.0	0.089914
3030.0	0.0897243
3030.88208	0.0895635
3031.0	0.0895415
3032.0	0.0893474
3033.0	0.0891611
3034.0	0.088967
3035.0	0.0887728
3036.0	0.0885865
3037.0	0.0883924
3038.0	0.088206
3039.0	0.0880119
3040.0	0.0878177
3040.884766	0.0876527
3041.0	0.0876304
3042.0	0.0874292
3043.0	0.0872356
3044.0	0.0870343
3045.0	0.086833
3046.0	0.0866394
3047.0	0.0864381
3048.0	0.0862445
3049.0	0.0860432
3050.0	0.0858419
3050.887207	0.0856701
3051.0	0.0856475
3052.0	0.0854405
3053.0	0.0852409
3054.0	0.0850338
3055.0	0.0848268
3056.0	0.0846272
3057.0	0.0844201
3058.0	0.0842205
3059.0	0.0840134
3060.0	0.0838063
3060.889648	0.0836286
3061.0	0.0836069
3062.0	0.0834022
3063.0	0.0832049
3064.0	0.0830002
3065.0	0.0827955
3066.0	0.0825982
3067.0	0.0823935
3068.0	0.0821961
3069.0	0.0819914
3070.0	0.0817867
3070.89209	0.0816106
3071.0	0.0815888
3072.0	0.0813804
3073.0	0.0811719
3074.0	0.0809706
3075.0	0.0807621
3076.0	0.0805608
3077.0	0.0803523
3078.0	0.0801438
3079.0	0.0799424
3080.0	0.079734
3080.894775	0.0795537
3081.0	0.079532
3082.0	0.0793185
3083.0	0.0791051
3084.0	0.0788986
3085.0	0.0786852
3086.0	0.0784787
3087.0	0.0782652
3088.0	0.0780518
3089.0	0.0778453
3090.0	0.0776318
3090.897217	0.0774403
3091.0	0.0774186
3092.0	0.0772148
3093.0	0.0770041
3094.0	0.0768002
3095.0	0.0765895
3096.0	0.0763788
3097.0	0.0761748
3098.0	0.0759641
3099.0	0.0757602
3100.0	0.0755495
3100.899658	0.0753599
3101.0	0.0753393
3102.0	0.0751404
3103.0	0.0749349
3104.0	0.0747361
3105.0	0.0745306
3106.0	0.0743251
3107.0	0.0741262
3108.0	0.0739207
3109.0	0.0737153
3110.0	0.0735163
3110.9021	0.0733309
3111.0	0.0733099
3112.0	0.0731019
3113.0	0.0728875
3114.0	0.072673
3115.0	0.072465
3116.0	0.0722505
3117.0	0.0720424
3118.0	0.0718279
3119.0	0.0716135
3120.0	0.0714053
3120.904785	0.0712113
3121.0	0.0711913
3122.0	0.0709811
3123.0	0.0707771
3124.0	0.0705669
3125.0	0.0703629
3126.0	0.0701527
3127.0	0.0699425
3128.0	0.0697384
3129.0	0.0695282
3130.0	0.069318
3130.907227	0.0691328
3131.0	0.0691143
3132.0	0.0689087
3133.0	0.0687092
3134.0	0.0685035
3135.0	0.0682979
3136.0	0.0680984
3137.0	0.0678927
3138.0	0.0676931
3139.0	0.0674875
3140.0	0.0672819
3140.909912	0.0671002
3141.0	0.0670834
3142.0	0.0668911
3143.0	0.0666988
3144.0	0.0665123
3145.0	0.06632
3146.0	0.0661335
3147.0	0.0659412
3148.0	0.0657489
3149.0	0.0655624
3150.0	0.0653701
3150.912354	0.0651946
3151.0	0.0651774
3152.0	0.0649869
3153.0	0.0647907
3154.0	0.0646001
3155.0	0.0644039
3156.0	0.0642077
3157.0	0.0640171
3158.0	0.0638209
3159.0	0.0636247
3160.0	0.0634341
3160.914795	0.0632546
3161.0	0.0632381
3162.0	0.06305
3163.0	0.0628563
3164.0	0.0626626
3165.0	0.0624745
3166.0	0.0622808
3167.0	0.0620872
3168.0	0.061899
3169.0	0.0617053
3170.0	0.0615171
3170.917236	0.0613395
3171.0	0.0613247
3172.0	0.0611465
3173.0	0.0609736
3174.0	0.0607954
3175.0	0.0606171
3176.0	0.0604442
3177.0	0.060266
3178.0	0.0600931
3179.0	0.0599148
3180.0	0.0597366
3180.919922	0.0595775
3181.0	0.0595635
3182.0	0.0593843
3183.0	0.059205
3184.0	0.0590309
3185.0	0.0588517
3186.0	0.0586776
3187.0	0.0584983
3188.0	0.058319
3189.0	0.0581449
3190.0	0.0579657
3190.922363	0.0578003
3191.0	0.0577872
3192.0	0.0576228
3193.0	0.0574534
3194.0	0.057289
3195.0	0.0571195
3196.0	0.0569501
3197.0	0.0567857
3198.0	0.0566162
3199.0	0.0564468
3200.0	0.0562823
3200.924805	0.0561198
3201.0	0.0561076
3202.0	0.0559509
3203.0	0.0557893
3204.0	0.0556277
3205.0	0.055471
3206.0	0.0553095
3207.0	0.055148
3208.0	0.0549914
3209.0	0.05483
3210.0	0.0546687
3210.92749	0.0545235
3211.0	0.0545115
3212.0	0.0543421
3213.0	0.0541774
3214.0	0.0540081
3215.0	0.0538387
3216.0	0.0536742
3217.0	0.0535049
3218.0	0.0533357
3219.0	0.0531712
3220.0	0.0530021
3220.929932	0.0528491
3221.0	0.0528388
3222.0	0.0526875
3223.0	0.0525361
3224.0	0.0523894
3225.0	0.0522382
3226.0	0.0520869
3227.0	0.0519403
3228.0	0.0517891
3229.0	0.051638
3230.0	0.0514914
3230.932617	0.0513505
3231.0	0.0513407
3232.0	0.0512001
3233.0	0.0510549
3234.0	0.0509098
3235.0	0.0507692
3236.0	0.0506241
3237.0	0.0504791
3238.0	0.0503386
3239.0	0.0501936
3240.0	0.0500487
3240.935059	0.0499174
3241.0	0.0499086
3242.0	0.0497697
3243.0	0.0496352
3244.0	0.0494963
3245.0	0.0493575
3246.0	0.049223
3247.0	0.0490843
3248.0	0.0489455
3249.0	0.0488111
3250.0	0.0486725
3250.9375	0.0485425
3251.0	0.0485341
3252.0	0.0484047
3253.0	0.048271
3254.0	0.0481416
3255.0	0.048008
3256.0	0.0478744
3257.0	0.0477451
3258.0	0.0476115
3259.0	0.047478
3260.0	0.0473487
3260.940186	0.0472233
3261.0	0.047216
3262.0	0.0470936
3263.0	0.0469755
3264.0	0.0468532
3265.0	0.0467309
3266.0	0.0466128
3267.0	0.0464906
3268.0	0.0463725
3269.0	0.0462503
3270.0	0.0461282
3270.942627	0.0460169
3271.0	0.0460103
3272.0	0.0458907
3273.0	0.0457712
3274.0	0.0456557
3275.0	0.0455362
3276.0	0.0454167
3277.0	0.0453012
3278.0	0.0451818
3279.0	0.0450624
3280.0	0.044947
3280.945312	0.0448342
3281.0	0.0448278
3282.0	0.0447146
3283.0	0.0445975
3284.0	0.0444804
3285.0	0.0443673
3286.0	0.0442503
3287.0	0.0441333
3288.0	0.0440202
3289.0	0.0439032
3290.0	0.0437863
3290.947754	0.0436792
3291.0	0.0436736
3292.0	0.0435632
3293.0	0.0434527
3294.0	0.0433461
3295.0	0.0432357
3296.0	0.0431291
3297.0	0.0430188
3298.0	0.0429085
3299.0	0.042802
3300.0	0.0426917
3300.950195	0.042587
3301.0	0.0425818
3302.0	0.0424826
3303.0	0.0423796
3304.0	0.0422767
3305.0	0.0421774
3306.0	0.0420745
3307.0	0.0419717
3308.0	0.0418725
3309.0	0.0417696
3310.0	0.0416668
3310.952881	0.0415724
3311.0	0.0415679
3312.0	0.041468
3313.0	0.0413717
3314.0	0.0412718
3315.0	0.041172
3316.0	0.0410758
3317.0	0.040976
3318.0	0.0408762
3319.0	0.04078
3320.0	0.0406803
3320.955322	0.040585
3321.0	0.0405809
3322.0	0.0404914
3323.0	0.0403984
3324.0	0.0403054
3325.0	0.040216
3326.0	0.0401231
3327.0	0.0400302
3328.0	0.0399408
3329.0	0.0398479
3330.0	0.0397551
3330.958008	0.0396695
3331.0	0.0396658
3332.0	0.039575
3333.0	0.0394842
3334.0	0.0393968
3335.0	0.0393061
3336.0	0.0392188
3337.0	0.0391281
3338.0	0.0390374
3339.0	0.0389501
3340.0	0.0388594
3340.960449	0.0387724
3341.0	0.0387689
3342.0	0.0386836
3343.0	0.038595
3344.0	0.0385063
3345.0	0.0384211
3346.0	0.0383325
3347.0	0.038244
3348.0	0.0381588
3349.0	0.0380703
3350.0	0.0379818
3350.962891	0.0378998
3351.0	0.0378966
3352.0	0.0378074
3353.0	0.0377182
3354.0	0.0376324
3355.0	0.0375433
3356.0	0.0374542
3357.0	0.0373684
3358.0	0.0372793
3359.0	0.0371903
3360.0	0.0371045
3360.965576	0.0370186
3361.0	0.0370155
3362.0	0.036927
3363.0	0.0368418
3364.0	0.0367533
3365.0	0.0366681
3366.0	0.0365797
3367.0	0.0364913
3368.0	0.0364062
3369.0	0.0363178
3370.0	0.0362295
3370.968018	0.0361471
3371.0	0.0361444
3372.0	0.0360589
3373.0	0.0359733
3374.0	0.035891
3375.0	0.0358055
3376.0	0.03572
3377.0	0.0356377
3378.0	0.0355522
3379.0	0.0354668
3380.0	0.0353845
3380.970703	0.0353016
3381.0	0.0352993
3382.0	0.0352198
3383.0	0.0351434
3384.0	0.0350639
3385.0	0.0349845
3386.0	0.0349081
3387.0	0.0348287
3388.0	0.0347493
3389.0	0.0346729
3390.0	0.0345936
3390.973145	0.0345163
3391.0	0.034514
3392.0	0.0344304
3393.0	0.0343437
3394.0	0.0342571
3395.0	0.0341734
3396.0	0.0340868
3397.0	0.0340003
3398.0	0.0339167
3399.0	0.0338301
3400.0	0.0337436
3400.97583	0.0336452
3401.0	0.0336428
3402.0	0.0335389
3403.0	0.0334352
3404.0	0.0333345
3405.0	0.033231
3406.0	0.0331275
3407.0	0.0330271
3408.0	0.0329239
3409.0	0.0328208
3410.0	0.0327206
3410.978271	0.03262
3411.0	0.0326178
3412.0	0.0325161
3413.0	0.0324173
3414.0	0.0323158
3415.0	0.0322144
3416.0	0.0321159
3417.0	0.0320148
3418.0	0.0319137
3419.0	0.0318155
3420.0	0.0317146
3420.980957	0.0316157
3421.0	0.0316138
3422.0	0.0315156
3423.0	0.0314146
3424.0	0.0313138
3425.0	0.0312158
3426.0	0.0311152
3427.0	0.0310147
3428.0	0.030917
3429.0	0.0308167
3430.0	0.0307165
3430.983398	0.0306206
3431.0	0.0306189
3432.0	0.0305156
3433.0	0.0304124
3434.0	0.0303119
3435.0	0.0302089
3436.0	0.0301061
3437.0	0.0300059
3438.0	0.0299033
3439.0	0.0298007
3440.0	0.0297008
3440.986084	0.0295999
3441.0	0.0295985
3442.0	0.0294947
3443.0	0.0293936
3444.0	0.02929
3445.0	0.0291865
3446.0	0.0290857
3447.0	0.0289825
3448.0	0.0288793
3449.0	0.0287788
3450.0	0.0286759
3450.988525	0.0285743
3451.0	0.0285731
3452.0	0.0284716
3453.0	0.0283677
3454.0	0.0282639
3455.0	0.0281627
3456.0	0.0280591
3457.0	0.0279557
3458.0	0.0278548
3459.0	0.0277516
3460.0	0.0276485
3460.991211	0.0275488
3461.0	0.0275479
3462.0	0.0274476
3463.0	0.0273473
3464.0	0.0272496
3465.0	0.0271496
3466.0	0.0270497
3467.0	0.0269522
3468.0	0.0268525
3469.0	0.0267529
3470.0	0.0266558
3470.993652	0.0265571
3471.0	0.0265564
3472.0	0.0264517
3473.0	0.0263472
3474.0	0.026245
3475.0	0.0261407
3476.0	0.0260365
3477.0	0.0259346
3478.0	0.0258306
3479.0	0.0257268
3480.0	0.0256252
3480.996338	0.025522
3481.0	0.0255216
3482.0	0.0254177
3483.0	0.0253162
3484.0	0.0252125
3485.0	0.0251089
3486.0	0.0250077
3487.0	0.0249044
3488.0	0.0248012
3489.0	0.0247002
3490.0	0.0245973
3490.998779	0.0244945
3491.0	0.0244944
3492.0	0.0243928
3493.0	0.0242892
3494.0	0.0241856
3495.0	0.0240843
3496.0	0.0239811
3497.0	0.0238779
3498.0	0.0237769
3499.0	0.023674
3500.0	0.0235712
3501.0	0.0234685
3501.001465	0.0234684
3502.0	0.0233659
3503.0	0.0232614
3504.0	0.0231569
3505.0	0.0230547
3506.0	0.0229505
3507.0	0.0228464
3508.0	0.0227445
3509.0	0.0226407
3510.0	0.022537
3511.0	0.0224354
3511.003906	0.022435
3512.0	0.0223346
3513.0	0.022234
3514.0	0.0221355
3515.0	0.0220351
3516.0	0.0219348
3517.0	0.0218366
3518.0	0.0217365
3519.0	0.0216366
3520.0	0.0215387
3521.0	0.021439
3521.006592	0.0214383
3522.0	0.0213396
3523.0	0.0212403
3524.0	0.021143
3525.0	0.0210439
3526.0	0.020945
3527.0	0.0208479
3528.0	0.0207492
3529.0	0.0206506
3530.0	0.020554
3531.0	0.0204556
3531.009033	0.0204547
3532.0	0.0203583
3533.0	0.0202629
3534.0	0.0201659
3535.0	0.0200689
3536.0	0.0199739
3537.0	0.0198771
3538.0	0.0197806
3539.0	0.0196841
3540.0	0.0195894
3541.0	0.0194932
3541.011719	0.0194921
3542.0	0.0193978
3543.0	0.0193042
3544.0	0.019209
3545.0	0.0191139
3546.0	0.0190206
3547.0	0.0189258
3548.0	0.018831
3549.0	0.0187381
3550.0	0.0186436
3551.0	0.0185492
3551.014404	0.0185478
3552.0	0.0184565
3553.0	0.0183624
3554.0	0.0182684
3555.0	0.0181745
3556.0	0.0180822
3557.0	0.0179886
3558.0	0.017895
3559.0	0.0178031
3560.0	0.0177098
3561.0	0.0176165
3561.016846	0.017615
3562.0	0.0175273
3563.0	0.0174367
3564.0	0.0173463
3565.0	0.0172574
3566.0	0.0171672
3567.0	0.017077
3568.0	0.016987
3569.0	0.0168985
3570.0	0.0168087
3571.0	0.016719
3571.019287	0.0167173
3572.0	0.0166326
3573.0	0.016545
3574.0	0.0164574
3575.0	0.0163713
3576.0	0.016284
3577.0	0.0161967
3578.0	0.016111
3579.0	0.0160239
3580.0	0.015937
3581.0	0.0158502
3581.021973	0.0158483
3582.0	0.0157682
3583.0	0.0156849
3584.0	0.0156018
3585.0	0.0155201
3586.0	0.0154372
3587.0	0.0153544
3588.0	0.015273
3589.0	0.0151904
3590.0	0.0151078
3591.0	0.0150268
3591.024658	0.0150247
3592.0	0.0149466
3593.0	0.0148666
3594.0	0.0147866
3595.0	0.0147081
3596.0	0.0146284
3597.0	0.0145488
3598.0	0.0144705
3599.0	0.0143911
3600.0	0.0143118
3601.0	0.0142478
3601.0271	0.014246
3602.0	0.0141829
3603.0	0.014118
3604.0	0.0140531
3605.0	0.0139894
3606.0	0.0139244
3607.0	0.0138594
3608.0	0.0137955
3609.0	0.0137305
3610.0	0.0136653
3611.0	0.0136014
3611.029785	0.0135994
3612.0	0.0135381
3613.0	0.0134747
3614.0	0.0134114
3615.0	0.0133492
3616.0	0.0132858
3617.0	0.0132224
3618.0	0.01316
3619.0	0.0130966
3620.0	0.013033
3621.0	0.0129706
3621.032227	0.0129686
3622.0	0.0129121
3623.0	0.0128537
3624.0	0.0127952
3625.0	0.0127379
3626.0	0.0126794
3627.0	0.0126209
3628.0	0.0125634
3629.0	0.0125048
3630.0	0.0124462
3631.0	0.0123885
3631.034912	0.0123864
3632.0	0.0123321
3633.0	0.0122757
3634.0	0.0122194
3635.0	0.012164
3636.0	0.0121076
3637.0	0.0120512
3638.0	0.0119957
3639.0	0.0119392
3640.0	0.0118827
3641.0	0.0118272
3641.037598	0.0118251
3642.0	0.0117742
3643.0	0.0117214
3644.0	0.0116685
3645.0	0.0116166
3646.0	0.0115637
3647.0	0.0115107
3648.0	0.0114588
3649.0	0.0114058
3650.0	0.0113527
3651.0	0.0112997
3651.040039	0.0112976
3652.0	0.0112497
3653.0	0.0111988
3654.0	0.0111478
3655.0	0.0110979
3656.0	0.0110469
3657.0	0.0109959
3658.0	0.0109458
3659.0	0.0108947
3660.0	0.0108437
3661.0	0.0107926
3661.04248	0.0107905
3662.0	0.0107445
3663.0	0.0106956
3664.0	0.0106466
3665.0	0.0105986
3666.0	0.0105496
3667.0	0.0105005
3668.0	0.0104515
3669.0	0.0104033
3670.0	0.0103542
3671.0	0.0103051
3671.045166	0.0103029
3672.0	0.0102594
3673.0	0.0102129
3674.0	0.0101663
3675.0	0.0101198
3676.0	0.0100741
3677.0	0.0100275
3678.0	0.00998086
3679.0	0.00993508
3680.0	0.00988841
3681.0	0.00984173
3681.047852	0.0098395
3682.0	0.00979895
3683.0	0.0097572
3684.0	0.00971457
3685.0	0.00967193
3686.0	0.00963011
3687.0	0.00958743
3688.0	0.00954473
3689.0	0.00950284
3690.0	0.0094601
3691.0	0.00941734
3691.050293	0.00941519
3692.0	0.009376
3693.0	0.00933553
3694.0	0.00929423
3695.0	0.00925291
3696.0	0.00921238
3697.0	0.00917102
3698.0	0.00912965
3699.0	0.00908825
3700.0	0.00904763
3701.0	0.0090062
3701.052979	0.00900401
3702.0	0.00896627
3703.0	0.00892717
3704.0	0.00888729
3705.0	0.00884738
3706.0	0.00880746
3707.0	0.00876828
3708.0	0.00872832
3709.0	0.00868835
3710.0	0.00864911
3711.0	0.00860909
3711.055664	0.00860686
3712.0	0.00857285
3713.0	0.00853682
3714.0	0.00850151
3715.0	0.00846544
3716.0	0.00842936
3717.0	0.00839326
3718.0	0.00835787
3719.0	0.00832174
3720.0	0.0082856
3721.0	0.00825015
3721.058105	0.00824805
3722.0	0.00821591
3723.0	0.00818178
3724.0	0.00814763
3725.0	0.00811417
3726.0	0.00807999
3727.0	0.0080458
3728.0	0.00801228
3729.0	0.00797806
3730.0	0.00794382
3731.0	0.00790956
3731.060791	0.00790752
3732.0	0.00787675
3733.0	0.00784329
3734.0	0.00780982
3735.0	0.007777
3736.0	0.00774349
3737.0	0.00770997
3738.0	0.00767644
3739.0	0.00764355
3740.0	0.00760999
3741.0	0.0075764
3741.063232	0.00757432
3742.0	0.00754542
3743.0	0.00751389
3744.0	0.00748235
3745.0	0.0074508
3746.0	0.00741988
3747.0	0.0073883
3748.0	0.00735671
3749.0	0.0073251
3750.0	0.00729411
3751.0	0.00726247
3751.065918	0.00726039
3752.0	0.00723288
3753.0	0.00720404
3754.0	0.00717456
3755.0	0.00714507
3756.0	0.00711557
3757.0	0.00708667
3758.0	0.00705714
3759.0	0.0070276
3760.0	0.00699804
3761.0	0.00696908
3761.068604	0.00696705
3762.0	0.00694089
3763.0	0.00691279
3764.0	0.00688528
3765.0	0.00685716
3766.0	0.00682903
3767.0	0.00680088
3768.0	0.00677331
3769.0	0.00674514
3770.0	0.00671695
3771.0	0.00668934
3771.071045	0.00668733
3772.0	0.00666274
3773.0	0.00663625
3774.0	0.00660975
3775.0	0.00658381
3776.0	0.00655728
3777.0	0.00653075
3778.0	0.0065042
3779.0	0.0064782
3780.0	0.00645163
3781.0	0.00642505
3781.07373	0.00642313
3782.0	0.00640093
3783.0	0.0063764
3784.0	0.00635185
3785.0	0.00632729
3786.0	0.00630327
3787.0	0.0062787
3788.0	0.00625411
3789.0	0.00622951
3790.0	0.00620544
3791.0	0.00618081
3791.076416	0.00617893
3792.0	0.00615611
3793.0	0.0061314
3794.0	0.0061072
3795.0	0.00608246
3796.0	0.00605772
3797.0	0.00603348
3798.0	0.00600871
3799.0	0.00598393
3800.0	0.00595914
3801.0	0.00593717
3801.078857	0.0059354
3802.0	0.00591624
3803.0	0.00589541
3804.0	0.00587455
3805.0	0.00585417
3806.0	0.00583326
3807.0	0.00581232
3808.0	0.00579184
3809.0	0.00577084
3810.0	0.00574981
3811.0	0.00572875
3811.081543	0.00572707
3812.0	0.00571164
3813.0	0.00569432
3814.0	0.00567697
3815.0	0.00565961
3816.0	0.0056427
3817.0	0.00562529
3818.0	0.00560784
3819.0	0.00559038
3820.0	0.00557337
3821.0	0.00555586
3821.083984	0.00555438
3822.0	0.00553715
3823.0	0.00551879
3824.0	0.00549992
3825.0	0.00548103
3826.0	0.00546211
3827.0	0.00544364
3828.0	0.00542467
3829.0	0.00540567
3830.0	0.00538665
3831.0	0.00536806
3831.08667	0.00536641
3832.0	0.00534898
3833.0	0.00532987
3834.0	0.00531073
3835.0	0.00529202
3836.0	0.00527283
3837.0	0.00525361
3838.0	0.00523437
3839.0	0.00521555
3840.0	0.00519626
3841.0	0.00517694
3841.089355	0.00517525
3842.0	0.00516049
3843.0	0.00514382
3844.0	0.00512712
3845.0	0.0051104
3846.0	0.00509409
3847.0	0.00507733
3848.0	0.00506054
3849.0	0.00504373
3850.0	0.00502733
3851.0	0.00501047
3851.091797	0.00500892
3852.0	0.00499424
3853.0	0.00497807
3854.0	0.0049623
3855.0	0.00494608
3856.0	0.00492983
3857.0	0.00491357
3858.0	0.00489771
3859.0	0.0048814
3860.0	0.00486507
3861.0	0.00484871
3861.094482	0.0048472
3862.0	0.00483322
3863.0	0.00481735
3864.0	0.00480145
3865.0	0.00478553
3866.0	0.00477
3867.0	0.00475404
3868.0	0.00473805
3869.0	0.00472245
3870.0	0.00470643
3871.0	0.00469038
3871.097168	0.00468882
3872.0	0.00467516
3873.0	0.00466042
3874.0	0.00464525
3875.0	0.00463006
3876.0	0.00461486
3877.0	0.00460003
3878.0	0.00458478
3879.0	0.00456951
3880.0	0.00455423
3881.0	0.00453931
3881.099609	0.00453778
3882.0	0.00452371
3883.0	0.00450805
3884.0	0.00449238
3885.0	0.00447707
3886.0	0.00446136
3887.0	0.00444562
3888.0	0.00442987
3889.0	0.00441447
3890.0	0.00439868
3891.0	0.00438285
3891.102295	0.00438123
3892.0	0.004368
3893.0	0.00435361
3894.0	0.00433882
3895.0	0.00432402
3896.0	0.0043092
3897.0	0.00429473
3898.0	0.00427987
3899.0	0.00426499
3900.0	0.00425009
3901.0	0.00423553
3901.10498	0.00423396
3902.0	0.00422114
3903.0	0.00420679
3904.0	0.00419242
3905.0	0.0041784
3906.0	0.004164
3907.0	0.00414958
3908.0	0.00413514
3909.0	0.00412103
3910.0	0.00410656
3911.0	0.00409206
3911.107422	0.0040905
3912.0	0.0040778
3913.0	0.0040639
3914.0	0.00404964
3915.0	0.00403536
3916.0	0.00402105
3917.0	0.00400708
3918.0	0.00399274
3919.0	0.00397839
3920.0	0.00396401
3921.0	0.00394996
3921.110107	0.00394837
3922.0	0.00393578
3923.0	0.00392162
3924.0	0.00390744
3925.0	0.00389357
3926.0	0.00387935
3927.0	0.00386512
3928.0	0.00385086
3929.0	0.00383692
3930.0	0.00382263
3931.0	0.00380832
3931.112793	0.0038067
3932.0	0.00379504
3933.0	0.00378221
3934.0	0.00376903
3935.0	0.00375583
3936.0	0.00374262
3937.0	0.00372971
3938.0	0.00371647
3939.0	0.00370321
3940.0	0.00368993
3941.0	0.00367695
3941.115479	0.00367541
3942.0	0.00366316
3943.0	0.0036493
3944.0	0.00363542
3945.0	0.00362183
3946.0	0.00360791
3947.0	0.00359398
3948.0	0.00358003
3949.0	0.00356637
3950.0	0.00355238
3951.0	0.00353838
3951.11792	0.00353673
3952.0	0.00352476
3953.0	0.00351148
3954.0	0.00349789
3955.0	0.00348427
3956.0	0.00347064
3957.0	0.0034573
3958.0	0.00344363
3959.0	0.00342995
3960.0	0.00341625
3961.0	0.00340254
3961.120605	0.00340092
3962.0	0.00339024
3963.0	0.00337778
3964.0	0.00336531
3965.0	0.00335283
3966.0	0.00334062
3967.0	0.00332811
3968.0	0.00331558
3969.0	0.00330303
3970.0	0.00329076
3971.0	0.00327817
3971.123291	0.00327662
3972.0	0.00326562
3973.0	0.00325305
3974.0	0.00324074
3975.0	0.00322814
3976.0	0.00321553
3977.0	0.0032029
3978.0	0.00319053
3979.0	0.00317787
3980.0	0.00316519
3981.0	0.0031525
3981.125732	0.00315094
3982.0	0.00313927
3983.0	0.00312563
3984.0	0.00311199
3985.0	0.00309832
3986.0	0.00308464
3987.0	0.00307121
3988.0	0.0030575
3989.0	0.00304377
3990.0	0.00303002
3991.0	0.00301652
3991.128418	0.00301475
3992.0	0.00300401
3993.0	0.00299168
3994.0	0.00297934
3995.0	0.00296724
3996.0	0.00295486
3997.0	0.00294248
3998.0	0.00293007
3999.0	0.00291791
4000.0	0.00290548
4001.0	0.00289195
4001.131104	0.00289018
4002.0	0.00287845
4003.0	0.00286496
4004.0	0.0028517
4005.0	0.00283819
4006.0	0.00282468
4007.0	0.00281116
4008.0	0.00279788
4009.0	0.00278435
4010.0	0.00277082
4011.0	0.00275729
4011.133545	0.00275551
4012.0	0.00274409
4013.0	0.00273067
4014.0	0.00271725
4015.0	0.00270383
4016.0	0.00269063
4017.0	0.00267719
4018.0	0.00266375
4019.0	0.00265031
4020.0	0.00263686
4021.0	0.00262364
4021.13623	0.0026218
4022.0	0.00261032
4023.0	0.00259703
4024.0	0.00258373
4025.0	0.00257065
4026.0	0.00255734
4027.0	0.00254403
4028.0	0.00253072
4029.0	0.00251761
4030.0	0.00250429
4031.0	0.00249112
4031.138916	0.00248929
4032.0	0.0024778
4033.0	0.00246446
4034.0	0.00245133
4035.0	0.00243797
4036.0	0.00242462
4037.0	0.00241125
4038.0	0.00239809
4039.0	0.00238471
4040.0	0.00237133
4041.0	0.00235794
4041.141602	0.00235604
4042.0	0.0023462
4043.0	0.00233493
4044.0	0.00232346
4045.0	0.00231198
4046.0	0.00230049
4047.0	0.0022892
4048.0	0.0022777
4049.0	0.0022662
4050.0	0.00225469
4051.0	0.00224337
4051.144043	0.00224172
4052.0	0.00223188
4053.0	0.00222039
4054.0	0.00220889
4055.0	0.00219738
4056.0	0.00218606
4057.0	0.00217455
4058.0	0.00216303
4059.0	0.0021515
4060.0	0.00214016
4061.0	0.00212862
4061.146729	0.00212693
4062.0	0.00211725
4063.0	0.00210589
4064.0	0.00209453
4065.0	0.00208335
4066.0	0.00207198
4067.0	0.00206061
4068.0	0.00204923
4069.0	0.00203802
4070.0	0.00202663
4071.0	0.00201524
4071.149414	0.00201354
4072.0	0.00200401
4073.0	0.00199281
4074.0	0.00198178
4075.0	0.00197057
4076.0	0.00195935
4077.0	0.00194813
4078.0	0.00193707
4079.0	0.00192584
4080.0	0.00191461
4081.0	0.00190337
4081.151855	0.00190166
4082.0	0.00189252
4083.0	0.00188191
4084.0	0.00187113
4085.0	0.00186034
4086.0	0.00184955
4087.0	0.00183891
4088.0	0.00182811
4089.0	0.00181731
4090.0	0.0018065
4091.0	0.00179569
4091.154541	0.00179404
4092.0	0.00178538
4093.0	0.00177499
4094.0	0.00176459
4095.0	0.00175418
4096.0	0.00174393
4097.0	0.00173351
4098.0	0.0017231
4099.0	0.00171267
4100.0	0.00170225
4101.0	0.00169196
4101.157227	0.00169032
4102.0	0.00168181
4103.0	0.0016717
4104.0	0.00166159
4105.0	0.00165162
4106.0	0.0016415
4107.0	0.00163137
4108.0	0.00162124
4109.0	0.00161111
4110.0	0.00160111
4111.0	0.00159097
4111.159668	0.00158935
4112.0	0.00158151
4113.0	0.00157219
4114.0	0.00156285
4115.0	0.00155365
4116.0	0.00154431
4117.0	0.00153497
4118.0	0.00152562
4119.0	0.0015164
4120.0	0.00150704
4121.0	0.00149768
4121.162598	0.00149616
4122.0	0.00148961
4123.0	0.00148179
4124.0	0.00147409
4125.0	0.00146626
4126.0	0.00145843
4127.0	0.00145059
4128.0	0.00144275
4129.0	0.00143504
4130.0	0.00142719
4131.0	0.00141934
4131.165039	0.00141805
4132.0	0.00141046
4133.0	0.00140148
4134.0	0.00139238
4135.0	0.00138328
4136.0	0.00137418
4137.0	0.00136507
4138.0	0.00135608
4139.0	0.00134696
4140.0	0.00133784
4141.0	0.00132872
4141.16748	0.00132719
4142.0	0.00132014
4143.0	0.00131179
4144.0	0.00130332
4145.0	0.00129485
4146.0	0.00128637
4147.0	0.001278
4148.0	0.00126952
4149.0	0.00126103
4150.0	0.00125255
4151.0	0.00124405
4151.17041	0.00124262
4152.0	0.00123597
4153.0	0.00122785
4154.0	0.00121972
4155.0	0.00121159
4156.0	0.00120345
4157.0	0.00119542
4158.0	0.00118728
4159.0	0.00117913
4160.0	0.00117099
4161.0	0.00116283
4161.172852	0.00116144
4162.0	0.00115565
4163.0	0.00114855
4164.0	0.00114145
4165.0	0.00113434
4166.0	0.00112723
4167.0	0.00112022
4168.0	0.0011131
4169.0	0.00110599
4170.0	0.00109887
4171.0	0.00109184
4171.175293	0.00109059
4172.0	0.00108482
4173.0	0.00107782
4174.0	0.00107083
4175.0	0.00106383
4176.0	0.00105691
4177.0	0.00104991
4178.0	0.0010429
4179.0	0.00103588
4180.0	0.00102887
4181.0	0.00102194
4181.178223	0.00102069
4182.0	0.00101547
4183.0	0.00100912
4184.0	0.00100277
4185.0	0.000996409
4186.0	0.000990136
4187.0	0.000983775
4188.0	0.000977411
4189.0	0.000971045
4190.0	0.000964677
4191.0	0.000958387
4191.180664	0.000957236
4192.0	0.000952204
4193.0	0.00094606
4194.0	0.000939914
4195.0	0.000933766
4196.0	0.000927695
4197.0	0.000921542
4198.0	0.000915386
4199.0	0.000909228
4200.0	0.000903068
4201.0	0.000896982
4201.183594	0.00089585
4202.0	0.000891402
4203.0	0.000885951
4204.0	0.000880499
4205.0	0.000875045
4206.0	0.000869663
4207.0	0.000864205
4208.0	0.000858744
4209.0	0.000853281
4210.0	0.000847816
4211.0	0.000842421
4211.186035	0.000841403
4212.0	0.000837021
4213.0	0.000831636
4214.0	0.000826248
4215.0	0.000820859
4216.0	0.000815538
4217.0	0.000810144
4218.0	0.000804748
4219.0	0.00079935
4220.0	0.00079395
4221.0	0.000788616
4221.188477	0.000787597
4222.0	0.00078343
4223.0	0.000778293
4224.0	0.000773155
4225.0	0.000768014
4226.0	0.000762937
4227.0	0.000757793
4228.0	0.000752646
4229.0	0.000747497
4230.0	0.000742347
4231.0	0.000737229
4231.191406	0.000736237
4232.0	0.00073249
4233.0	0.000727854
4234.0	0.000723216
4235.0	0.000718578
4236.0	0.000713999
4237.0	0.000709357
4238.0	0.000704714
4239.0	0.00070007
4240.0	0.000695424
4241.0	0.000690836
4241.193848	0.000689934
4242.0	0.000686291
4243.0	0.00068177
4244.0	0.000677248
4245.0	0.000672724
4246.0	0.000668256
4247.0	0.00066373
4248.0	0.000659202
4249.0	0.000654673
4250.0	0.000650142
4251.0	0.00064561
4251.196289	0.000644732
4252.0	0.000641448
4253.0	0.000637305
4254.0	0.000633162
4255.0	0.000629017
4256.0	0.000624871
4257.0	0.000620777
4258.0	0.000616628
4259.0	0.000612478
4260.0	0.000608327
4261.0	0.000604175
4261.199219	0.000603358
4262.0	0.000600273
4263.0	0.000596367
4264.0	0.00059246
4265.0	0.000588553
4266.0	0.000584644
4267.0	0.000580784
4268.0	0.000576872
4269.0	0.00057296
4270.0	0.000569046
4271.0	0.000565131
4271.20166	0.000564342
4272.0	0.000561208
4273.0	0.00055733
4274.0	0.000553402
4275.0	0.000549474
4276.0	0.000545544
4277.0	0.000541613
4278.0	0.000537727
4279.0	0.000533794
4280.0	0.00052986
4281.0	0.000525924
4281.20459	0.000525118
4282.0	0.000522156
4283.0	0.000518476
4284.0	0.000514749
4285.0	0.000511022
4286.0	0.000507293
4287.0	0.000503564
4288.0	0.000499833
4289.0	0.000496144
4290.0	0.000492411
4291.0	0.000488677
4291.207031	0.000487904
4292.0	0.000486543
4293.0	0.000484826
4294.0	0.00048315
4295.0	0.000481432
4296.0	0.000479713
4297.0	0.000477994
4298.0	0.000476275
4299.0	0.000474596
4300.0	0.000472875
4301.0	0.000471154
4301.209473	0.000470793
4302.0	0.000468228
4303.0	0.000464982
4304.0	0.000461736
4305.0	0.000458527
4306.0	0.000455279
4307.0	0.000452029
4308.0	0.000448778
4309.0	0.000445527
4310.0	0.000442312
4311.0	0.000439059
4311.212402	0.000438367
4312.0	0.000435587
4313.0	0.000432057
4314.0	0.000428525
4315.0	0.000424993
4316.0	0.000421495
4317.0	0.000417961
4318.0	0.000414425
4319.0	0.000410888
4320.0	0.00040735
4321.0	0.000403846
4321.214844	0.000403086
4322.0	0.000402035
4323.0	0.000400695
4324.0	0.000399356
4325.0	0.000398015
4326.0	0.000396675
4327.0	0.000395368
4328.0	0.000394027
4329.0	0.000392685
4330.0	0.000391343
4331.0	0.00039
4331.217773	0.000389715
4332.0	0.000387397
4333.0	0.0003844
4334.0	0.000381402
4335.0	0.000378403
4336.0	0.000375404
4337.0	0.000372404
4338.0	0.000369434
4339.0	0.000366432
4340.0	0.000363429
4341.0	0.000360425
4341.220215	0.000359763
4342.0	0.000358434
4343.0	0.00035673
4344.0	0.000355055
4345.0	0.000353349
4346.0	0.000351643
4347.0	0.000349937
4348.0	0.00034823
4349.0	0.000346552
4350.0	0.000344844
4351.0	0.000343135
4351.222656	0.000342754
4352.0	0.000340442
4353.0	0.000337467
4354.0	0.000334491
4355.0	0.000331543
4356.0	0.000328565
4357.0	0.000325587
4358.0	0.000322607
4359.0	0.000319627
4360.0	0.000316646
4361.0	0.000313691
4361.225586	0.000313018
4362.0	0.000311689
4363.0	0.000309973
4364.0	0.000308256
4365.0	0.000306539
4366.0	0.000304847
4367.0	0.000303129
4368.0	0.00030141
4369.0	0.000299691
4370.0	0.000297971
4371.0	0.000296251
4371.228027	0.000295864
4372.0	0.000294666
4373.0	0.000293089
4374.0	0.000291511
4375.0	0.000289932
4376.0	0.000288354
4377.0	0.000286774
4378.0	0.000285219
4379.0	0.000283639
4380.0	0.000282058
4381.0	0.000280477
4381.230469	0.000280113
4382.0	0.00027878
4383.0	0.000277047
4384.0	0.000275338
4385.0	0.000273604
4386.0	0.00027187
4387.0	0.000270135
4388.0	0.0002684
4389.0	0.000266664
4390.0	0.000264951
4391.0	0.000263214
4391.233398	0.000262809
4392.0	0.000262001
4393.0	0.000260948
4394.0	0.000259894
4395.0	0.000258839
4396.0	0.000257807
4397.0	0.000256752
4398.0	0.000255697
4399.0	0.000254641
4400.0	0.000253586
4401.0	0.000252551
4401.23584	0.000252302
4402.0	0.000251473
4403.0	0.000250388
4404.0	0.000249303
4405.0	0.000248217
4406.0	0.000247131
4407.0	0.000246066
4408.0	0.000244979
4409.0	0.000243892
4410.0	0.000242805
4411.0	0.000241717
4411.23877	0.000241457
4412.0	0.000239823
4413.0	0.000237676
4414.0	0.000235548
4415.0	0.000233399
4416.0	0.000231249
4417.0	0.0002291
4418.0	0.000226949
4419.0	0.000224798
4420.0	0.000222665
4421.0	0.000220513
4421.241211	0.000219993
4422.0	0.00021909
4423.0	0.0002179
4424.0	0.000216709
4425.0	0.000215518
4426.0	0.000214345
4427.0	0.000213154
4428.0	0.000211962
4429.0	0.000210769
4430.0	0.000209577
4431.0	0.000208391
4431.244141	0.000208106
4432.0	0.000207457
4433.0	0.000206579
4434.0	0.000205702
4435.0	0.000204824
4436.0	0.000203945
4437.0	0.000203067
4438.0	0.000202205
4439.0	0.000201326
4440.0	0.000200446
4441.0	0.000199566
4441.246582	0.000199349
4442.0	0.000198362
4443.0	0.000197053
4444.0	0.000195759
4445.0	0.000194448
4446.0	0.000193137
4447.0	0.000191826
4448.0	0.000190513
4449.0	0.000189201
4450.0	0.000187904
4451.0	0.00018659
4451.249023	0.000186263
4452.0	0.000185867
4453.0	0.000185339
4454.0	0.000184811
4455.0	0.000184283
4456.0	0.000183754
4457.0	0.000183241
4458.0	0.000182713
4459.0	0.000182183
4460.0	0.000181654
4461.0	0.000181125
4461.251953	0.000180991
4462.0	0.000180052
4463.0	0.00017881
4464.0	0.000177553
4465.0	0.000176295
4466.0	0.000175037
4467.0	0.000173778
4468.0	0.000172519
4469.0	0.000171275
4470.0	0.000170015
4471.0	0.000168754
4471.254395	0.000168434
4472.0	0.000167899
4473.0	0.000167182
4474.0	0.000166464
4475.0	0.000165746
4476.0	0.000165042
4477.0	0.000164324
4478.0	0.000163605
4479.0	0.000162887
4480.0	0.000162167
4481.0	0.000161448
4481.257324	0.000161267
4482.0	0.000160735
4483.0	0.000160004
4484.0	0.000159274
4485.0	0.000158543
4486.0	0.000157812
4487.0	0.00015708
4488.0	0.000156349
4489.0	0.00015563
4490.0	0.000154898
4491.0	0.000154166
4491.259766	0.000153975
4492.0	0.00015332
4493.0	0.000152435
4494.0	0.00015155
4495.0	0.000150677
4496.0	0.000149791
4497.0	0.000148905
4498.0	0.000148018
4499.0	0.000147131
4500.0	0.000146244
4501.0	0.000145342
4501.262207	0.000145108
4502.0	0.000143914
4503.0	0.000142283
4504.0	0.000140651
4505.0	0.000139019
4506.0	0.000137387
4507.0	0.000135755
4508.0	0.000134122
4509.0	0.000132501
4510.0	0.000130868
4511.0	0.000129234
4511.265137	0.000128801
4512.0	0.000128644
4513.0	0.000128431
4514.0	0.000128218
4515.0	0.000128015
4516.0	0.000127801
4517.0	0.000127588
4518.0	0.000127374
4519.0	0.000127161
4520.0	0.000126947
4521.0	0.000126733
4521.267578	0.000126679
4522.0	0.000126323
4523.0	0.000125826
4524.0	0.000125329
4525.0	0.000124832
4526.0	0.000124335
4527.0	0.000123838
4528.0	0.000123341
4529.0	0.000122854
4530.0	0.000122357
4531.0	0.00012186
4531.270508	0.000121725
4532.0	0.000121317
4533.0	0.000120757
4534.0	0.000120198
4535.0	0.000119638
4536.0	0.000119089
4537.0	0.000118529
4538.0	0.000117969
4539.0	0.000117409
4540.0	0.000116849
4541.0	0.000116289
4541.272949	0.000116136
4542.0	0.000116926
4543.0	0.000118024
4544.0	0.000119112
4545.0	0.0001202
4546.0	0.000121288
4547.0	0.000122377
4548.0	0.000123465
4549.0	0.000124554
4550.0	0.000125653
4551.0	0.000126742
4551.275391	0.000127042
4552.0	0.000125809
4553.0	0.000124108
4554.0	0.000122406
4555.0	0.000120704
4556.0	0.000119002
4557.0	0.00011731
4558.0	0.000115607
4559.0	0.000113904
4560.0	0.000112201
4561.0	0.000110498
4561.27832	0.000110024
4562.0	0.000109227
4563.0	0.000108124
4564.0	0.000107029
4565.0	0.000105925
4566.0	0.000104821
4567.0	0.000103717
4568.0	0.000102613
4569.0	0.000101508
4570.0	0.000100403
4571.0	9.93071e-05
4571.280762	9.89969e-05
4572.0	9.85661e-05
4573.0	9.7967e-05
4574.0	9.73678e-05
4575.0	9.67686e-05
4576.0	9.61693e-05
4577.0	9.55699e-05
4578.0	9.49786e-05
4579.0	9.4379e-05
4580.0	9.37794e-05
4581.0	9.31797e-05
4581.283691	9.30095e-05
4582.0	9.23774e-05
4583.0	9.14948e-05
4584.0	9.06122e-05
4585.0	8.97294e-05
4586.0	8.88541e-05
4587.0	8.79711e-05
4588.0	8.70879e-05
4589.0	8.62046e-05
4590.0	8.53212e-05
4591.0	8.44377e-05
4591.286133	8.41849e-05
4592.0	8.43725e-05
4593.0	8.46426e-05
4594.0	8.49055e-05
4595.0	8.51684e-05
4596.0	8.54314e-05
4597.0	8.56943e-05
4598.0	8.59574e-05
4599.0	8.62204e-05
4600.0	8.64909e-05
4601.0	8.6754e-05
4601.288574	8.683e-05
4602.0	8.68103e-05
4603.0	8.67826e-05
4604.0	8.67549e-05
4605.0	8.67273e-05
4606.0	8.66996e-05
4607.0	8.66719e-05
4608.0	8.66516e-05
4609.0	8.66239e-05
4610.0	8.65962e-05
4611.0	8.65685e-05
4611.291504	8.65604e-05
4612.0	8.6181e-05
4613.0	8.56454e-05
4614.0	8.51098e-05
4615.0	8.45813e-05
4616.0	8.40456e-05
4617.0	8.35097e-05
4618.0	8.29738e-05
4619.0	8.24378e-05
4620.0	8.19017e-05
4621.0	8.13655e-05
4621.293945	8.12079e-05
4622.0	8.07394e-05
4623.0	8.00826e-05
4624.0	7.94189e-05
4625.0	7.87551e-05
4626.0	7.80912e-05
4627.0	7.74272e-05
4628.0	7.67631e-05
4629.0	7.6099e-05
4630.0	7.54347e-05
4631.0	7.47752e-05
4631.296875	7.45774e-05
4632.0	7.43772e-05
4633.0	7.40925e-05
4634.0	7.38077e-05
4635.0	7.35229e-05
4636.0	7.32381e-05
4637.0	7.29533e-05
4638.0	7.26684e-05
4639.0	7.23897e-05
4640.0	7.21048e-05
4641.0	7.18198e-05
4641.299316	7.17345e-05
4642.0	7.02397e-05
4643.0	6.81061e-05
4644.0	6.59724e-05
4645.0	6.38385e-05
4646.0	6.17045e-05
4647.0	5.95754e-05
4648.0	5.74408e-05
4649.0	5.53061e-05
4650.0	5.31712e-05
4651.0	5.10362e-05
4651.301758	5.03919e-05
4652.0	5.14396e-05
4653.0	5.29403e-05
4654.0	5.44457e-05
4655.0	5.59467e-05
4656.0	5.74479e-05
4657.0	5.89491e-05
4658.0	6.04505e-05
4659.0	6.1952e-05
4660.0	6.34536e-05
4661.0	6.49554e-05
4661.304688	6.5413e-05
4662.0	6.51701e-05
4663.0	6.48263e-05
4664.0	6.44769e-05
4665.0	6.41275e-05
4666.0	6.3778e-05
4667.0	6.34286e-05
4668.0	6.30791e-05
4669.0	6.27296e-05
4670.0	6.238e-05
4671.0	6.20357e-05
4671.307129	6.19283e-05
4672.0	6.21059e-05
4673.0	6.23623e-05
4674.0	6.26187e-05
4675.0	6.28751e-05
4676.0	6.31315e-05
4677.0	6.3388e-05
4678.0	6.36444e-05
4679.0	6.39064e-05
4680.0	6.41629e-05
4681.0	6.44195e-05
4681.310059	6.4499e-05
4682.0	6.3509e-05
4683.0	6.20741e-05
4684.0	6.0639e-05
4685.0	5.92039e-05
4686.0	5.77686e-05
4687.0	5.6338e-05
4688.0	5.49023e-05
4689.0	5.34666e-05
4690.0	5.20307e-05
4691.0	5.05948e-05
4691.3125	5.0146e-05
4692.0	5.13107e-05
4693.0	5.30049e-05
4694.0	5.46993e-05
4695.0	5.63938e-05
4696.0	5.80934e-05
4697.0	5.97883e-05
4698.0	6.14833e-05
4699.0	6.31785e-05
4700.0	6.48738e-05
4701.0	6.65692e-05
4701.31543	6.71041e-05
4702.0	6.64266e-05
4703.0	6.54369e-05
4704.0	6.44526e-05
4705.0	6.34626e-05
4706.0	6.24726e-05
4707.0	6.14825e-05
4708.0	6.04923e-05
4709.0	5.9502e-05
4710.0	5.85117e-05
4711.0	5.75213e-05
4711.317871	5.72064e-05
4712.0	5.66627e-05
4713.0	5.58702e-05
4714.0	5.50728e-05
4715.0	5.42754e-05
4716.0	5.34779e-05
4717.0	5.26804e-05
4718.0	5.18828e-05
4719.0	5.10851e-05
4720.0	5.02874e-05
4721.0	4.94896e-05
4721.320312	4.92354e-05
4722.0	4.89788e-05
4723.0	4.85969e-05
4724.0	4.82151e-05
4725.0	4.78332e-05
4726.0	4.74513e-05
4727.0	4.70693e-05
4728.0	4.66873e-05
4729.0	4.63053e-05
4730.0	4.59272e-05
4731.0	4.55451e-05
4731.323242	4.54216e-05
4732.0	4.55952e-05
4733.0	4.58519e-05
4734.0	4.61085e-05
4735.0	4.63651e-05
4736.0	4.66218e-05
4737.0	4.68785e-05
4738.0	4.71352e-05
4739.0	4.7396e-05
4740.0	4.76528e-05
4741.0	4.79096e-05
4741.325684	4.79932e-05
4742.0	4.79508e-05
4743.0	4.78879e-05
4744.0	4.7825e-05
4745.0	4.77621e-05
4746.0	4.76992e-05
4747.0	4.76363e-05
4748.0	4.75774e-05
4749.0	4.75145e-05
4750.0	4.74516e-05
4751.0	4.73886e-05
4751.328613	4.73679e-05
4752.0	4.67455e-05
4753.0	4.58184e-05
4754.0	4.48912e-05
4755.0	4.3964e-05
4756.0	4.30366e-05
4757.0	4.21092e-05
4758.0	4.11853e-05
4759.0	4.02576e-05
4760.0	3.93299e-05
4761.0	3.84022e-05
4761.331055	3.8095e-05
4762.0	3.88666e-05
4763.0	4.00201e-05
4764.0	4.11737e-05
4765.0	4.23273e-05
4766.0	4.34811e-05
4767.0	4.46388e-05
4768.0	4.57928e-05
4769.0	4.69469e-05
4770.0	4.81011e-05
4771.0	4.92555e-05
4771.333984	4.9641e-05
4772.0	4.87675e-05
4773.0	4.74559e-05
4774.0	4.61441e-05
4775.0	4.48323e-05
4776.0	4.35204e-05
4777.0	4.22119e-05
4778.0	4.08997e-05
4779.0	3.95874e-05
4780.0	3.82749e-05
4781.0	3.69623e-05
4781.336426	3.65208e-05
4782.0	3.65635e-05
4783.0	3.66279e-05
4784.0	3.66924e-05
4785.0	3.67568e-05
4786.0	3.68244e-05
4787.0	3.68888e-05
4788.0	3.69533e-05
4789.0	3.70178e-05
4790.0	3.70822e-05
4791.0	3.71467e-05
4791.338867	3.71686e-05
4792.0	3.71783e-05
4793.0	3.7193e-05
4794.0	3.72077e-05
4795.0	3.72224e-05
4796.0	3.72402e-05
4797.0	3.72549e-05
4798.0	3.72696e-05
4799.0	3.72843e-05
4800.0	3.72991e-05
4801.0	3.73138e-05
4801.341797	3.73188e-05
4802.0	3.72359e-05
4803.0	3.71099e-05
4804.0	3.69839e-05
4805.0	3.68579e-05
4806.0	3.6735e-05
4807.0	3.6609e-05
4808.0	3.64829e-05
4809.0	3.63569e-05
4810.0	3.62308e-05
4811.0	3.61047e-05
4812.0	3.59786e-05
4813.0	3.58526e-05
4814.0	3.57265e-05
4815.0	3.56004e-05
4816.0	3.54773e-05
4817.0	3.53511e-05
4818.0	3.5225e-05
4819.0	3.50988e-05
4820.0	3.49726e-05
4821.0	3.48465e-05
4821.347168	3.48027e-05
4822.0	3.47286e-05
4823.0	3.46152e-05
4824.0	3.45017e-05
4825.0	3.43882e-05
4826.0	3.42748e-05
4827.0	3.41642e-05
4828.0	3.40507e-05
4829.0	3.39372e-05
4830.0	3.38237e-05
4831.0	3.37098e-05
4832.0	3.35959e-05
4833.0	3.3482e-05
4834.0	3.3368e-05
4835.0	3.32541e-05
4836.0	3.31402e-05
4837.0	3.30291e-05
4838.0	3.29151e-05
4839.0	3.28011e-05
4840.0	3.26872e-05
4841.0	3.25732e-05
4841.352539	3.2533e-05
4842.0	3.24608e-05
4843.0	3.23492e-05
4844.0	3.22377e-05
4845.0	3.21261e-05
4846.0	3.20145e-05
4847.0	3.19029e-05
4848.0	3.1794e-05
4849.0	3.16824e-05
4850.0	3.15708e-05
4851.0	3.14592e-05
4852.0	3.13475e-05
4853.0	3.12359e-05
4854.0	3.11242e-05
