8650.0	0.000103291
8660.0	0.00011027
8670.0	0.000117272
8680.0	0.000124297
8690.0	0.000131343
8700.0	0.000138411
8710.0	0.000145501
8720.0	0.000152614
8730.0	0.000160501
8740.0	0.000168479
8750.0	0.00017655
8760.0	0.000184713
8770.0	0.000192969
8780.0	0.000201318
8790.0	0.000209762
8800.0	0.000218301
8810.0	0.000226619
8820.0	0.000235009
8830.0	0.000243473
8840.0	0.000252434
8842.427734	0.000254625
8850.0	0.000329201
8860.0	0.000428791
8862.432617	0.000453209
8870.0	0.000547568
8880.0	0.000673644
8882.438477	0.000704628
8890.0	0.000876531
8900.0	0.00110639
8902.443359	0.00116187
8910.0	0.00154301
8920.0	0.00204953
8922.449219	0.00217439
8930.0	0.00297259
8940.0	0.00403235
8942.454102	0.0042932
8950.0	0.00575339
8960.0	0.00770299
8962.459961	0.00818284
8970.0	0.0113336
8980.0	0.0155429
8982.464844	0.0165812
8990.0	0.0232699
9000.0	0.0321841
9002.470703	0.0343804
9010.0	0.0479692
9020.0	0.0659926
9022.476562	0.0704715
9030.0	0.0937733
9040.0	0.124801
9042.481445	0.13251
9050.0	0.163915
9060.0	0.20593
9062.487305	0.216361
9070.0	0.247028
9080.0	0.288164
9082.492188	0.298379
9090.0	0.319501
9100.0	0.34769
9102.498047	0.354816
9110.0	0.366039
9120.0	0.380735
9122.50293	0.3845
9130.0	0.390064
9140.0	0.397183
9142.508789	0.399056
9150.0	0.401332
9160.0	0.404045
9162.513672	0.404813
9170.0	0.404558
9180.0	0.403879
9182.519531	0.403794
9190.0	0.402119
9200.0	0.399541
9202.524414	0.398906
9210.0	0.397069
9220.0	0.394279
9222.530273	0.393657
9230.0	0.393446
9240.0	0.393179
9242.535156	0.393196
9250.0	0.395289
9260.0	0.39777
9262.541016	0.398487
9270.0	0.401167
9280.0	0.404434
9282.546875	0.405355
9290.0	0.407049
9300.0	0.408987
9302.551758	0.40957
9310.0	0.409755
9320.0	0.40966
9322.557617	0.409724
9330.0	0.409074
9340.0	0.407853
9342.5625	0.407628
9350.0	0.407373
9360.0	0.406685
9362.568359	0.406596
9370.0	0.407886
9380.0	0.409281
9382.573242	0.409729
9390.0	0.412109
9400.0	0.415325
9402.579102	0.415964
9410.0	0.418212
9420.0	0.421597
9422.583984	0.422381
9430.0	0.423301
9440.0	0.425136
9442.589844	0.425519
9450.0	0.425086
9460.0	0.424858
9462.594727	0.424798
9470.0	0.423337
9480.0	0.420999
9482.600586	0.420483
9490.0	0.419467
9500.0	0.418087
9502.606445	0.417617
9510.0	0.41733
9520.0	0.417291
9522.611328	0.417188
9530.0	0.418159
9540.0	0.419829
9542.617188	0.420266
9550.0	0.421665
9560.0	0.423202
9562.62207	0.423699
9570.0	0.424572
9580.0	0.425754
9582.62793	0.42597
9590.0	0.425138
9600.0	0.424365
9602.632812	0.424119
9610.0	0.422653
9620.0	0.420297
9622.638672	0.419768
9630.0	0.418423
9640.0	0.416754
9642.643555	0.416217
9650.0	0.415982
9660.0	0.416012
9662.649414	0.416019
9670.0	0.417466
9680.0	0.419078
9682.655273	0.4196
9690.0	0.422077
9700.0	0.425454
9702.660156	0.426256
9710.0	0.428221
9720.0	0.431262
9722.666016	0.432073
9730.0	0.433504
9740.0	0.435084
9742.670898	0.435604
9750.0	0.436011
9760.0	0.436561
9762.676758	0.436707
9770.0	0.437123
9780.0	0.437313
9782.681641	0.437462
9790.0	0.438172
9800.0	0.439138
9802.6875	0.439334
9810.0	0.440996
9820.0	0.442887
9822.692383	0.443496
9830.0	0.445773
9840.0	0.449117
9842.698242	0.450019
9850.0	0.452209
9860.0	0.454819
9862.703125	0.455628
9870.0	0.456498
9880.0	0.457685
9882.708984	0.458005
9890.0	0.45721
9900.0	0.455719
9902.714844	0.455418
9910.0	0.453491
9920.0	0.450832
9922.719727	0.450105
9930.0	0.448428
9940.0	0.446111
9942.725586	0.445373
9950.0	0.444079
9960.0	0.442668
9962.730469	0.44228
9970.0	0.442553
9980.0	0.44292
9982.736328	0.443018
9990.0	0.443823
10000.0	0.444541
10002.741211	0.444909
10010.0	0.446241
10020.0	0.448072
10022.74707	0.448574
10030.0	0.449013
10040.0	0.449612
10042.751953	0.449669
10050.0	0.448605
10060.0	0.447511
10062.757812	0.447207
10070.0	0.445584
10080.0	0.443329
10082.762695	0.442703
10090.0	0.441403
10100.0	0.439594
10102.768555	0.439091
10110.0	0.437945
10120.0	0.435976
10122.774414	0.435531
10130.0	0.435747
10140.0	0.436041
10142.779297	0.436121
10150.0	0.437277
10160.0	0.438877
10162.785156	0.439321
10170.0	0.440802
10180.0	0.442852
10182.790039	0.443317
10190.0	0.444208
10200.0	0.445822
10202.795898	0.44628
10210.0	0.447082
10220.0	0.448191
10222.800781	0.448501
10230.0	0.448706
10240.0	0.448987
10242.806641	0.449064
10250.0	0.449436
10260.0	0.449949
10262.811523	0.450091
10270.0	0.450997
10280.0	0.452255
10282.817383	0.452499
10290.0	0.454133
10300.0	0.456798
10302.823242	0.45755
10310.0	0.460287
10320.0	0.464102
10322.828125	0.465181
10330.0	0.468254
10340.0	0.472543
10342.833984	0.473759
10350.0	0.476014
10360.0	0.479161
10362.838867	0.480055
10370.0	0.481503
10380.0	0.483524
10382.84375	0.484099
10390.0	0.484314
10400.0	0.484611
10402.849609	0.4847
10410.0	0.483741
10420.0	0.482394
10422.855469	0.482007
10430.0	0.481162
10440.0	0.479974
10442.861328	0.479633
10450.0	0.478992
10460.0	0.477677
10462.866211	0.477417
10470.0	0.477725
10480.0	0.478154
10482.87207	0.478277
10490.0	0.479202
10500.0	0.480499
10502.876953	0.48076
10510.0	0.481531
10520.0	0.482612
10522.881836	0.482923
10530.0	0.483533
10540.0	0.484387
10542.887695	0.484634
10550.0	0.484638
10560.0	0.484642
10562.892578	0.484643
10570.0	0.484007
10580.0	0.483109
10582.899414	0.482849
10590.0	0.482157
10600.0	0.481182
10602.904297	0.480888
10610.0	0.480188
10620.0	0.4792
10622.910156	0.478913
10630.0	0.478566
10640.0	0.478077
10642.915039	0.477934
10650.0	0.477976
10660.0	0.478036
10662.919922	0.478053
10670.0	0.478574
10680.0	0.47931
10682.925781	0.479646
10690.0	0.480033
10700.0	0.480169
10702.930664	0.480209
10710.0	0.480252
10720.0	0.480314
10722.936523	0.480332
10730.0	0.479915
10740.0	0.479326
10742.942383	0.479153
10750.0	0.478772
10760.0	0.478234
10762.948242	0.478076
10770.0	0.478105
10780.0	0.478146
10782.953125	0.478158
10790.0	0.478224
10800.0	0.478318
10802.958008	0.478353
10810.0	0.479144
10820.0	0.48027
10822.963867	0.480604
10830.0	0.481787
10840.0	0.483471
10842.96875	0.483972
10850.0	0.485494
10860.0	0.487663
10862.974609	0.488434
10870.0	0.489903
10880.0	0.491577
10882.980469	0.492077
10890.0	0.492794
10900.0	0.49382
10902.986328	0.494127
10910.0	0.494371
10920.0	0.494722
10922.991211	0.494828
10930.0	0.494758
10940.0	0.494661
10942.996094	0.494633
10950.0	0.494444
10960.0	0.494176
10963.001953	0.494097
10970.0	0.493682
10980.0	0.493516
10983.006836	0.49334
10990.0	0.493267
11000.0	0.493064
11003.012695	0.493021
11010.0	0.492939
11020.0	0.492822
11023.017578	0.492787
11030.0	0.492457
11040.0	0.491984
11043.024414	0.491841
11050.0	0.491193
11060.0	0.490262
11063.029297	0.490108
11070.0	0.489397
11080.0	0.487956
11083.03418	0.487518
11090.0	0.486195
11100.0	0.484294
11103.040039	0.483716
11110.0	0.482498
11120.0	0.480747
11123.044922	0.480214
11130.0	0.479066
11140.0	0.477414
11143.050781	0.477035
11150.0	0.476418
11160.0	0.47512
11163.055664	0.474723
11170.0	0.474229
11180.0	0.473516
11183.060547	0.473298
11190.0	0.473175
11200.0	0.472998
11203.067383	0.473076
11210.0	0.473658
11220.0	0.474094
11223.072266	0.474228
11230.0	0.474955
11240.0	0.476006
11243.078125	0.476329
11250.0	0.477235
11260.0	0.478543
11263.083008	0.478947
11270.0	0.479728
11280.0	0.48127
11283.088867	0.48162
11290.0	0.482704
11300.0	0.484274
11303.09375	0.48476
11310.0	0.485597
11320.0	0.486809
11323.098633	0.487185
11330.0	0.487525
11340.0	0.488436
11343.105469	0.488589
11350.0	0.48909
11360.0	0.489816
11363.110352	0.490042
11370.0	0.490614
11380.0	0.491444
11383.116211	0.491834
11390.0	0.492589
11400.0	0.493267
11403.121094	0.493489
11410.0	0.493856
11420.0	0.494389
11423.126953	0.494555
11430.0	0.495117
11440.0	0.495936
11443.131836	0.496325
11450.0	0.497286
11460.0	0.498262
11463.136719	0.498568
11470.0	0.499113
11480.0	0.499909
11483.142578	0.500159
11490.0	0.500438
11500.0	0.501273
11503.148438	0.501393
11510.0	0.500977
11520.0	0.50037
11523.154297	0.500179
11530.0	0.499282
11540.0	0.497971
11543.15918	0.49769
11550.0	0.496743
11560.0	0.494933
11563.165039	0.49436
11570.0	0.493193
11580.0	0.491484
11583.169922	0.490942
11590.0	0.490024
11600.0	0.489094
11603.174805	0.488667
11610.0	0.488444
11620.0	0.488118
11623.180664	0.488014
11630.0	0.48863
11640.0	0.48995
11643.185547	0.490238
11650.0	0.491123
11660.0	0.492422
11663.192383	0.492837
11670.0	0.494168
11680.0	0.496125
11683.197266	0.496886
11690.0	0.498614
11700.0	0.500734
11703.203125	0.501413
11710.0	0.502676
11720.0	0.504535
11723.208008	0.50527
11730.0	0.506594
11740.0	0.508115
11743.212891	0.508604
11750.0	0.509512
11760.0	0.510851
11763.21875	0.511282
11770.0	0.511868
11780.0	0.513169
11783.223633	0.513448
11790.0	0.512962
11800.0	0.512243
11803.230469	0.511987
11810.0	0.509788
11820.0	0.506967
11823.235352	0.505914
11830.0	0.502226
11840.0	0.49677
11843.241211	0.495002
11850.0	0.491062
11860.0	0.48564
11863.246094	0.483745
11870.0	0.482057
11880.0	0.479558
11883.250977	0.478745
11890.0	0.480962
11900.0	0.484658
11903.256836	0.48573
11910.0	0.492053
11920.0	0.501435
11923.261719	0.504496
11930.0	0.505661
11940.0	0.507391
11943.267578	0.508096
11950.0	0.485601
11960.0	0.451743
11963.273438	0.440656
11970.0	0.392276
11980.0	0.320321
11983.279297	0.296798
11990.0	0.252677
12000.0	0.186747
12003.28418	0.165093
12010.0	0.139228
12020.0	0.100689
12023.289062	0.0880317
12030.0	0.07456
12040.0	0.0543983
12043.294922	0.0477518
12050.0	0.0408056
12060.0	0.0304394
12063.299805	0.0270246
12070.0	0.0232917
12080.0	0.017694
12083.305664	0.0158427
12090.0	0.0137206
12100.0	0.0105485
12103.310547	0.00950055
12110.0	0.00829167
12120.0	0.00647536
12123.317383	0.00587251
12130.0	0.00506883
12140.0	0.00386542
12143.322266	0.00346638
12150.0	0.00300883
12160.0	0.00232029
12163.328125	0.00209101
12170.0	0.00179663
12180.0	0.00135512
12183.333008	0.00120822
12190.0	0.00107602
12200.0	0.000876584
12203.337891	0.000809954
12210.0	0.000698658
12220.0	0.000531964
12223.34375	0.000476007
12230.0	0.000382496
12240.0	0.000241942
12243.348633	0.000194857
12250.0	0.000148097
